8, 8, 27, 8, pa1-debug-g-calreadings.txt
   -3.35,   -10.38, -1499.96
   -3.01,    -9.35, -1349.96
   -2.41,   139.61, -1501.00
   -2.07,   140.65, -1351.00
  146.65,   -11.32, -1500.29
  146.98,   -10.29, -1350.29
  147.59,   138.67, -1501.33
  147.92,   139.71, -1351.33
  208.74,   200.68, -1292.49
  213.41,   209.81, -1042.70
  213.05,   450.47, -1301.70
  217.73,   459.60, -1051.91
  458.66,   196.20, -1297.00
  463.33,   205.33, -1047.21
  462.97,   445.99, -1306.22
  467.65,   455.12, -1056.43
  213.95,   215.68,   210.99
  209.28,   219.89,   332.85
  206.24,   221.55,   455.30
  214.36,   334.90,   207.17
  213.28,   341.68,   331.11
  213.23,   345.45,   453.99
  214.85,   455.26,   200.95
  217.17,   463.52,   327.04
  220.24,   469.36,   452.63
  341.38,   215.82,   213.46
  338.31,   217.06,   333.28
  337.31,   214.73,   453.86
  338.67,   336.91,   208.70
  338.52,   337.21,   330.13
  340.51,   337.07,   451.74
  336.02,   457.88,   201.17
  338.72,   460.35,   324.79
  343.43,   463.19,   449.51
  467.16,   211.73,   212.41
  466.18,   211.51,   331.83
  467.42,   209.01,   452.54
  462.55,   335.57,   205.20
  462.98,   332.75,   326.25
  466.66,   331.82,   450.14
  457.87,   460.03,   196.10
  460.18,   458.66,   319.84
  465.45,   460.09,   446.76
  -10.18,   -13.92, -1499.90
   -9.17,   -12.53, -1349.91
   -9.78,   136.08, -1501.30
   -8.76,   137.47, -1351.31
  139.81,   -14.33, -1500.92
  140.83,   -12.94, -1350.93
  140.22,   135.66, -1502.31
  141.23,   137.06, -1352.32
  201.50,   199.09, -1052.10
  205.64,   198.43,  -802.13
  206.30,   449.04, -1051.52
  210.43,   448.38,  -801.55
  451.42,   194.31, -1056.24
  455.56,   193.65,  -806.28
  456.21,   444.26, -1055.66
  460.35,   443.60,  -805.70
  199.87,   213.09,   447.20
  200.27,   207.20,   573.69
  204.79,   198.98,   703.95
  207.26,   336.66,   451.16
  209.31,   330.28,   574.86
  214.82,   321.26,   700.17
  215.04,   460.68,   454.96
  217.89,   455.22,   577.73
  221.83,   446.47,   699.52
  330.63,   206.31,   446.43
  334.44,   198.64,   571.55
  342.75,   193.25,   701.42
  334.48,   328.15,   449.52
  339.04,   324.24,   574.58
  345.65,   323.50,   702.78
  338.54,   453.89,   452.51
  342.40,   453.07,   578.14
  346.06,   453.77,   704.14
  461.01,   199.70,   446.03
  466.22,   194.07,   569.98
  475.34,   191.74,   697.95
  460.98,   321.87,   448.86
  466.90,   322.10,   575.20
  473.64,   327.12,   703.95
  460.69,   449.59,   450.79
  465.53,   452.11,   579.53
  468.94,   459.85,   708.51
   11.49,    -8.97, -1499.93
   10.34,    -8.08, -1349.94
   12.71,   141.02, -1500.82
   11.56,   141.92, -1350.82
  161.48,   -10.19, -1498.77
  160.33,    -9.29, -1348.78
  162.70,   139.81, -1499.66
  161.55,   140.70, -1349.67
  224.19,   439.03, -1290.25
  219.78,   438.76, -1040.29
  219.53,   688.99, -1290.06
  215.12,   688.71, -1040.10
  474.11,   443.69, -1285.84
  469.70,   443.41, -1035.88
  469.45,   693.65, -1285.65
  465.04,   693.37, -1035.69
  212.40,   443.32,   210.06
  211.39,   447.33,   336.16
  210.56,   447.99,   461.28
  208.27,   569.66,   207.13
  208.52,   571.86,   335.67
  209.07,   572.64,   463.29
  203.03,   701.10,   205.16
  201.84,   698.26,   334.23
  202.34,   696.98,   463.29
  333.65,   450.35,   213.26
  333.51,   448.18,   336.85
  334.56,   446.43,   461.49
  330.91,   574.80,   209.66
  330.91,   575.35,   336.02
  332.30,   575.28,   462.72
  331.69,   702.81,   208.72
  329.27,   704.96,   336.03
  328.33,   704.90,   463.04
  455.30,   456.91,   211.44
  454.99,   450.37,   335.52
  457.17,   447.71,   462.52
  453.45,   582.28,   210.01
  453.07,   580.18,   335.16
  454.09,   578.76,   462.89
  458.86,   708.01,   213.01
  455.48,   710.85,   337.61
  452.49,   709.56,   462.37
    6.63,    11.69, -1499.94
    5.97,    10.52, -1349.95
    5.48,   161.68, -1498.78
    4.81,   160.51, -1348.78
  156.62,    12.84, -1499.27
  155.96,    11.67, -1349.27
  155.47,   162.83, -1498.10
  154.81,   161.66, -1348.11
  209.94,   458.81, -1045.45
  204.72,   451.53,  -795.61
  209.63,   708.71, -1038.17
  204.41,   701.42,  -788.33
  459.88,   458.97, -1040.23
  454.67,   451.68,  -790.39
  459.57,   708.86, -1032.95
  454.36,   701.58,  -783.11
  211.02,   450.64,   450.97
  210.47,   443.97,   573.87
  211.37,   433.48,   695.35
  213.54,   574.78,   454.54
  212.80,   570.05,   577.98
  211.91,   562.32,   698.53
  211.00,   699.81,   456.13
  209.84,   697.00,   581.16
  207.43,   694.39,   703.59
  335.00,   444.48,   451.66
  335.64,   442.08,   576.90
  336.16,   441.31,   702.91
  336.92,   573.56,   454.62
  336.45,   570.94,   580.40
  334.61,   567.84,   704.81
  336.94,   703.38,   456.62
  335.30,   698.26,   581.62
  332.58,   691.46,   705.42
  457.76,   441.24,   453.33
  459.46,   443.01,   582.17
  459.46,   449.03,   710.67
  458.69,   572.44,   455.61
  457.93,   571.79,   583.58
  455.58,   574.31,   711.77
  461.51,   703.75,   457.12
  458.01,   697.16,   582.03
  454.82,   691.27,   708.15
    3.68,    -1.25, -1499.99
    3.31,    -1.13, -1350.00
    4.32,   148.74, -1500.12
    3.95,   148.87, -1350.12
  153.68,    -1.89, -1499.63
  153.31,    -1.77, -1349.63
  154.31,   148.11, -1499.75
  153.95,   148.23, -1349.75
  452.11,   205.69, -1288.54
  445.95,   198.59, -1038.72
  453.11,   455.58, -1281.42
  446.95,   448.49, -1031.59
  702.03,   204.51, -1282.41
  695.87,   197.41, -1032.58
  703.03,   454.40, -1275.29
  696.87,   447.31, -1025.46
  455.24,   213.00,   217.75
  449.02,   205.28,   337.07
  445.17,   195.79,   457.37
  448.85,   335.73,   217.87
  444.90,   325.80,   339.07
  443.74,   317.97,   462.54
  443.07,   459.76,   216.34
  441.28,   450.93,   340.56
  442.24,   445.67,   467.03
  578.80,   206.14,   215.63
  573.83,   199.85,   337.31
  571.42,   194.50,   460.13
  572.81,   332.48,   213.83
  569.23,   323.64,   338.77
  568.61,   318.48,   465.84
  567.59,   460.69,   213.46
  564.97,   451.92,   340.51
  564.94,   446.95,   471.00
  700.01,   199.73,   210.29
  694.70,   196.76,   335.61
  691.15,   197.74,   461.68
  697.24,   328.07,   209.38
  692.34,   324.53,   338.48
  689.93,   323.48,   468.65
  695.99,   459.31,   211.54
  691.59,   454.25,   341.97
  688.89,   450.64,   474.84
   10.59,    -2.55, -1499.96
    9.53,    -2.30, -1349.96
    9.74,   147.44, -1500.22
    8.68,   147.70, -1350.23
  160.58,    -1.70, -1498.90
  159.52,    -1.44, -1348.91
  159.73,   148.30, -1499.16
  158.67,   148.55, -1349.17
  457.06,   209.60, -1048.86
  453.06,   210.93,  -798.90
  448.98,   459.46, -1050.32
  444.98,   460.79,  -800.36
  706.90,   217.70, -1044.90
  702.90,   219.03,  -794.94
  698.82,   467.57, -1046.37
  694.82,   468.90,  -796.40
  453.50,   203.56,   445.44
  456.75,   199.53,   569.63
  463.01,   199.13,   697.67
  448.25,   325.67,   446.47
  451.84,   327.31,   572.68
  456.04,   334.01,   701.44
  443.07,   453.23,   446.29
  445.68,   457.37,   574.85
  446.35,   466.28,   703.45
  579.44,   205.36,   446.73
  581.23,   206.00,   571.33
  584.79,   209.30,   696.87
  572.51,   329.40,   447.66
  575.43,   333.66,   576.17
  578.80,   342.16,   703.71
  566.17,   457.89,   447.68
  568.06,   462.51,   578.32
  569.37,   472.22,   707.41
  699.07,   211.30,   446.19
  697.39,   217.87,   571.74
  696.54,   222.84,   695.76
  694.35,   337.70,   448.72
  695.19,   342.41,   577.61
  697.12,   346.32,   702.34
  690.10,   465.10,   449.74
  690.90,   466.89,   580.70
  692.69,   470.63,   707.21
   11.71,    -5.47, -1499.94
   10.54,    -4.92, -1349.95
   13.14,   144.53, -1500.48
   11.97,   145.07, -1350.49
  161.70,    -6.89, -1498.77
  160.53,    -6.35, -1348.77
  163.13,   143.10, -1499.30
  161.96,   143.65, -1349.31
  463.66,   440.93, -1289.96
  467.81,   438.37, -1040.01
  467.63,   690.88, -1287.47
  471.77,   688.33, -1037.52
  713.60,   437.01, -1294.15
  717.74,   434.45, -1044.19
  717.56,   686.96, -1291.66
  721.71,   684.41, -1041.71
  444.66,   451.55,   206.64
  448.31,   444.38,   330.61
  454.35,   440.30,   457.37
  446.50,   576.81,   205.51
  450.14,   574.20,   330.94
  455.46,   571.72,   458.47
  455.30,   702.36,   209.23
  456.45,   704.68,   333.92
  458.28,   702.92,   458.77
  569.56,   451.60,   197.96
  572.32,   445.03,   324.41
  577.57,   441.37,   454.54
  571.06,   580.04,   199.96
  573.66,   575.12,   325.56
  577.75,   570.78,   454.79
  578.75,   705.42,   206.63
  579.84,   703.54,   329.23
  580.71,   699.29,   453.63
  697.36,   448.77,   190.03
  698.92,   446.38,   319.10
  701.38,   444.50,   451.99
  698.39,   580.13,   194.82
  699.98,   574.79,   321.59
  702.31,   569.94,   452.28
  700.15,   707.10,   201.77
  701.92,   698.64,   324.22
  702.95,   692.45,   449.69
   10.58,    13.80, -1499.90
    9.52,    12.42, -1349.91
   11.24,   163.79, -1498.51
   10.19,   162.41, -1348.52
  160.57,    13.12, -1498.85
  159.51,    11.74, -1348.86
  161.24,   163.12, -1497.46
  160.18,   161.74, -1347.47
  460.70,   458.44, -1044.50
  458.17,   462.39,  -794.54
  455.83,   708.36, -1048.50
  453.30,   712.31,  -798.54
  710.64,   463.35, -1042.04
  708.11,   467.30,  -792.09
  705.77,   713.27, -1046.04
  703.24,   717.22,  -796.09
  450.30,   444.79,   447.03
  453.19,   452.13,   575.83
  454.97,   464.12,   704.39
  447.60,   575.83,   443.35
  448.54,   580.73,   571.31
  447.42,   587.82,   698.75
  446.58,   707.47,   439.37
  445.29,   707.24,   564.27
  443.61,   705.13,   689.28
  573.29,   449.63,   447.97
  576.09,   457.03,   578.48
  577.78,   468.93,   707.33
  569.99,   579.12,   443.04
  570.32,   583.90,   572.45
  569.29,   592.49,   700.93
  569.50,   708.17,   437.78
  566.58,   708.74,   562.27
  563.57,   710.64,   688.33
  697.34,   456.63,   448.89
  698.60,   461.16,   580.01
  701.27,   466.58,   706.02
  694.04,   581.97,   443.86
  693.19,   585.38,   573.57
  693.09,   592.42,   699.88
  691.65,   705.00,   436.46
  687.61,   708.91,   561.64
  683.74,   718.32,   687.42
