27, 125, pa2-debug-c-output1.txt
  208.64,   208.54,   205.79
  392.61,   395.94,   206.81
   99.80,   101.22,    99.36
  101.78,    98.29,   224.24
  103.78,    95.28,   349.13
  100.10,   226.31,   102.50
  102.19,   223.38,   227.37
  104.22,   220.18,   352.20
  100.62,   351.36,   105.46
  102.50,   348.14,   230.50
  104.57,   344.98,   355.48
  224.79,   101.14,    97.49
  226.79,    98.18,   222.40
  228.87,    94.76,   347.22
  224.98,   226.17,   100.58
  227.06,   223.18,   225.53
  229.39,   219.62,   350.26
  225.62,   351.00,   103.56
  227.48,   347.87,   228.59
  229.61,   344.64,   353.50
  349.90,   100.97,    95.64
  351.70,    97.97,   220.68
  353.51,    94.11,   345.43
  350.23,   225.95,    98.71
  352.02,   222.88,   223.63
  353.89,   219.10,   348.50
  350.50,   350.41,   101.98
  352.32,   347.40,   226.86
  354.17,   344.34,   351.48
   98.34,   100.71,   224.51
   99.07,   101.91,   349.43
   99.65,   103.04,   474.37
   97.61,   225.83,   223.43
   98.34,   226.85,   348.32
   98.94,   227.81,   473.23
   96.75,   350.62,   222.35
   97.54,   351.67,   347.38
   98.12,   352.74,   472.46
  223.38,   101.70,   223.92
  224.22,   102.50,   348.77
  224.88,   103.42,   473.59
  222.48,   226.73,   222.85
  223.56,   227.41,   347.64
  224.24,   228.33,   472.50
  221.75,   351.46,   221.70
  222.60,   352.45,   346.68
  223.30,   353.52,   471.75
  348.29,   102.60,   223.45
  348.86,   102.94,   348.26
  349.57,   103.65,   473.13
  347.45,   227.53,   222.21
  348.08,   228.00,   347.12
  348.75,   228.85,   472.08
  346.62,   352.08,   221.25
  347.21,   353.26,   345.92
  347.90,   354.34,   470.77
   99.63,    98.30,   351.22
   98.40,    99.40,   476.17
   96.99,   100.44,   601.09
  103.38,   223.19,   350.17
  102.18,   224.11,   475.07
  100.77,   225.16,   600.01
  107.03,   347.97,   349.32
  105.83,   348.99,   474.41
  104.55,   349.99,   599.38
  224.70,    94.45,   352.39
  223.55,    95.37,   477.23
  222.08,    96.69,   602.15
  228.52,   219.29,   351.31
  227.40,   220.18,   476.17
  225.56,   221.48,   601.19
  232.02,   344.30,   350.42
  230.91,   345.32,   475.48
  229.33,   346.35,   600.68
  349.30,    90.44,   353.68
  348.22,    91.14,   478.53
  346.99,    92.64,   603.54
  352.98,   215.41,   352.65
  351.86,   216.22,   477.62
  350.51,   217.67,   602.53
  356.55,   340.65,   351.51
  355.45,   341.65,   476.36
  354.38,   342.65,   601.55
   98.51,    98.62,   474.72
   98.97,    96.65,   599.64
   99.34,    94.62,   724.62
   96.31,   223.36,   476.62
   96.80,   221.40,   601.54
   97.18,   219.56,   726.66
   93.99,   348.25,   478.91
   94.65,   346.24,   603.84
   95.23,   344.35,   728.78
  223.72,   100.52,   473.89
  224.10,    98.82,   598.82
  224.33,    97.17,   723.84
  221.60,   225.40,   475.86
  221.62,   223.65,   600.87
  221.55,   222.00,   725.97
  219.16,   350.54,   478.21
  219.43,   348.54,   603.39
  219.77,   346.54,   728.51
  348.40,   102.25,   473.39
  349.03,   100.72,   598.35
  349.54,    99.56,   723.41
  346.10,   227.41,   475.41
  346.62,   225.80,   600.35
  347.04,   224.50,   725.44
  343.76,   352.87,   477.19
  344.53,   350.81,   602.39
  345.10,   348.82,   727.82
   98.26,    99.90,   600.14
   95.32,    96.19,   725.07
   92.66,    92.40,   850.22
   97.51,   224.63,   603.71
   94.60,   221.11,   728.76
   91.98,   217.39,   853.96
   96.79,   349.46,   607.68
   94.04,   345.89,   732.53
   91.31,   342.14,   857.58
  223.36,   100.58,   602.64
  220.25,    97.22,   727.61
  217.90,    93.43,   853.01
  222.29,   225.39,   606.37
  218.90,   222.05,   731.40
  216.62,   218.49,   856.57
  221.54,   350.25,   610.55
  218.56,   346.56,   735.59
  215.99,   342.92,   860.38
  348.29,   101.00,   605.51
  345.47,    98.14,   730.51
  343.28,    94.71,   855.72
  347.30,   226.05,   609.17
  344.39,   223.07,   734.21
  342.37,   219.63,   859.46
  346.65,   351.00,   612.90
  343.86,   347.34,   738.26
  341.29,   343.72,   863.08
  100.24,   224.10,   101.62
  102.51,   222.53,   226.51
  104.73,   220.67,   351.36
   98.69,   349.17,   103.27
  100.74,   347.30,   228.33
  102.98,   345.48,   353.33
   97.12,   474.26,   104.90
   98.77,   471.93,   230.08
  101.21,   470.31,   355.15
  225.11,   226.04,    99.55
  227.36,   224.39,   224.52
  229.87,   222.18,   349.28
  223.67,   350.89,   101.21
  225.70,   349.10,   226.27
  228.00,   347.22,   351.21
  222.30,   475.74,   102.88
  224.14,   473.80,   228.00
  226.09,   472.26,   353.07
  350.35,   227.88,    97.54
  352.31,   226.16,   222.48
  354.36,   223.74,   347.37
  348.53,   352.36,    99.48
  350.54,   350.69,   224.40
  352.57,   348.99,   349.04
  346.81,   477.01,   101.39
  348.83,   475.39,   226.24
  350.85,   474.20,   350.77
   98.91,   226.32,   226.08
   97.89,   222.86,   350.92
   96.74,   219.35,   475.77
  100.40,   351.06,   229.49
   99.44,   347.64,   354.47
   98.27,   344.22,   479.49
  101.71,   475.65,   232.84
  100.97,   472.44,   357.90
   99.89,   469.27,   483.01
  223.78,   224.85,   227.21
  223.12,   221.05,   351.94
  222.04,   217.50,   476.75
  225.38,   349.53,   230.56
  224.51,   346.04,   355.48
  223.44,   342.62,   480.50
  227.08,   474.21,   233.90
  225.86,   471.07,   358.94
  224.83,   467.83,   484.08
  348.73,   223.28,   228.28
  347.62,   219.24,   353.15
  346.55,   215.61,   478.07
  350.23,   347.81,   231.79
  349.09,   344.47,   356.42
  348.04,   341.04,   481.26
  351.78,   472.50,   235.22
  350.63,   469.68,   359.73
  349.60,   466.41,   484.56
  100.56,   225.94,   350.48
  102.85,   227.07,   475.36
  104.88,   228.32,   600.28
   96.75,   350.71,   349.45
   99.01,   351.94,   474.51
  101.24,   353.15,   599.47
   92.93,   475.48,   348.25
   95.30,   476.98,   473.38
   97.59,   478.24,   598.41
  225.69,   229.48,   348.10
  228.04,   230.57,   472.95
  229.69,   232.04,   597.97
  221.74,   354.47,   347.05
  224.10,   355.71,   472.10
  226.02,   356.93,   597.29
  217.77,   479.44,   345.91
  220.16,   480.90,   471.06
  222.42,   482.04,   596.28
  350.13,   233.07,   345.87
  352.47,   234.08,   470.82
  354.63,   235.65,   595.75
  346.28,   358.27,   344.58
  348.63,   359.53,   469.39
  351.04,   360.67,   594.57
  342.50,   483.40,   343.34
  344.86,   484.88,   468.15
  347.38,   485.76,   593.41
  101.10,   225.73,   474.48
   97.86,   226.97,   599.39
   94.59,   228.35,   724.48
  102.29,   350.65,   473.61
   99.21,   351.85,   598.53
   96.10,   353.16,   723.41
  103.58,   475.74,   472.50
  100.55,   476.98,   597.49
   97.53,   478.21,   722.28
  226.34,   224.27,   477.41
  222.65,   225.75,   602.41
  218.88,   227.30,   727.50
  227.40,   349.45,   476.54
  223.98,   350.67,   601.72
  220.64,   351.86,   726.83
  228.47,   474.71,   475.47
  225.41,   475.81,   600.70
  222.43,   476.68,   725.71
  350.81,   222.80,   480.67
  347.62,   224.43,   605.56
  344.34,   226.34,   730.64
  351.97,   348.27,   479.22
  349.05,   349.44,   604.41
  345.92,   350.66,   729.82
  353.20,   473.69,   477.91
  350.44,   474.53,   603.21
  347.50,   475.15,   728.68
   99.80,   223.02,   598.27
   97.49,   223.09,   723.38
   95.48,   222.98,   848.65
   96.97,   347.87,   598.62
   94.87,   347.88,   723.54
   92.75,   347.76,   848.63
   94.13,   472.97,   598.78
   92.11,   472.90,   723.60
   89.84,   472.79,   848.49
  224.60,   225.94,   600.28
  221.83,   226.20,   725.38
  220.13,   226.25,   850.61
  221.74,   350.84,   600.82
  219.39,   350.73,   725.95
  217.44,   350.66,   850.82
  218.98,   475.96,   601.04
  217.00,   475.54,   726.05
  214.91,   475.22,   850.90
  349.56,   228.77,   602.41
  347.29,   229.36,   727.53
  345.83,   229.55,   852.83
  346.80,   353.77,   602.48
  344.68,   353.66,   727.92
  342.67,   353.61,   852.89
  343.99,   478.85,   602.53
  342.06,   478.16,   728.01
  339.71,   478.03,   852.85
  100.24,   351.49,    98.43
   97.95,   351.68,   223.51
   95.84,   351.95,   348.52
  102.50,   476.63,    97.97
   99.72,   476.33,   223.18
   97.84,   476.76,   348.25
  104.46,   601.51,    97.66
  101.62,   601.11,   222.82
   99.81,   601.69,   347.82
  225.20,   349.43,   100.70
  222.91,   349.72,   225.76
  220.89,   349.92,   350.72
  227.56,   474.27,   100.31
  225.10,   474.43,   225.42
  222.72,   474.96,   350.50
  229.60,   599.14,    99.97
  227.12,   599.25,   225.09
  224.68,   599.93,   350.11
  350.06,   347.15,   103.28
  347.74,   347.55,   228.19
  345.46,   347.92,   352.85
  352.07,   471.78,   103.14
  349.77,   472.25,   227.97
  347.48,   473.13,   352.51
  354.31,   596.86,   102.69
  352.01,   597.38,   227.52
  349.64,   598.23,   352.27
  100.93,   350.91,   224.02
  103.88,   353.55,   349.00
  106.62,   356.21,   474.05
   97.34,   475.50,   221.35
  100.49,   478.30,   346.38
  103.35,   481.25,   471.51
   93.87,   600.25,   218.66
   97.11,   603.17,   343.60
  100.14,   606.29,   468.60
  225.87,   354.22,   221.17
  228.84,   356.82,   346.09
  231.67,   359.50,   471.10
  222.72,   478.88,   218.47
  225.33,   481.79,   343.52
  228.18,   484.69,   468.61
  219.36,   603.63,   215.78
  221.94,   606.67,   340.78
  224.82,   609.74,   465.81
  350.65,   357.32,   218.53
  353.37,   360.12,   343.12
  356.19,   362.82,   467.89
  347.35,   481.95,   215.96
  350.07,   485.24,   340.46
  352.89,   488.16,   465.21
  344.26,   607.04,   213.13
  346.90,   610.26,   337.88
  349.63,   613.11,   462.78
  100.54,   349.44,   350.65
   96.91,   351.69,   475.65
   93.30,   353.93,   600.53
  100.32,   474.26,   348.37
   96.83,   476.78,   473.45
   93.25,   479.06,   598.39
  100.09,   599.17,   345.92
   96.79,   601.88,   470.90
   93.16,   604.31,   595.89
  225.56,   349.67,   354.14
  222.03,   351.92,   479.17
  218.04,   354.17,   604.32
  225.19,   474.71,   351.91
  221.71,   477.16,   477.03
  218.09,   479.31,   602.22
  224.95,   599.67,   349.50
  221.51,   602.29,   474.54
  218.12,   604.55,   599.59
  350.10,   349.93,   357.57
  346.61,   352.18,   482.38
  343.11,   354.38,   607.56
  349.93,   475.15,   355.21
  346.45,   477.58,   480.02
  343.11,   479.45,   605.29
  349.90,   600.23,   352.97
  346.33,   602.62,   477.89
  342.95,   604.53,   603.05
  100.55,   348.36,   474.30
   99.24,   347.97,   599.25
   97.88,   347.70,   724.18
   98.44,   473.44,   474.71
   97.19,   473.09,   599.73
   95.93,   472.73,   724.56
   96.40,   598.55,   474.76
   95.10,   598.35,   599.83
   93.82,   597.94,   724.92
  225.69,   350.53,   475.46
  224.04,   350.16,   600.67
  222.45,   349.77,   725.82
  223.36,   475.77,   475.94
  222.07,   475.29,   601.20
  220.85,   474.58,   726.24
  221.15,   600.91,   476.08
  220.09,   600.53,   601.20
  219.01,   599.77,   726.24
  350.27,   352.74,   476.36
  349.13,   352.30,   601.57
  347.78,   351.92,   727.02
  348.11,   478.14,   476.60
  347.11,   477.39,   601.92
  345.94,   476.43,   727.42
  346.00,   603.18,   477.09
  344.94,   602.46,   602.31
  343.82,   601.57,   727.52
  101.95,   350.97,   601.30
  100.60,   352.16,   726.22
   99.25,   353.21,   851.30
  104.45,   476.09,   600.39
  103.22,   477.18,   725.21
  101.75,   478.20,   850.11
  106.95,   601.36,   599.04
  105.73,   602.38,   724.10
  104.37,   603.15,   849.13
  226.75,   348.62,   602.68
  225.18,   349.69,   727.84
  224.03,   350.80,   852.71
  229.34,   473.74,   601.78
  228.13,   474.47,   726.84
  226.81,   475.33,   851.69
  231.90,   598.95,   600.39
  230.84,   599.63,   725.43
  229.39,   600.30,   850.60
  351.83,   346.22,   603.60
  350.50,   347.33,   729.03
  349.29,   348.45,   854.01
  354.38,   471.29,   602.51
  353.23,   471.79,   728.02
  351.64,   472.85,   852.86
  356.75,   596.34,   601.48
  355.65,   596.90,   726.72
  354.14,   598.05,   851.58
   98.62,   474.04,   101.33
   96.15,   474.15,   226.53
   94.54,   474.98,   351.59
  101.71,   598.91,   100.64
   99.16,   598.91,   225.79
   97.64,   599.89,   350.79
  104.55,   723.47,   100.09
  102.26,   723.87,   225.09
  100.72,   724.87,   349.99
  223.72,   470.60,   103.39
  221.50,   471.14,   228.51
  219.40,   472.05,   353.60
  226.88,   595.43,   102.68
  224.64,   595.94,   227.80
  222.47,   597.00,   352.83
  229.90,   720.38,   101.93
  227.66,   720.88,   227.04
  225.67,   721.90,   351.94
  348.21,   466.99,   105.97
  346.17,   467.87,   230.80
  344.14,   469.11,   355.35
  351.55,   592.03,   105.16
  349.51,   592.94,   229.99
  347.41,   594.19,   354.73
  354.99,   717.36,   104.12
  353.02,   718.43,   229.09
  350.73,   719.07,   354.14
  100.95,   476.20,   226.49
  100.59,   473.59,   351.56
   99.91,   471.07,   476.70
  102.39,   600.96,   229.16
  102.10,   598.51,   354.16
  101.59,   596.18,   479.21
  103.89,   725.93,   231.86
  103.62,   723.50,   356.74
  103.23,   721.18,   481.59
  226.35,   474.75,   227.18
  225.49,   472.23,   352.24
  224.84,   469.64,   477.39
  227.89,   599.56,   229.87
  226.98,   597.20,   354.88
  226.36,   594.78,   479.98
  229.32,   724.52,   232.50
  228.60,   722.10,   357.39
  228.03,   719.70,   482.33
  351.04,   473.02,   228.16
  350.27,   470.84,   352.68
  349.60,   468.25,   477.51
  352.82,   598.15,   230.73
  351.96,   595.93,   355.47
  351.22,   593.29,   480.42
  354.74,   723.65,   233.25
  353.70,   720.80,   358.29
  352.80,   717.84,   483.44
   98.82,   476.60,   349.99
   96.35,   478.04,   475.11
   93.80,   479.24,   600.10
   95.80,   601.51,   348.56
   93.51,   603.12,   473.57
   90.89,   604.46,   598.62
   92.78,   726.52,   347.18
   90.59,   728.08,   472.03
   87.94,   729.48,   597.06
  223.68,   479.83,   352.49
  221.22,   481.21,   477.65
  218.64,   482.28,   602.87
  220.62,   604.76,   351.09
  218.21,   606.31,   476.17
  215.85,   607.50,   601.25
  217.68,   729.64,   349.57
  215.35,   731.23,   474.46
  212.94,   732.63,   599.31
  348.42,   483.06,   354.73
  345.95,   484.42,   479.58
  343.64,   485.20,   604.89
  345.58,   608.11,   353.52
  343.03,   609.41,   478.49
  340.66,   610.25,   603.68
  342.76,   732.96,   352.28
  340.06,   733.95,   477.43
  337.56,   735.12,   602.41
  100.87,   476.80,   474.16
  100.94,   478.18,   599.20
  101.01,   479.54,   724.03
  102.00,   601.91,   472.50
  102.05,   603.46,   597.57
  102.13,   604.75,   722.65
  103.06,   726.93,   470.76
  103.15,   728.56,   595.76
  103.17,   729.78,   721.04
  225.80,   475.95,   474.05
  225.85,   477.20,   599.30
  225.96,   478.19,   724.35
  226.76,   601.09,   472.48
  227.04,   602.43,   597.60
  227.29,   603.39,   722.64
  227.87,   726.02,   470.70
  228.10,   727.56,   595.59
  228.23,   728.72,   720.61
  350.57,   475.13,   473.39
  350.90,   476.12,   598.69
  351.08,   476.87,   724.20
  351.64,   600.18,   472.16
  351.90,   601.19,   597.38
  352.12,   602.03,   722.61
  352.66,   724.75,   471.03
  352.79,   726.04,   596.10
  353.03,   727.48,   720.89
  100.53,   476.38,   600.92
  102.24,   474.35,   725.74
  103.73,   472.24,   850.64
   97.91,   601.61,   602.71
   99.64,   599.53,   727.78
  101.24,   597.20,   852.75
   95.26,   726.66,   604.39
   96.96,   724.48,   729.69
   98.65,   721.95,   854.79
  225.40,   479.15,   599.40
  227.15,   476.75,   724.44
  228.79,   474.48,   849.28
  222.88,   604.34,   601.12
  224.77,   601.91,   726.15
  226.28,   599.44,   851.32
  220.24,   729.46,   602.50
  222.00,   727.20,   727.56
  223.66,   724.45,   853.41
  350.41,   481.82,   597.18
  352.24,   479.18,   722.66
  353.62,   477.08,   847.54
  347.70,   606.84,   599.31
  349.56,   604.30,   724.49
  351.04,   602.29,   849.36
  344.89,   731.68,   601.39
  346.78,   729.74,   726.17
  348.68,   727.91,   851.48
   98.04,   599.82,    99.73
   98.31,   601.70,   224.85
   99.57,   604.54,   349.84
   96.19,   724.42,    97.28
   96.69,   726.70,   222.25
   97.97,   729.54,   347.14
   94.55,   849.15,    94.74
   95.20,   851.96,   219.74
   96.53,   854.68,   344.71
  223.27,   601.04,    98.90
  223.83,   603.38,   224.01
  224.46,   606.32,   349.02
  221.58,   725.98,    96.24
  222.13,   728.31,   221.33
  222.96,   731.21,   346.21
  220.12,   850.90,    93.54
  220.76,   853.55,   218.64
  221.59,   856.28,   343.52
  348.01,   602.32,    98.51
  348.79,   605.08,   223.34
  349.46,   608.18,   348.11
  346.72,   727.62,    95.57
  347.59,   730.59,   220.52
  348.10,   733.07,   345.57
  345.23,   852.88,    92.81
  346.12,   855.89,   217.84
  346.51,   857.71,   342.81
   99.01,   599.59,   226.15
   98.10,   597.21,   351.13
   96.95,   594.96,   476.17
   98.91,   724.59,   228.76
   98.02,   722.23,   353.64
   96.98,   719.97,   478.49
   98.96,   849.86,   231.47
   98.09,   847.36,   356.39
   96.99,   844.94,   481.16
  224.53,   599.76,   227.53
  222.97,   597.48,   352.54
  221.72,   595.15,   477.63
  224.34,   724.71,   230.06
  222.99,   722.39,   354.95
  221.79,   720.10,   479.87
  224.47,   849.97,   232.59
  223.12,   847.42,   357.45
  221.89,   844.87,   482.31
  349.47,   599.94,   229.07
  347.97,   597.81,   353.82
  346.58,   595.27,   478.76
  349.78,   725.44,   231.48
  348.10,   722.69,   356.52
  346.57,   719.84,   481.66
  349.82,   850.72,   234.00
  348.03,   847.28,   359.03
  346.43,   844.19,   484.32
  100.21,   599.11,   350.97
  101.48,   603.24,   475.97
  102.48,   607.10,   600.98
   97.00,   724.05,   347.15
   98.40,   728.15,   471.95
   99.40,   732.10,   596.91
   93.94,   849.11,   343.60
   95.30,   853.04,   468.35
   96.28,   856.90,   593.25
  225.05,   602.48,   349.85
  226.21,   606.54,   474.89
  227.44,   610.20,   599.94
  221.95,   727.30,   345.93
  223.17,   731.38,   470.80
  224.33,   735.26,   595.63
  218.97,   852.30,   342.11
  220.17,   856.07,   466.95
  221.08,   860.08,   591.79
  350.02,   605.92,   348.63
  351.05,   609.74,   473.56
  352.25,   613.07,   598.72
  347.06,   730.75,   344.98
  347.92,   734.20,   470.12
  348.97,   737.84,   595.12
  343.88,   855.36,   341.10
  344.68,   858.48,   466.34
  345.76,   862.48,   591.40
   98.98,   600.97,   476.79
   98.41,   598.64,   601.85
   97.88,   596.09,   726.91
  100.86,   725.97,   478.91
  100.31,   723.73,   603.93
   99.75,   721.07,   729.24
  102.74,   850.95,   481.37
  102.16,   848.62,   606.33
  101.44,   845.86,   731.32
  223.74,   599.32,   477.34
  223.40,   596.80,   602.45
  223.05,   593.89,   727.49
  225.66,   724.24,   479.39
  225.29,   721.92,   604.29
  224.83,   719.17,   729.35
  227.61,   848.97,   481.68
  226.96,   846.87,   606.49
  226.23,   844.46,   731.33
  348.59,   597.59,   477.56
  348.27,   594.73,   602.77
  347.88,   591.69,   728.00
  350.43,   722.13,   480.29
  349.98,   719.59,   605.31
  349.62,   717.13,   730.12
  352.15,   846.45,   482.77
  351.69,   844.37,   607.77
  351.49,   842.57,   732.52
  100.45,   601.12,   598.37
  102.46,   599.60,   723.43
  104.34,   597.82,   848.44
  101.45,   726.23,   599.38
  103.41,   724.62,   724.65
  105.35,   722.59,   849.85
  102.39,   851.14,   600.75
  104.18,   849.45,   725.69
  105.80,   847.84,   850.77
  225.42,   600.22,   596.46
  227.59,   598.35,   721.50
  229.40,   596.44,   846.65
  226.40,   725.35,   597.26
  228.46,   723.66,   722.29
  230.40,   721.54,   848.10
  227.20,   850.29,   598.44
  228.96,   848.98,   723.25
  231.21,   846.80,   849.24
  350.27,   599.10,   594.28
  352.42,   597.10,   719.51
  354.17,   595.61,   844.39
  351.08,   723.94,   595.80
  353.24,   722.54,   720.60
  355.40,   721.30,   845.81
  351.90,   848.69,   597.22
  354.21,   847.96,   721.98
  356.66,   846.82,   847.61
  225.78,    99.90,   101.51
  227.01,    99.29,   226.47
  228.32,    98.24,   351.32
  222.22,   224.91,   102.27
  223.53,   224.27,   227.25
  225.09,   223.10,   352.03
  219.12,   349.74,   102.89
  220.20,   348.97,   227.98
  221.55,   348.11,   352.95
  350.86,   103.47,   100.47
  351.88,   102.79,   225.54
  352.91,   101.27,   350.34
  347.43,   228.40,   101.20
  348.44,   227.67,   226.16
  349.55,   226.29,   351.07
  343.96,   352.85,   102.12
  345.02,   352.20,   227.05
  346.10,   351.53,   351.72
  476.03,   106.83,    99.47
  476.93,   106.05,   224.51
  477.86,   104.66,   349.44
  472.61,   231.60,   100.18
  473.48,   230.89,   225.22
  474.43,   229.71,   350.22
  468.95,   356.10,   101.20
  469.74,   355.42,   226.12
  470.83,   354.84,   350.65
  225.42,    98.57,   226.47
  227.11,   100.79,   351.29
  228.63,   103.15,   476.08
  228.55,   223.55,   223.92
  230.48,   225.64,   348.68
  232.03,   228.00,   473.52
  231.85,   348.21,   221.30
  233.55,   350.64,   346.22
  235.11,   353.15,   471.25
  350.28,    95.38,   225.23
  351.70,    97.18,   349.99
  353.28,    99.34,   474.83
  353.48,   220.30,   222.49
  354.95,   222.17,   347.38
  356.47,   224.45,   472.33
  356.66,   344.78,   220.06
  358.10,   347.37,   344.69
  359.65,   349.89,   469.49
  475.31,    91.96,   223.90
  476.62,    93.89,   348.73
  478.09,    96.21,   473.66
  478.56,   216.87,   221.20
  479.88,   218.93,   346.21
  481.25,   221.21,   471.10
  481.43,   341.36,   218.79
  482.89,   344.00,   343.33
  484.48,   346.56,   468.06
  225.87,   100.92,   350.00
  225.52,    98.18,   474.81
  224.85,    95.87,   599.74
  228.39,   225.77,   352.54
  228.07,   223.02,   477.38
  227.03,   220.69,   602.37
  230.60,   350.79,   355.26
  230.29,   348.17,   480.31
  229.50,   345.56,   605.49
  350.49,    98.18,   350.43
  350.21,    95.23,   475.26
  349.79,    93.09,   600.24
  352.88,   223.17,   352.99
  352.56,   220.35,   477.94
  352.02,   218.14,   602.84
  355.17,   348.42,   355.44
  354.88,   345.79,   480.29
  354.61,   343.14,   605.48
  475.44,    95.77,   350.91
  475.06,    92.97,   475.83
  474.70,    90.69,   600.78
  477.81,   220.82,   353.55
  477.33,   217.98,   478.45
  477.05,   215.59,   603.27
  479.97,   345.94,   355.80
  479.72,   343.35,   480.57
  479.66,   340.69,   605.64
  224.31,   101.53,   475.19
  220.61,   104.97,   600.02
  216.66,   108.44,   724.95
  223.63,   226.40,   472.00
  219.62,   229.77,   596.96
  215.49,   233.22,   722.01
  222.63,   351.55,   469.16
  218.88,   354.68,   594.30
  215.18,   357.77,   719.36
  348.97,   101.90,   478.68
  345.51,   105.55,   603.57
  341.92,   109.53,   728.52
  348.09,   227.06,   475.55
  344.56,   230.58,   600.41
  340.91,   234.36,   725.46
  347.18,   352.51,   472.14
  343.91,   355.58,   597.28
  340.44,   358.66,   722.66
  473.76,   102.95,   482.30
  470.38,   106.43,   607.16
  467.13,   110.43,   732.20
  472.82,   228.00,   479.07
  469.57,   231.36,   603.83
  466.46,   235.18,   728.94
  471.97,   353.40,   475.41
  468.94,   356.47,   600.43
  465.86,   359.55,   725.78
  223.36,   100.70,   600.62
  220.97,    98.41,   725.62
  219.33,    95.70,   851.05
  221.96,   225.53,   603.28
  219.29,   223.25,   728.36
  217.72,   220.77,   853.56
  220.87,   350.42,   606.40
  218.62,   347.79,   731.49
  216.77,   345.21,   856.32
  348.29,   101.49,   602.76
  346.20,    99.70,   727.79
  344.74,    97.36,   853.05
  346.97,   226.56,   605.35
  344.78,   224.64,   730.43
  343.47,   222.29,   855.72
  345.98,   351.55,   608.00
  343.93,   348.94,   733.40
  342.06,   346.38,   858.30
  473.19,   102.61,   604.94
  471.38,   100.82,   730.03
  469.78,    98.66,   855.07
  472.02,   227.56,   607.37
  470.35,   225.66,   732.53
  468.61,   223.41,   857.57
  471.06,   352.66,   609.75
  469.40,   350.04,   735.14
  467.27,   347.41,   860.18
  224.90,   225.05,   100.21
  224.55,   223.49,   225.20
  224.47,   221.39,   349.97
  224.27,   349.91,   101.75
  223.69,   348.21,   226.82
  223.40,   346.43,   351.78
  223.71,   474.76,   103.29
  222.94,   472.93,   228.42
  222.30,   471.48,   353.51
  350.16,   226.07,   100.79
  349.52,   224.40,   225.74
  348.98,   222.08,   350.65
  349.16,   350.54,   102.61
  348.56,   348.97,   227.53
  347.99,   347.35,   352.20
  348.25,   475.18,   104.40
  347.66,   473.68,   229.24
  347.08,   472.57,   353.80
  475.39,   226.79,   101.41
  474.62,   225.14,   226.44
  473.90,   223.01,   351.45
  474.19,   351.32,   103.33
  473.34,   349.71,   228.23
  472.78,   348.17,   352.78
  473.23,   476.09,   105.15
  472.46,   474.52,   229.79
  471.89,   473.43,   354.23
  226.84,   225.49,   224.13
  227.07,   226.11,   348.92
  226.91,   226.98,   473.79
  230.18,   350.17,   223.05
  230.17,   351.12,   348.01
  230.02,   352.14,   473.07
  233.63,   474.85,   221.95
  233.26,   476.14,   347.01
  233.13,   477.37,   472.16
  351.78,   222.24,   224.37
  351.55,   222.63,   349.29
  351.38,   223.43,   474.26
  354.99,   346.75,   223.47
  354.73,   347.86,   348.14
  354.58,   348.88,   472.98
  358.25,   471.40,   222.50
  358.01,   473.03,   347.02
  357.86,   474.27,   471.83
  476.86,   218.81,   224.76
  476.46,   219.38,   349.79
  476.13,   220.17,   474.72
  479.76,   343.34,   223.86
  479.52,   344.49,   348.43
  479.40,   345.55,   473.20
  483.05,   468.08,   222.72
  482.79,   469.68,   347.17
  482.74,   470.87,   471.93
  224.55,   225.84,   351.80
  228.28,   224.54,   476.61
  231.31,   223.64,   601.58
  224.71,   350.89,   353.06
  228.46,   349.73,   478.06
  231.74,   348.57,   603.21
  224.85,   475.96,   354.23
  228.63,   475.00,   479.34
  232.28,   473.70,   604.53
  349.01,   225.35,   348.22
  352.74,   223.96,   473.14
  356.28,   223.17,   598.02
  349.26,   350.62,   349.23
  353.01,   349.46,   474.02
  356.81,   348.24,   599.16
  349.59,   475.84,   350.27
  353.35,   474.88,   475.05
  357.29,   473.34,   600.29
  473.89,   225.09,   344.76
  477.48,   223.70,   469.64
  481.26,   222.71,   594.42
  474.00,   350.23,   345.57
  477.80,   349.12,   470.28
  481.80,   347.90,   595.31
  474.34,   475.47,   346.47
  478.20,   474.48,   471.17
  482.24,   472.98,   596.37
  227.14,   226.30,   474.85
  227.95,   223.86,   599.84
  228.66,   221.54,   724.91
  229.98,   351.43,   477.81
  231.04,   348.73,   602.98
  232.16,   346.03,   728.12
  232.83,   476.65,   480.58
  234.26,   473.80,   605.80
  235.74,   470.72,   730.86
  351.60,   223.04,   473.54
  352.92,   220.72,   598.44
  354.14,   218.76,   723.50
  354.54,   348.47,   475.93
  356.12,   345.72,   601.10
  357.49,   343.07,   726.50
  357.56,   473.84,   478.45
  359.29,   470.75,   603.74
  360.84,   467.47,   729.23
  476.35,   220.09,   472.21
  477.90,   217.58,   597.02
  479.63,   215.61,   722.14
  479.36,   345.45,   474.36
  481.13,   342.70,   599.42
  482.91,   340.04,   724.77
  482.43,   470.74,   476.76
  484.26,   467.71,   601.99
  485.97,   464.59,   727.48
  223.22,   226.12,   601.36
  219.75,   227.60,   726.46
  217.33,   228.89,   851.65
  220.34,   351.01,   600.64
  217.29,   352.14,   725.75
  214.64,   353.30,   850.61
  217.56,   476.12,   599.60
  214.88,   476.96,   724.60
  212.10,   477.86,   849.42
  348.17,   229.00,   604.17
  345.19,   230.82,   729.27
  343.02,   232.22,   854.55
  345.39,   353.99,   602.99
  342.56,   355.11,   728.41
  339.84,   356.29,   853.35
  342.56,   479.06,   601.78
  339.92,   479.61,   727.23
  336.87,   480.71,   852.06
  473.18,   231.86,   606.93
  470.72,   233.70,   732.10
  468.14,   235.17,   857.16
  470.42,   356.95,   605.48
  467.97,   358.06,   730.89
  465.03,   359.17,   855.97
  467.53,   481.96,   604.20
  465.03,   482.63,   729.71
  461.92,   483.82,   854.54
  223.85,   351.10,    99.40
  224.76,   348.23,   224.45
  225.94,   345.28,   349.38
  225.69,   475.91,   102.11
  226.42,   472.92,   227.22
  227.25,   470.31,   352.28
  227.19,   600.74,   104.88
  227.90,   597.73,   229.99
  228.67,   595.28,   355.00
  348.73,   349.36,    98.72
  349.62,   346.61,   223.64
  350.53,   343.81,   348.29
  350.22,   473.97,   101.69
  351.11,   471.28,   226.53
  352.02,   469.01,   351.04
  351.93,   599.03,   104.35
  352.82,   596.40,   229.17
  353.65,   594.10,   353.90
  473.79,   347.76,    97.89
  474.41,   344.99,   222.82
  475.32,   342.25,   347.37
  475.21,   472.52,   100.90
  475.91,   469.74,   225.55
  476.82,   467.46,   349.96
  476.84,   597.54,   103.54
  477.88,   595.10,   228.12
  478.58,   592.68,   352.85
  224.77,   348.34,   223.96
  225.76,   349.08,   348.93
  226.58,   349.90,   473.99
  223.87,   473.06,   223.04
  224.50,   474.13,   348.14
  225.34,   475.15,   473.31
  222.79,   597.88,   222.13
  223.36,   599.10,   347.18
  224.23,   600.30,   472.28
  349.64,   349.25,   223.37
  350.36,   350.17,   348.04
  351.17,   350.99,   472.89
  348.57,   473.95,   222.58
  349.29,   475.38,   347.13
  350.11,   476.41,   471.97
  347.72,   599.09,   221.55
  348.36,   600.48,   346.33
  349.10,   601.47,   471.29
  474.42,   350.16,   222.77
  475.15,   351.15,   347.31
  476.01,   352.02,   472.08
  473.38,   474.95,   221.83
  474.09,   476.39,   346.26
  475.01,   477.38,   471.02
  472.79,   600.35,   220.72
  473.32,   601.64,   345.50
  474.02,   602.37,   470.42
  223.58,   349.66,   350.95
  223.62,   348.20,   476.02
  223.16,   346.74,   601.22
  226.79,   474.68,   352.44
  226.85,   473.41,   477.60
  226.77,   471.83,   602.85
  230.11,   599.63,   353.74
  230.21,   598.53,   478.85
  230.36,   597.01,   603.99
  348.14,   346.28,   350.81
  348.18,   344.81,   475.68
  348.22,   343.31,   600.87
  351.53,   471.46,   352.16
  351.58,   470.19,   477.00
  351.79,   468.36,   602.32
  355.06,   596.54,   353.62
  355.03,   595.22,   478.59
  355.19,   593.37,   603.82
  472.90,   342.80,   350.85
  472.97,   341.36,   475.63
  473.24,   339.86,   600.70
  476.29,   468.00,   352.04
  476.44,   466.69,   476.81
  476.77,   464.88,   602.07
  479.96,   593.20,   353.54
  479.91,   591.64,   478.46
  480.09,   589.78,   603.72
  225.61,   350.97,   476.21
  222.52,   347.78,   601.35
  219.48,   344.59,   726.42
  222.23,   476.15,   479.47
  219.50,   472.84,   604.67
  216.83,   469.32,   729.63
  218.98,   601.23,   482.38
  216.48,   598.01,   607.44
  213.96,   594.43,   732.42
  350.15,   354.17,   478.61
  347.57,   350.91,   603.78
  344.76,   347.73,   729.16
  346.95,   479.50,   481.64
  344.50,   475.91,   606.92
  341.88,   472.14,   732.35
  343.78,   604.46,   484.90
  341.29,   600.91,   610.07
  338.73,   597.21,   735.22
  474.94,   357.29,   481.29
  472.59,   354.02,   606.35
  470.18,   350.83,   731.72
  471.79,   482.56,   484.18
  469.47,   478.98,   609.42
  467.00,   475.32,   734.90
  468.63,   607.43,   487.56
  466.14,   603.85,   612.76
  463.57,   600.39,   737.93
  223.48,   349.14,   600.60
  221.60,   352.50,   725.71
  220.11,   355.89,   850.54
  222.80,   474.25,   597.37
  221.27,   477.30,   722.37
  219.66,   480.43,   847.18
  222.10,   599.46,   593.64
  220.72,   602.48,   718.61
  218.99,   605.41,   843.76
  348.58,   350.04,   601.79
  346.92,   353.41,   727.19
  345.36,   356.81,   852.13
  347.84,   475.11,   598.38
  346.38,   477.90,   723.83
  344.48,   481.21,   848.66
  346.96,   600.16,   595.01
  345.54,   603.03,   720.19
  343.75,   606.39,   845.06
  473.65,   350.92,   603.15
  472.38,   354.28,   728.51
  470.61,   357.62,   853.59
  472.86,   475.95,   599.66
  471.53,   478.86,   725.15
  469.62,   482.23,   850.01
  471.87,   600.86,   596.47
  470.44,   603.96,   721.69
  468.72,   607.71,   846.31
  224.41,   473.34,    98.26
  222.61,   475.64,   223.36
  220.87,   478.33,   348.44
  223.79,   598.23,    95.71
  221.95,   600.44,   220.81
  220.17,   603.27,   345.82
  223.03,   723.18,    93.14
  221.16,   725.38,   218.21
  219.57,   728.17,   343.09
  348.95,   473.53,   100.41
  347.30,   476.15,   225.25
  345.67,   479.20,   349.78
  348.52,   598.61,    97.75
  346.89,   601.26,   222.58
  345.17,   604.27,   347.33
  348.15,   723.91,    94.90
  346.61,   726.77,   219.83
  344.72,   729.18,   344.86
  473.93,   474.20,   102.20
  472.10,   476.76,   226.83
  470.47,   479.83,   351.24
  473.42,   599.25,    99.53
  471.96,   602.14,   224.10
  470.12,   605.05,   348.85
  472.96,   724.41,    96.72
  471.82,   727.93,   221.47
  469.83,   730.03,   346.51
  224.40,   475.72,   224.32
  227.86,   477.75,   349.35
  231.54,   479.74,   474.44
  224.81,   600.54,   222.44
  228.22,   602.72,   347.42
  231.93,   604.87,   472.45
  225.09,   725.51,   220.52
  228.70,   727.63,   345.38
  232.46,   729.77,   470.27
  349.05,   475.07,   221.03
  352.60,   477.45,   345.52
  356.26,   479.44,   470.27
  349.70,   600.20,   219.03
  353.18,   602.54,   343.75
  356.75,   604.48,   468.64
  350.49,   725.75,   216.95
  353.81,   727.49,   341.97
  357.20,   729.02,   467.11
  473.82,   474.51,   217.46
  477.37,   476.90,   341.84
  481.12,   478.86,   466.52
  474.73,   599.90,   215.38
  478.10,   602.16,   340.10
  481.63,   603.83,   464.96
  475.65,   725.72,   213.41
  478.89,   727.23,   338.41
  482.13,   728.31,   463.60
  226.58,   473.42,   350.90
  230.12,   471.66,   475.99
  233.51,   469.57,   601.18
  228.93,   598.38,   352.64
  232.49,   596.79,   477.70
  236.12,   594.76,   602.78
  231.41,   723.29,   354.27
  235.01,   721.69,   479.19
  238.58,   719.86,   604.07
  351.30,   471.22,   347.17
  354.81,   469.47,   471.92
  358.50,   467.15,   597.16
  353.86,   596.31,   349.06
  357.29,   594.51,   473.95
  360.92,   592.17,   599.11
  356.46,   721.22,   350.97
  359.73,   719.05,   476.11
  363.22,   716.99,   601.13
  476.04,   468.78,   343.59
  479.65,   467.00,   468.28
  483.44,   464.72,   593.45
  478.74,   594.02,   345.51
  482.15,   591.98,   470.35
  485.79,   589.63,   595.54
  481.50,   719.03,   347.51
  484.62,   716.45,   472.69
  488.03,   714.33,   597.86
  224.38,   474.17,   473.66
  222.00,   472.33,   598.89
  219.67,   470.26,   723.91
  224.17,   599.32,   475.18
  222.02,   597.56,   600.29
  219.85,   595.44,   725.31
  224.11,   724.27,   476.48
  221.92,   722.72,   601.35
  219.64,   720.74,   726.40
  349.13,   474.50,   475.41
  347.04,   472.40,   600.70
  344.77,   470.08,   726.18
  349.02,   599.56,   477.28
  346.88,   597.46,   602.47
  344.67,   595.19,   727.68
  348.87,   724.13,   479.23
  346.60,   722.35,   604.23
  344.43,   720.66,   729.02
  474.03,   474.54,   477.55
  472.05,   472.44,   602.79
  469.94,   470.25,   728.30
  473.93,   599.52,   479.50
  471.79,   597.38,   604.73
  469.58,   595.35,   729.98
  473.78,   723.98,   481.70
  471.43,   722.15,   606.87
  469.24,   720.80,   731.58
  224.30,   475.86,   600.40
  222.25,   473.81,   725.43
  220.09,   471.88,   850.25
  227.98,   601.03,   601.81
  226.08,   598.93,   726.84
  223.79,   596.81,   852.00
  231.52,   726.11,   602.92
  229.51,   724.19,   727.96
  227.38,   721.81,   853.79
  349.29,   472.25,   601.90
  347.29,   469.97,   727.39
  344.88,   468.23,   852.22
  352.79,   597.26,   603.69
  350.85,   595.03,   728.91
  348.49,   593.37,   853.75
  356.16,   722.08,   605.51
  354.26,   720.46,   730.29
  352.33,   718.99,   855.54
  474.26,   468.64,   603.67
  472.42,   466.50,   729.19
  469.98,   464.78,   854.08
  477.66,   593.53,   605.63
  475.72,   591.54,   730.88
  473.42,   590.22,   855.48
  480.97,   718.25,   607.78
  479.04,   716.94,   732.52
  477.14,   716.06,   857.25
  227.06,   598.04,    98.11
  225.92,   597.94,   223.24
  224.81,   598.43,   348.29
  227.26,   723.03,    97.89
  226.09,   722.92,   223.01
  225.18,   723.36,   347.93
  227.67,   848.02,    97.62
  226.58,   848.19,   222.76
  225.67,   848.43,   347.66
  351.80,   597.46,    99.49
  350.85,   597.76,   224.34
  349.81,   598.43,   349.11
  352.40,   722.81,    98.98
  351.53,   723.31,   223.96
  350.32,   723.36,   349.03
  352.80,   848.18,    98.67
  351.95,   848.68,   223.71
  350.62,   848.02,   348.75
  476.72,   597.12,   100.58
  475.91,   597.64,   225.19
  474.76,   598.20,   349.96
  477.23,   722.35,   100.13
  476.74,   723.46,   224.93
  475.42,   723.21,   349.99
  477.75,   847.86,    99.98
  477.12,   848.70,   224.81
  475.74,   847.72,   349.76
  224.02,   600.97,   226.30
  220.47,   600.11,   351.29
  217.23,   599.23,   476.37
  221.21,   725.90,   227.33
  217.86,   725.01,   352.19
  214.69,   724.17,   477.07
  218.72,   851.14,   228.36
  215.39,   850.06,   353.19
  212.19,   848.97,   478.01
  348.91,   603.78,   229.85
  345.41,   603.07,   354.59
  342.03,   601.95,   479.54
  346.59,   729.26,   230.76
  342.92,   727.93,   355.78
  339.40,   726.52,   480.90
  344.00,   854.51,   231.78
  340.23,   852.53,   356.76
  336.67,   850.89,   482.01
  473.92,   606.64,   233.17
  470.29,   605.79,   357.93
  466.88,   604.40,   482.84
  471.75,   732.39,   234.21
  467.94,   730.67,   359.25
  464.23,   728.82,   484.50
  469.09,   857.45,   235.34
  465.23,   855.06,   360.26
  461.50,   853.08,   485.65
  224.09,   600.77,   351.78
  227.13,   602.39,   476.85
  230.23,   603.60,   601.93
  227.53,   725.65,   350.19
  230.62,   727.27,   475.11
  233.65,   728.68,   599.98
  231.08,   850.66,   348.69
  234.12,   851.95,   473.60
  236.90,   853.55,   598.44
  349.01,   597.66,   348.80
  351.92,   599.07,   473.73
  355.02,   599.95,   598.91
  352.59,   722.56,   347.49
  355.33,   723.59,   472.65
  358.27,   724.75,   597.69
  355.96,   847.18,   345.98
  358.60,   847.86,   471.28
  361.56,   849.42,   596.37
  473.88,   594.33,   345.85
  476.76,   595.50,   470.73
  479.87,   596.34,   595.95
  477.62,   719.33,   344.64
  480.21,   719.94,   469.84
  483.07,   721.02,   595.05
  481.05,   843.85,   343.18
  483.56,   844.19,   468.51
  486.49,   845.62,   593.86
  226.36,   599.51,   473.55
  229.60,   599.83,   598.64
  232.81,   599.76,   723.66
  229.99,   724.40,   472.69
  233.17,   724.92,   597.58
  236.27,   725.05,   722.58
  233.63,   849.09,   472.06
  236.56,   849.79,   596.90
  239.41,   850.34,   721.69
  351.15,   596.09,   470.25
  354.38,   596.08,   595.44
  357.56,   595.88,   720.66
  354.70,   720.62,   470.05
  357.78,   720.87,   595.11
  360.98,   721.29,   719.89
  358.12,   844.90,   469.59
  361.20,   845.54,   594.68
  364.57,   846.65,   719.42
  475.98,   592.41,   467.08
  479.22,   592.35,   592.29
  482.42,   592.39,   717.57
  479.57,   716.87,   467.08
  482.57,   717.03,   592.29
  485.74,   717.70,   717.08
  483.07,   841.11,   466.66
  486.11,   841.62,   592.01
  489.48,   842.95,   716.93
  223.71,   599.24,   598.79
  223.59,   598.93,   723.83
  223.10,   598.57,   849.02
  221.92,   724.39,   598.03
  221.69,   724.25,   723.08
  221.33,   723.62,   848.93
  219.96,   849.34,   597.66
  219.40,   849.55,   722.49
  219.29,   848.89,   848.43
  348.57,   600.86,   598.92
  348.41,   600.42,   724.15
  347.87,   600.51,   849.05
  346.61,   725.73,   598.86
  346.48,   725.88,   723.68
  346.36,   726.15,   848.99
  344.66,   850.50,   598.71
  344.66,   851.30,   723.50
  344.81,   851.60,   849.22
  473.47,   602.49,   599.13
  473.32,   602.30,   724.39
  472.85,   602.75,   849.05
  471.44,   727.22,   599.46
  471.30,   727.71,   724.21
  471.23,   728.61,   848.99
  469.63,   851.90,   599.48
  469.74,   853.04,   724.44
  469.77,   853.98,   849.44
  349.66,    99.99,   101.14
  346.12,   100.89,   226.16
  342.62,   100.99,   350.90
  350.92,   224.98,   100.29
  347.36,   225.83,   225.20
  343.92,   226.03,   350.06
  352.10,   349.45,    99.64
  348.59,   350.39,   224.53
  345.12,   351.30,   349.15
  474.81,    98.72,   104.72
  471.14,    99.48,   229.70
  467.51,    99.67,   354.54
  476.10,   223.56,   103.81
  472.40,   224.40,   228.81
  468.76,   224.78,   353.78
  477.09,   348.08,   103.26
  473.32,   348.98,   228.13
  469.85,   349.96,   352.64
  599.94,    97.13,   108.13
  596.36,    97.94,   233.17
  592.73,    98.62,   357.98
  601.09,   221.92,   107.34
  597.42,   222.92,   232.38
  594.19,   223.59,   357.07
  602.13,   346.85,   106.66
  598.51,   347.67,   231.51
  595.14,   348.64,   356.16
  350.62,    99.79,   223.28
  348.05,    97.21,   348.04
  345.64,    94.99,   472.85
  352.29,   224.70,   224.99
  349.79,   222.22,   349.87
  347.34,   220.13,   474.80
  353.95,   349.24,   226.99
  351.42,   347.47,   351.62
  348.99,   345.59,   476.46
  475.67,    97.87,   225.83
  472.98,    95.40,   350.68
  470.46,    93.34,   475.59
  477.36,   222.77,   227.62
  474.69,   220.47,   352.61
  472.07,   218.38,   477.50
  478.72,   347.34,   229.60
  476.19,   345.62,   354.14
  473.80,   343.78,   478.89
  600.91,    95.82,   228.31
  598.20,    93.84,   353.14
  595.50,    91.97,   477.99
  602.39,   220.79,   230.20
  600.14,   218.79,   354.88
  597.54,   216.92,   479.73
  603.94,   345.53,   232.00
  601.53,   343.81,   356.67
  599.10,   342.02,   481.54
  349.32,   100.12,   349.00
  350.41,   103.46,   473.83
  351.32,   107.64,   598.74
  349.05,   225.13,   345.23
  350.09,   228.61,   470.15
  350.95,   232.67,   595.04
  348.68,   350.34,   341.41
  349.73,   354.06,   466.18
  350.85,   357.70,   591.31
  474.29,   100.36,   348.17
  475.25,   103.84,   473.10
  476.23,   107.85,   597.98
  473.98,   225.42,   344.47
  474.87,   228.90,   469.33
  475.97,   232.78,   594.10
  473.46,   350.50,   340.43
  474.57,   354.28,   465.11
  475.88,   357.92,   590.13
  599.58,   100.81,   347.11
  600.44,   104.48,   471.91
  601.30,   108.26,   596.92
  599.44,   225.73,   343.28
  600.40,   229.44,   468.07
  601.19,   233.12,   593.07
  598.79,   350.70,   339.48
  599.89,   354.51,   464.29
  600.94,   358.15,   589.33
  349.78,   100.67,   473.02
  348.86,    98.99,   597.98
  347.82,    97.67,   723.04
  346.31,   225.80,   475.17
  345.28,   224.04,   600.09
  344.13,   222.59,   725.17
  342.81,   351.23,   477.06
  342.01,   349.02,   602.26
  341.01,   346.89,   727.68
  474.57,   104.22,   474.22
  473.71,   102.39,   599.14
  472.95,   101.06,   724.25
  471.02,   229.26,   476.26
  470.27,   227.32,   601.10
  469.66,   225.88,   726.25
  467.58,   354.64,   477.88
  467.05,   352.41,   602.98
  466.46,   350.26,   728.39
  599.73,   108.03,   474.95
  598.70,   105.98,   600.02
  598.00,   104.22,   725.34
  596.47,   232.98,   476.95
  595.43,   230.80,   602.00
  594.74,   228.75,   727.23
  592.82,   358.05,   478.97
  592.04,   355.82,   604.07
  591.40,   353.59,   729.32
  349.54,    99.34,   601.11
  351.95,    96.90,   726.13
  354.97,    93.95,   851.34
  345.71,   224.36,   604.43
  348.03,   221.80,   729.48
  351.23,   218.83,   854.75
  342.21,   349.29,   607.83
  344.66,   346.04,   733.19
  347.31,   342.85,   858.08
  474.37,   103.05,   598.86
  477.05,   100.60,   723.93
  479.93,    97.85,   848.96
  470.69,   227.95,   602.04
  473.53,   225.38,   727.15
  476.27,   222.53,   852.19
  467.22,   353.00,   605.14
  470.08,   349.73,   730.50
  472.46,   346.46,   855.55
  599.33,   106.96,   596.33
  602.06,   104.06,   721.61
  604.71,   101.20,   846.58
  595.82,   231.76,   599.53
  598.56,   228.56,   724.72
  600.85,   225.64,   849.64
  592.18,   356.74,   602.83
  594.96,   353.39,   728.04
  597.34,   350.09,   852.94
  348.93,   227.02,   101.04
  351.31,   228.03,   225.97
  353.79,   228.41,   350.87
  349.56,   351.50,   100.17
  351.98,   352.59,   225.09
  354.43,   353.69,   349.72
  350.28,   476.17,    99.26
  352.71,   477.30,   224.12
  355.16,   478.90,   348.63
  474.14,   226.09,    98.61
  476.39,   227.14,   223.64
  478.72,   227.70,   348.63
  474.60,   350.64,    97.82
  476.75,   351.70,   222.76
  479.22,   352.85,   347.28
  475.26,   475.45,    96.97
  477.52,   476.50,   221.63
  479.96,   478.09,   346.06
  599.19,   224.95,    96.16
  601.41,   226.16,   221.28
  604.17,   227.01,   345.95
  599.66,   349.93,    95.27
  601.98,   350.91,   220.20
  604.55,   352.04,   344.87
  600.30,   474.92,    94.27
  602.69,   475.94,   218.93
  605.02,   477.18,   343.78
  349.83,   225.95,   225.90
  351.23,   228.20,   350.78
  352.66,   230.84,   475.71
  350.54,   350.49,   223.15
  351.90,   353.45,   347.78
  353.36,   356.31,   472.58
  351.31,   475.15,   220.33
  352.68,   478.61,   344.83
  354.14,   481.70,   469.61
  474.93,   225.00,   224.67
  476.15,   227.43,   349.64
  477.45,   230.07,   474.51
  475.33,   349.54,   221.93
  476.70,   352.55,   346.43
  478.21,   355.47,   471.15
  476.13,   474.29,   218.95
  477.49,   477.75,   343.35
  479.04,   480.79,   468.06
  599.97,   223.98,   223.41
  601.63,   226.69,   348.08
  602.98,   229.55,   472.89
  600.57,   348.69,   220.47
  602.04,   351.69,   345.12
  603.53,   354.64,   469.97
  601.32,   473.68,   217.34
  602.56,   476.80,   342.17
  604.10,   479.70,   467.06
  350.44,   222.79,   349.81
  348.99,   226.00,   474.73
  347.32,   229.80,   599.62
  347.40,   347.99,   346.23
  345.97,   351.42,   471.03
  344.55,   354.77,   596.18
  344.43,   473.10,   342.70
  343.00,   476.76,   467.49
  341.72,   479.84,   592.73
  475.33,   225.83,   351.48
  473.72,   229.04,   476.33
  472.33,   232.66,   601.11
  472.14,   350.92,   347.67
  470.75,   354.39,   472.37
  469.57,   357.74,   597.41
  469.20,   476.08,   343.99
  467.85,   479.69,   468.68
  466.70,   482.75,   593.88
  600.77,   228.90,   352.69
  599.19,   232.33,   477.51
  597.49,   235.71,   602.53
  597.43,   353.86,   349.15
  596.01,   357.37,   473.97
  594.58,   360.71,   599.03
  594.22,   478.94,   345.59
  592.88,   482.41,   470.44
  591.63,   485.73,   595.53
  349.08,   224.98,   472.98
  345.80,   222.83,   597.85
  342.38,   221.02,   722.88
  345.54,   350.40,   475.17
  342.49,   347.82,   600.33
  339.22,   345.33,   725.70
  342.05,   475.75,   477.51
  339.16,   472.86,   602.79
  336.09,   469.76,   728.22
  473.77,   228.44,   476.34
  470.76,   226.12,   601.13
  467.88,   224.32,   726.24
  470.28,   353.81,   478.26
  467.49,   351.21,   603.32
  464.64,   348.69,   728.69
  466.87,   479.10,   480.46
  464.11,   476.19,   605.70
  461.21,   473.19,   731.19
  599.19,   232.16,   479.29
  595.88,   229.60,   604.30
  592.93,   227.19,   729.49
  595.49,   357.21,   481.63
  592.45,   354.61,   606.69
  589.55,   352.01,   731.89
  591.86,   482.26,   483.97
  588.99,   479.63,   609.10
  586.04,   476.99,   734.36
  349.19,   225.57,   599.42
  347.78,   229.74,   724.49
  347.14,   233.50,   849.77
  349.76,   350.58,   595.94
  348.53,   354.04,   721.35
  347.34,   357.54,   846.33
  350.28,   475.68,   592.43
  349.24,   478.56,   717.89
  347.77,   481.92,   842.78
  474.23,   225.08,   600.67
  473.35,   229.25,   725.79
  472.35,   233.11,   850.87
  474.81,   350.19,   596.93
  473.97,   353.65,   722.29
  472.63,   357.09,   847.42
  475.29,   475.24,   593.35
  474.39,   478.26,   718.84
  472.92,   481.68,   843.77
  599.44,   224.79,   601.81
  598.45,   228.35,   727.01
  597.01,   232.18,   851.93
  599.87,   349.82,   598.29
  598.90,   353.23,   723.50
  597.60,   356.67,   848.44
  600.26,   474.88,   594.77
  599.27,   478.29,   720.04
  597.97,   481.67,   844.90
  350.75,   349.68,    98.69
  352.33,   350.10,   223.63
  353.95,   350.50,   348.29
  351.08,   474.36,    98.48
  352.67,   474.81,   223.35
  354.28,   475.72,   347.88
  351.61,   599.46,    97.98
  353.23,   599.97,   222.83
  354.76,   600.84,   347.59
  475.81,   349.23,    97.18
  477.12,   349.61,   222.14
  478.75,   350.07,   346.68
  476.07,   474.05,    97.02
  477.49,   474.41,   221.70
  479.09,   475.32,   346.14
  476.50,   599.09,    96.53
  478.30,   599.82,   221.11
  479.72,   600.58,   345.88
  600.88,   348.93,    95.46
  602.36,   349.23,   220.41
  604.10,   349.68,   345.10
  601.13,   473.92,    95.15
  602.67,   474.26,   219.83
  604.17,   474.82,   344.70
  601.58,   598.73,    94.63
  603.23,   599.65,   219.34
  604.67,   600.02,   344.29
  349.59,   351.62,   226.04
  351.33,   352.95,   350.69
  353.17,   354.19,   475.53
  350.18,   476.33,   224.83
  351.92,   478.17,   349.36
  353.77,   479.60,   474.18
  351.00,   601.48,   223.38
  352.66,   603.27,   348.14
  354.42,   604.64,   473.10
  474.37,   350.86,   224.42
  476.12,   352.26,   348.96
  478.02,   353.54,   473.71
  474.99,   475.66,   223.06
  476.73,   477.50,   347.49
  478.67,   478.89,   472.24
  476.06,   601.06,   221.54
  477.61,   602.75,   346.31
  479.33,   603.86,   471.23
  599.60,   350.21,   222.57
  601.46,   351.59,   347.25
  603.33,   352.91,   472.13
  600.17,   475.23,   221.07
  601.80,   476.73,   345.92
  603.73,   478.00,   470.84
  600.99,   600.62,   219.65
  602.56,   601.92,   344.59
  604.36,   602.94,   469.57
  348.10,   349.06,   350.98
  346.09,   349.01,   475.84
  344.07,   348.92,   601.04
  347.99,   474.29,   350.92
  345.99,   474.44,   475.77
  344.13,   474.03,   601.08
  348.02,   599.40,   350.97
  345.94,   599.51,   475.93
  344.04,   599.12,   601.15
  472.88,   349.08,   353.09
  470.91,   349.08,   477.85
  469.14,   348.98,   602.94
  472.79,   474.35,   352.88
  470.87,   474.45,   477.64
  469.14,   474.04,   602.91
  472.96,   599.60,   352.98
  470.84,   599.45,   477.90
  468.94,   599.00,   603.16
  598.21,   349.13,   355.24
  596.20,   349.17,   480.11
  594.17,   349.05,   605.22
  597.85,   474.29,   355.18
  595.94,   474.29,   480.08
  594.09,   474.15,   605.23
  597.91,   599.47,   355.13
  595.86,   599.24,   480.11
  593.94,   599.15,   605.32
  349.26,   350.40,   473.58
  352.70,   352.23,   598.72
  355.98,   354.08,   724.12
  352.91,   475.77,   471.47
  356.50,   477.28,   596.71
  359.96,   478.55,   722.17
  356.63,   600.76,   469.63
  360.14,   602.28,   594.79
  363.62,   603.64,   719.97
  474.00,   346.65,   470.25
  477.65,   348.47,   595.27
  481.31,   350.34,   720.60
  477.72,   471.95,   468.01
  481.41,   473.50,   593.19
  485.00,   474.94,   718.67
  481.45,   596.89,   466.23
  484.97,   598.38,   591.42
  488.45,   599.99,   716.66
  599.24,   342.93,   467.13
  602.62,   344.74,   592.18
  606.11,   346.53,   717.38
  602.70,   467.97,   465.09
  606.27,   469.78,   590.18
  609.76,   471.62,   715.45
  606.38,   592.86,   463.09
  609.90,   594.73,   588.23
  613.38,   596.71,   713.34
  350.29,   348.84,   600.41
  349.18,   350.61,   725.85
  348.17,   352.40,   850.84
  350.68,   473.95,   598.63
  349.76,   475.12,   724.13
  348.41,   476.82,   849.00
  350.91,   599.02,   596.90
  350.04,   600.27,   722.12
  348.78,   602.04,   847.01
  475.36,   348.57,   601.26
  474.65,   350.34,   726.65
  473.44,   352.07,   851.79
  475.70,   473.64,   599.40
  474.93,   474.95,   724.93
  473.57,   476.69,   849.84
  475.83,   598.58,   597.83
  474.95,   600.07,   723.10
  473.77,   602.20,   847.75
  600.41,   348.32,   602.47
  599.58,   350.02,   727.71
  598.39,   351.75,   852.66
  600.66,   473.42,   600.67
  599.80,   475.12,   725.97
  598.62,   476.77,   850.83
  600.85,   598.41,   598.93
  599.96,   600.26,   724.07
  598.83,   602.24,   848.85
  350.05,   474.14,   101.73
  353.08,   474.38,   226.56
  356.13,   475.05,   351.06
  350.98,   599.24,   101.45
  354.03,   599.53,   226.27
  356.99,   600.17,   351.00
  351.98,   724.60,   100.95
  355.12,   725.09,   225.91
  357.90,   725.10,   350.95
  475.02,   473.45,    98.83
  477.87,   473.59,   223.48
  480.91,   474.25,   347.89
  475.85,   598.50,    98.56
  479.07,   599.00,   223.12
  481.91,   599.51,   347.86
  476.75,   723.70,    98.11
  480.28,   724.82,   222.87
  482.98,   724.54,   347.89
  600.05,   472.95,    95.53
  603.03,   473.05,   220.19
  605.97,   473.37,   345.03
  600.89,   597.75,    95.24
  603.97,   598.43,   219.92
  606.84,   598.56,   344.85
  601.66,   722.84,    95.00
  605.02,   723.87,   219.85
  608.01,   723.64,   344.62
  350.05,   475.87,   223.84
  350.45,   475.72,   348.39
  350.95,   475.17,   473.22
  353.75,   600.98,   224.36
  354.06,   600.79,   349.14
  354.48,   600.18,   474.10
  357.59,   726.52,   224.83
  357.72,   725.68,   349.91
  357.97,   724.69,   475.11
  474.82,   472.34,   223.39
  475.21,   472.19,   347.83
  475.81,   471.59,   472.58
  478.77,   597.70,   223.84
  478.96,   597.40,   348.62
  479.36,   596.54,   473.54
  482.73,   723.47,   224.43
  482.77,   722.37,   349.48
  482.88,   720.98,   474.73
  599.96,   469.05,   222.72
  600.25,   468.56,   347.58
  600.85,   467.85,   472.50
  603.64,   594.38,   223.28
  603.87,   593.69,   348.23
  604.34,   592.76,   473.23
  607.45,   719.77,   224.03
  607.78,   718.71,   348.83
  608.06,   717.45,   473.91
  350.05,   475.40,   348.35
  353.40,   478.67,   473.10
  356.94,   481.34,   598.32
  348.36,   600.45,   345.36
  351.64,   603.67,   470.24
  355.10,   606.37,   595.38
  346.73,   725.36,   342.35
  349.84,   728.19,   467.46
  353.15,   731.17,   592.47
  474.81,   477.09,   344.91
  478.26,   480.31,   469.59
  481.89,   483.01,   594.76
  473.28,   602.30,   341.96
  476.51,   605.26,   466.82
  479.96,   607.91,   591.99
  471.81,   727.32,   339.06
  474.74,   729.69,   464.25
  477.96,   732.55,   589.43
  599.83,   478.68,   341.78
  603.27,   481.77,   466.63
  606.79,   484.76,   591.70
  598.19,   603.85,   338.68
  601.49,   606.68,   463.59
  604.93,   609.69,   588.72
  596.83,   728.93,   335.56
  599.94,   731.38,   460.53
  603.12,   734.34,   585.75
  349.49,   474.58,   472.90
  346.43,   472.66,   598.17
  343.21,   470.52,   723.64
  350.02,   599.64,   474.61
  346.91,   597.73,   599.79
  343.74,   595.64,   724.98
  350.50,   724.21,   476.41
  347.26,   722.60,   601.39
  344.13,   721.10,   726.16
  474.36,   473.98,   476.00
  471.42,   472.06,   601.22
  468.36,   470.04,   726.71
  474.90,   598.96,   477.79
  471.79,   597.00,   603.00
  468.63,   595.14,   728.23
  475.39,   723.42,   479.82
  472.07,   721.76,   604.98
  468.92,   720.58,   729.68
  599.41,   473.20,   479.64
  596.35,   471.56,   604.75
  593.21,   469.90,   730.02
  599.90,   598.14,   481.20
  596.77,   596.56,   606.37
  593.58,   595.05,   731.48
  600.58,   722.85,   482.76
  597.20,   721.30,   608.02
  593.90,   720.17,   732.95
  351.17,   474.15,   601.90
  353.29,   474.33,   727.39
  354.96,   475.08,   852.23
  352.77,   599.22,   601.13
  354.92,   599.47,   726.35
  356.69,   600.31,   851.20
  354.24,   724.08,   600.39
  356.43,   724.94,   725.19
  358.64,   726.00,   850.42
  476.16,   472.47,   599.63
  478.43,   472.80,   725.15
  480.13,   473.55,   850.06
  477.66,   597.41,   599.02
  479.83,   597.91,   724.29
  481.68,   599.06,   848.92
  479.08,   722.14,   598.64
  481.25,   723.30,   723.40
  483.48,   724.92,   848.13
  601.09,   470.86,   597.85
  603.28,   471.58,   723.16
  605.15,   472.24,   848.04
  602.65,   595.86,   597.08
  604.82,   596.72,   722.23
  606.73,   597.68,   847.03
  604.25,   720.58,   596.31
  606.28,   721.76,   721.32
  608.36,   723.20,   846.15
  348.28,   601.27,   102.00
  350.69,   600.78,   226.84
  353.02,   600.62,   351.59
  347.62,   726.64,   102.32
  350.10,   726.31,   227.30
  352.26,   725.53,   352.36
  346.76,   852.02,   102.85
  349.24,   851.63,   227.88
  351.28,   850.16,   352.90
  473.16,   602.21,    99.74
  475.75,   601.94,   224.32
  477.96,   601.66,   349.09
  472.42,   727.45,   100.11
  475.30,   727.75,   224.90
  477.35,   726.65,   349.94
  471.67,   852.97,   100.81
  474.39,   852.94,   225.61
  476.39,   851.14,   350.53
  598.21,   603.14,    97.06
  600.67,   603.05,   221.77
  602.90,   602.39,   346.70
  597.32,   728.26,    97.66
  600.07,   728.51,   222.53
  602.41,   727.45,   347.31
  596.60,   853.73,    98.62
  599.31,   853.47,   223.33
  601.72,   852.22,   347.95
  349.58,   598.78,   226.26
  349.88,   600.55,   351.03
  350.30,   601.90,   476.00
  346.69,   724.25,   224.78
  346.84,   725.43,   349.85
  347.10,   726.43,   475.03
  343.56,   849.55,   223.43
  343.59,   850.05,   348.45
  343.79,   850.77,   473.76
  474.62,   602.22,   225.73
  474.81,   603.87,   350.51
  475.18,   604.94,   475.46
  471.89,   727.98,   224.37
  471.91,   728.82,   349.44
  471.99,   729.36,   474.72
  468.69,   853.15,   223.15
  468.65,   853.26,   348.09
  468.69,   853.62,   473.47
  599.53,   605.62,   225.17
  599.74,   606.87,   350.11
  600.19,   607.85,   475.11
  596.66,   731.03,   223.99
  596.97,   731.89,   348.80
  597.20,   732.52,   473.90
  593.61,   855.96,   222.86
  593.96,   856.59,   347.52
  594.17,   857.24,   472.56
  348.84,   599.96,   348.35
  345.34,   600.37,   473.28
  342.02,   600.28,   598.46
  352.53,   724.86,   348.21
  348.86,   724.90,   473.34
  345.41,   725.10,   598.34
  356.01,   849.46,   347.87
  352.26,   849.19,   473.15
  348.82,   849.81,   598.16
  473.68,   596.56,   351.77
  470.16,   596.71,   476.66
  466.85,   596.55,   601.88
  477.52,   721.51,   351.75
  473.70,   721.14,   476.97
  470.17,   721.26,   602.14
  481.05,   845.98,   351.47
  477.16,   845.38,   476.83
  473.70,   845.90,   602.14
  598.54,   592.82,   355.35
  595.09,   592.90,   480.29
  591.77,   593.09,   605.46
  602.48,   717.82,   355.06
  598.82,   717.56,   480.14
  595.24,   717.80,   605.40
  606.29,   842.57,   354.80
  602.58,   842.29,   479.83
  598.89,   842.59,   605.22
  351.54,   601.48,   475.30
  354.53,   602.63,   600.48
  357.45,   603.63,   725.67
  351.78,   726.05,   474.01
  354.62,   727.49,   599.04
  357.58,   729.11,   723.80
  351.90,   850.39,   472.43
  354.75,   852.24,   597.49
  357.88,   854.52,   722.27
  476.43,   601.07,   472.39
  479.42,   602.18,   597.61
  482.34,   603.44,   722.84
  476.70,   725.54,   471.31
  479.46,   726.90,   596.52
  482.39,   728.82,   721.25
  476.87,   849.83,   469.75
  479.72,   851.57,   595.10
  482.89,   854.11,   720.07
  601.44,   600.50,   469.70
  604.40,   601.99,   594.88
  607.34,   603.60,   719.99
  601.91,   725.23,   468.13
  604.63,   726.70,   593.39
  607.42,   728.61,   718.39
  602.37,   850.01,   466.45
  605.01,   851.54,   591.80
  607.74,   853.56,   717.16
  350.91,   601.51,   601.90
  351.88,   604.20,   727.07
  352.47,   607.47,   851.91
  353.11,   726.33,   598.74
  354.11,   729.63,   723.50
  355.16,   733.09,   848.74
  355.33,   851.00,   595.51
  356.50,   854.97,   720.28
  357.78,   858.50,   845.86
  475.81,   598.97,   601.03
  476.78,   601.90,   726.26
  477.44,   605.51,   850.85
  477.95,   723.65,   598.23
  478.93,   727.24,   722.97
  479.99,   731.30,   847.69
  480.30,   848.25,   595.14
  481.52,   852.48,   720.08
  482.69,   856.56,   845.02
  600.81,   596.69,   600.32
  601.77,   599.97,   725.43
  602.49,   603.38,   850.18
  603.12,   721.36,   597.14
  603.96,   724.96,   722.13
  604.86,   728.85,   846.93
  605.60,   846.14,   593.85
  606.37,   849.85,   719.19
  607.30,   853.63,   844.03
  474.27,   102.41,   100.58
  471.56,   101.56,   225.60
  468.87,   100.09,   350.48
  472.66,   227.24,   101.28
  469.91,   226.46,   226.29
  467.23,   225.18,   351.29
  470.77,   351.77,   102.31
  467.95,   351.02,   227.21
  465.42,   350.36,   351.73
  599.40,   103.67,   103.05
  596.79,   102.85,   228.12
  594.13,   101.87,   352.96
  597.68,   228.45,   103.85
  594.94,   227.82,   228.93
  592.66,   226.84,   353.64
  595.82,   353.39,   104.77
  593.14,   352.56,   229.65
  590.71,   351.88,   354.31
  724.51,   104.64,   105.43
  721.99,   104.14,   230.58
  719.16,   103.57,   354.96
  722.43,   229.72,   106.38
  719.88,   229.07,   231.21
  718.10,   228.41,   355.62
  720.84,   355.11,   107.04
  718.55,   354.26,   231.89
  716.05,   353.54,   356.85
  476.27,    99.91,   225.09
  478.71,    99.47,   349.97
  481.28,    99.45,   474.92
  472.84,   224.79,   224.87
  475.29,   224.53,   349.87
  477.80,   224.48,   474.77
  469.10,   349.32,   224.88
  471.68,   349.65,   349.42
  474.41,   349.86,   474.16
  601.47,   103.00,   222.47
  603.94,   103.05,   347.29
  606.40,   103.20,   472.11
  597.82,   227.94,   222.38
  600.69,   227.97,   347.07
  603.27,   228.16,   471.89
  594.24,   352.64,   222.20
  596.94,   352.97,   346.86
  599.66,   353.23,   471.72
  726.64,   106.03,   219.82
  728.93,   106.51,   344.17
  731.60,   106.78,   468.77
  722.67,   230.98,   219.56
  726.02,   231.31,   343.95
  728.86,   231.88,   468.92
  719.60,   356.14,   219.29
  722.23,   356.43,   344.26
  724.82,   356.57,   469.37
  473.42,    99.15,   350.02
  472.15,    96.20,   474.94
  470.92,    93.79,   599.87
  469.71,   224.16,   352.73
  468.38,   221.19,   477.63
  467.22,   218.68,   602.44
  465.84,   349.27,   355.07
  464.71,   346.55,   479.83
  463.79,   343.75,   604.91
  598.66,   102.99,   351.30
  597.24,   100.22,   476.14
  595.85,    97.59,   601.20
  595.13,   227.88,   353.88
  593.80,   225.12,   478.72
  592.37,   222.35,   603.74
  591.10,   352.85,   356.45
  589.95,   350.18,   481.30
  588.78,   347.36,   606.39
  723.68,   106.72,   352.08
  722.45,   104.05,   476.76
  721.06,   101.28,   602.14
  720.53,   231.51,   354.67
  719.43,   229.13,   479.67
  717.59,   226.20,   604.96
  716.40,   356.56,   357.81
  715.16,   353.78,   482.90
  713.78,   350.89,   608.08
  473.16,   101.32,   473.71
  470.93,    97.95,   598.58
  468.78,    95.06,   723.64
  471.51,   226.36,   477.31
  469.38,   222.88,   602.09
  467.39,   219.93,   727.19
  469.98,   351.73,   480.47
  468.07,   347.97,   605.52
  466.10,   344.30,   730.87
  598.30,   103.18,   475.82
  595.91,    99.60,   600.84
  593.86,    96.33,   726.10
  596.98,   228.12,   479.35
  594.56,   224.40,   604.35
  592.50,   220.84,   729.54
  595.25,   353.19,   482.92
  593.09,   349.42,   607.97
  591.07,   345.65,   733.16
  723.54,   104.86,   477.39
  721.14,   101.14,   602.74
  718.78,    97.27,   728.31
  722.63,   229.97,   481.27
  719.80,   226.07,   606.52
  717.09,   221.58,   731.68
  720.47,   354.62,   485.47
  718.11,   350.78,   610.62
  715.54,   347.06,   735.62
  476.33,    99.93,   598.24
  478.04,    99.06,   723.35
  479.95,    97.91,   848.43
  479.16,   224.86,   599.71
  481.05,   223.87,   724.87
  482.81,   222.63,   849.96
  482.20,   349.99,   601.10
  484.13,   348.31,   726.48
  485.55,   346.62,   851.61
  601.30,    97.31,   596.55
  603.09,    96.01,   721.87
  604.81,    94.71,   846.88
  604.34,   222.13,   598.02
  606.08,   220.49,   723.26
  607.41,   219.17,   848.24
  607.21,   347.15,   599.65
  608.98,   345.40,   724.88
  610.43,   343.71,   849.82
  726.48,    94.58,   594.53
  728.01,    92.76,   720.13
  729.74,    91.05,   845.40
  729.62,   219.59,   596.22
  730.66,   217.03,   721.43
  731.92,   215.34,   846.60
  732.25,   344.23,   598.34
  733.47,   342.51,   723.41
  734.96,   340.91,   848.05
  475.40,   226.64,   100.48
  474.66,   227.12,   225.53
  474.00,   227.12,   350.54
  474.95,   351.19,   100.27
  474.14,   351.70,   225.21
  473.62,   352.29,   349.76
  474.73,   476.00,    99.98
  474.01,   476.51,   224.66
  473.48,   477.55,   349.10
  600.46,   226.42,   101.02
  599.72,   227.06,   226.14
  599.48,   227.35,   350.85
  600.04,   351.39,   100.70
  599.38,   351.82,   225.62
  598.96,   352.39,   350.32
  599.81,   476.37,   100.24
  599.19,   476.85,   224.94
  598.56,   477.55,   349.80
  725.25,   226.27,   101.51
  724.66,   226.88,   226.40
  724.92,   227.49,   350.82
  725.06,   351.69,   100.97
  724.81,   352.10,   225.83
  724.33,   352.64,   350.83
  725.06,   476.85,   100.29
  724.40,   477.30,   225.17
  723.71,   477.57,   350.55
  474.30,   226.18,   224.31
  476.23,   228.24,   349.28
  478.24,   230.52,   474.15
  472.63,   350.71,   221.96
  474.71,   353.37,   346.47
  476.94,   355.92,   471.18
  471.36,   475.47,   219.38
  473.43,   478.58,   343.78
  475.70,   481.25,   468.48
  599.32,   227.21,   222.30
  601.69,   229.56,   346.96
  603.76,   232.06,   471.77
  597.84,   351.93,   219.75
  600.02,   354.57,   344.40
  602.23,   357.15,   469.24
  596.53,   476.92,   217.02
  598.48,   479.69,   341.83
  600.74,   482.22,   466.71
  724.22,   228.12,   219.96
  727.07,   230.78,   344.33
  729.40,   233.66,   469.30
  723.24,   353.31,   217.32
  725.36,   355.91,   342.27
  727.43,   358.37,   467.38
  721.71,   478.49,   214.59
  723.62,   480.83,   339.92
  725.65,   483.24,   465.07
  475.79,   222.85,   349.29
  476.82,   222.43,   474.21
  478.05,   222.44,   599.04
  478.44,   347.97,   349.10
  479.70,   347.82,   473.87
  481.14,   347.58,   598.95
  481.32,   473.19,   349.01
  482.64,   473.15,   473.78
  484.13,   472.62,   599.03
  601.23,   220.04,   347.95
  602.33,   219.85,   472.80
  603.24,   219.64,   597.86
  603.78,   345.04,   348.01
  605.01,   344.94,   472.90
  606.17,   344.67,   598.02
  606.38,   470.15,   348.09
  607.68,   470.00,   473.02
  609.05,   469.75,   598.17
  726.60,   217.12,   346.26
  727.98,   217.35,   471.22
  728.53,   217.03,   596.56
  729.12,   342.26,   346.83
  730.26,   342.06,   471.97
  731.22,   341.69,   597.22
  731.52,   467.17,   347.17
  732.58,   466.90,   472.37
  733.94,   466.85,   597.47
  473.00,   225.44,   476.65
  472.90,   224.26,   601.49
  472.96,   223.59,   726.66
  471.56,   350.86,   477.53
  471.69,   349.41,   602.63
  471.77,   348.03,   728.04
  470.20,   476.22,   478.67
  470.36,   474.45,   603.95
  470.39,   472.60,   729.49
  598.50,   227.16,   476.63
  598.10,   225.75,   601.69
  598.06,   224.45,   726.94
  596.87,   352.28,   477.92
  596.73,   350.81,   603.03
  596.72,   349.35,   728.29
  595.27,   477.38,   479.22
  595.31,   475.90,   604.39
  595.27,   474.42,   729.71
  724.17,   228.96,   476.47
  723.38,   227.40,   601.80
  722.66,   225.19,   727.02
  722.11,   353.68,   478.40
  721.78,   352.13,   603.62
  721.24,   350.73,   728.71
  720.20,   478.58,   479.94
  720.24,   477.37,   605.03
  720.19,   476.27,   730.11
  474.02,   226.54,   600.44
  473.91,   228.96,   725.60
  473.70,   231.07,   850.72
  472.05,   351.68,   598.45
  471.98,   353.38,   723.86
  471.42,   355.06,   849.02
  469.98,   476.73,   596.63
  469.85,   477.98,   722.17
  469.14,   479.67,   847.11
  599.21,   228.78,   600.76
  599.00,   230.57,   726.00
  598.35,   232.64,   850.96
  597.09,   353.83,   598.98
  596.91,   355.48,   724.24
  596.38,   357.15,   849.22
  594.93,   478.91,   597.21
  594.72,   480.54,   722.53
  594.19,   482.16,   847.42
  724.48,   231.18,   601.01
  723.57,   232.10,   726.22
  722.88,   233.91,   851.30
  722.14,   355.89,   599.70
  721.44,   357.64,   724.80
  720.96,   359.44,   849.44
  719.84,   481.12,   597.98
  719.66,   483.14,   723.06
  719.01,   484.87,   847.81
  475.28,   350.33,    98.66
  476.08,   354.04,   223.56
  477.18,   357.86,   348.04
  471.89,   475.06,    95.19
  472.80,   478.75,   219.84
  473.89,   483.01,   344.22
  468.64,   600.01,    91.43
  469.95,   604.05,   215.95
  470.87,   608.17,   340.68
  600.31,   353.67,    97.37
  601.28,   357.30,   222.24
  602.47,   361.10,   346.89
  596.90,   478.56,    93.76
  597.94,   482.24,   218.38
  598.90,   486.16,   343.18
  593.65,   603.25,    89.98
  594.87,   607.54,   214.60
  595.79,   611.29,   339.49
  725.28,   357.11,    95.92
  726.66,   360.74,   220.71
  727.75,   364.48,   345.70
  722.11,   482.14,    92.11
  723.06,   485.85,   216.86
  724.00,   489.31,   342.18
  719.04,   606.89,    88.26
  719.61,   610.76,   213.21
  720.71,   614.14,   338.29
  472.76,   348.86,   227.14
  474.54,   352.50,   351.63
  476.46,   356.03,   476.34
  474.07,   473.60,   223.54
  475.84,   477.69,   347.92
  477.81,   481.33,   472.62
  475.84,   598.94,   219.76
  477.42,   602.89,   344.48
  479.17,   606.25,   469.36
  597.98,   347.48,   225.31
  599.87,   351.10,   349.94
  601.76,   354.67,   474.77
  599.24,   472.44,   221.56
  600.90,   476.19,   346.36
  602.86,   479.71,   471.22
  600.76,   597.77,   217.87
  602.36,   601.34,   342.77
  604.19,   604.60,   467.70
  723.38,   346.25,   223.26
  725.22,   349.85,   348.17
  726.99,   353.30,   473.27
  724.46,   471.41,   219.51
  726.05,   474.74,   344.82
  727.77,   478.14,   469.96
  725.56,   596.39,   215.92
  727.32,   599.58,   341.07
  729.16,   603.12,   466.13
  472.94,   349.73,   349.13
  474.12,   346.72,   473.88
  475.49,   343.61,   598.93
  474.94,   474.94,   351.91
  476.17,   472.03,   476.64
  477.59,   468.63,   601.88
  477.19,   600.14,   354.99
  478.23,   596.97,   479.88
  479.49,   593.53,   605.11
  598.27,   347.71,   348.09
  599.44,   344.75,   472.93
  600.53,   341.63,   598.01
  600.00,   472.81,   351.01
  601.24,   469.81,   475.90
  602.53,   466.69,   601.02
  602.14,   597.94,   353.94
  603.24,   594.71,   478.91
  604.48,   591.66,   604.08
  723.64,   345.84,   346.95
  724.72,   342.80,   472.04
  725.61,   339.58,   597.24
  725.15,   470.74,   350.15
  726.16,   467.62,   475.29
  727.45,   464.72,   600.35
  727.11,   595.57,   352.93
  728.19,   592.64,   478.03
  729.47,   590.03,   603.09
  474.51,   350.04,   475.95
  477.26,   349.23,   601.03
  480.01,   348.48,   726.41
  476.50,   475.39,   476.41
  479.29,   474.28,   601.66
  481.96,   473.10,   727.16
  478.48,   600.35,   477.33
  481.11,   599.21,   602.57
  483.67,   598.21,   727.82
  599.79,   348.12,   473.68
  602.28,   347.30,   598.77
  604.88,   346.47,   724.01
  601.53,   473.21,   474.32
  604.21,   472.39,   599.46
  606.79,   471.59,   724.76
  603.48,   598.14,   475.01
  606.09,   597.39,   600.20
  608.66,   596.74,   725.33
  725.04,   346.20,   471.46
  727.33,   345.28,   596.68
  729.38,   344.49,   721.75
  726.43,   471.07,   472.37
  729.09,   470.48,   597.45
  731.70,   470.05,   722.50
  728.42,   596.11,   472.77
  731.06,   595.81,   597.84
  733.93,   595.28,   722.81
  473.54,   351.05,   597.83
  473.47,   353.50,   723.22
  472.91,   355.92,   848.37
  474.60,   476.12,   595.27
  474.48,   478.12,   720.79
  473.78,   480.53,   845.73
  475.47,   601.04,   593.02
  475.24,   603.22,   718.28
  474.72,   606.03,   842.95
  598.59,   350.06,   598.41
  598.40,   352.45,   723.65
  597.88,   354.88,   848.62
  599.57,   475.14,   595.91
  599.36,   477.54,   721.22
  598.84,   479.89,   846.10
  600.49,   600.11,   593.49
  600.25,   602.66,   718.63
  599.78,   605.34,   843.41
  723.67,   348.99,   599.16
  722.95,   351.45,   724.25
  722.46,   354.00,   848.89
  724.49,   474.19,   596.74
  724.30,   476.97,   721.80
  723.66,   479.47,   846.51
  725.50,   599.47,   593.96
  725.54,   602.15,   718.93
  725.02,   604.33,   844.07
  475.62,   474.24,   100.82
  473.10,   472.68,   225.47
  470.77,   471.63,   349.88
  478.11,   599.27,   102.29
  475.93,   598.06,   226.88
  473.41,   596.86,   351.62
  480.68,   724.51,   103.61
  478.79,   723.84,   228.41
  476.10,   721.82,   353.44
  600.66,   472.06,   102.83
  598.24,   470.46,   227.52
  595.82,   469.08,   352.34
  603.17,   596.88,   104.27
  600.82,   595.83,   229.02
  598.32,   594.23,   353.95
  605.60,   722.01,   105.83
  603.54,   721.24,   230.72
  601.12,   719.24,   355.51
  725.87,   470.00,   104.65
  723.44,   468.35,   229.53
  720.94,   466.57,   354.87
  728.47,   594.89,   106.06
  725.59,   593.34,   231.13
  723.28,   591.43,   356.32
  730.68,   719.72,   107.93
  728.30,   718.05,   232.95
  726.08,   716.40,   357.56
  474.01,   476.65,   225.06
  473.73,   480.97,   349.45
  473.64,   484.83,   474.17
  473.98,   602.00,   221.09
  473.51,   606.16,   345.82
  473.20,   609.74,   470.72
  473.97,   727.76,   217.22
  473.35,   731.14,   342.23
  472.74,   734.14,   467.46
  599.19,   477.36,   225.08
  598.80,   481.33,   349.89
  598.71,   485.06,   474.75
  598.93,   602.69,   221.20
  598.47,   606.47,   346.10
  598.24,   609.95,   471.04
  598.76,   728.09,   217.52
  598.42,   731.50,   342.28
  597.99,   734.61,   467.31
  724.40,   478.16,   225.05
  723.94,   481.70,   350.37
  723.64,   485.35,   475.49
  723.72,   603.12,   221.28
  723.46,   606.55,   346.39
  723.25,   610.33,   471.44
  723.56,   727.81,   217.76
  723.42,   731.52,   342.31
  723.27,   735.29,   467.02
  473.37,   474.97,   351.66
  477.07,   472.55,   476.36
  480.94,   469.64,   601.56
  472.68,   600.19,   354.29
  476.18,   597.52,   479.15
  479.89,   594.56,   604.34
  472.03,   725.12,   357.01
  475.24,   721.96,   482.21
  478.74,   719.30,   607.33
  598.40,   475.84,   348.36
  602.09,   473.32,   473.22
  605.85,   470.69,   598.31
  597.60,   601.00,   350.85
  601.16,   598.24,   475.78
  604.85,   595.68,   600.93
  597.08,   726.02,   353.31
  600.43,   722.94,   478.34
  603.87,   720.39,   603.55
  723.51,   476.75,   345.10
  726.97,   474.12,   470.22
  730.71,   471.72,   595.25
  722.54,   601.62,   347.42
  726.09,   599.15,   472.49
  729.80,   597.03,   597.51
  722.04,   726.61,   349.59
  725.64,   724.13,   474.36
  729.14,   721.79,   599.50
  472.82,   474.86,   473.50
  472.26,   477.95,   598.72
  471.57,   480.92,   724.21
  471.27,   599.82,   470.26
  470.53,   602.85,   595.47
  469.74,   606.01,   720.70
  469.70,   724.25,   467.25
  468.73,   727.52,   592.45
  467.95,   731.35,   717.17
  597.89,   476.24,   474.72
  597.21,   479.60,   599.83
  596.45,   482.97,   725.11
  596.29,   601.14,   471.25
  595.54,   604.53,   596.42
  594.73,   608.05,   721.53
  594.91,   725.81,   467.77
  593.90,   729.18,   593.04
  592.96,   733.05,   718.02
  722.81,   477.65,   476.10
  722.13,   481.29,   601.14
  721.40,   485.04,   726.16
  721.28,   602.64,   472.32
  720.56,   606.50,   597.35
  720.02,   610.14,   722.30
  720.17,   727.58,   468.16
  719.23,   731.19,   593.31
  718.26,   734.73,   718.50
  474.37,   474.44,   599.00
  478.01,   470.31,   724.44
  481.08,   466.58,   849.30
  471.78,   599.30,   602.98
  475.30,   595.33,   728.15
  478.48,   592.01,   852.69
  469.08,   723.99,   607.14
  472.62,   720.70,   731.79
  476.19,   717.83,   856.45
  599.26,   477.06,   595.93
  602.81,   473.31,   721.16
  606.05,   469.50,   845.98
  596.71,   601.97,   599.73
  600.23,   598.37,   724.79
  603.50,   594.87,   849.50
  594.18,   726.62,   603.57
  597.58,   723.38,   728.46
  601.03,   720.38,   853.18
  724.11,   479.68,   593.04
  727.70,   476.30,   718.04
  730.81,   472.68,   842.67
  721.67,   604.90,   596.47
  725.46,   601.43,   721.39
  728.67,   597.46,   846.47
  719.45,   729.57,   599.66
  722.83,   726.01,   724.78
  726.33,   722.08,   849.99
  476.88,   598.66,    99.22
  476.75,   598.84,   223.82
  476.26,   599.04,   348.60
  475.36,   723.87,    99.11
  475.54,   724.64,   223.91
  474.89,   724.04,   348.97
  473.85,   849.37,    99.30
  473.88,   849.87,   224.13
  473.17,   848.54,   349.08
  601.96,   600.36,    99.21
  601.69,   600.72,   223.97
  601.22,   600.52,   348.92
  600.31,   725.47,    99.33
  600.33,   726.17,   224.23
  599.96,   725.58,   349.05
  598.80,   850.93,    99.81
  598.81,   851.14,   224.54
  598.50,   850.34,   349.20
  727.34,   602.45,    99.00
  726.49,   602.33,   224.06
  726.21,   601.81,   349.26
  725.42,   727.33,    99.43
  725.13,   727.06,   224.49
  724.96,   726.82,   349.09
  723.54,   852.21,   100.09
  723.58,   851.91,   224.80
  723.75,   852.03,   349.32
  475.43,   599.32,   225.04
  472.11,   600.86,   349.78
  468.97,   601.85,   474.67
  479.52,   725.08,   223.88
  476.04,   725.81,   348.90
  472.61,   726.25,   474.14
  483.17,   850.25,   222.87
  479.64,   850.27,   347.75
  476.15,   850.49,   473.09
  600.27,   595.91,   228.05
  596.97,   597.06,   352.96
  593.92,   597.96,   477.91
  604.21,   721.29,   227.06
  601.01,   722.06,   351.83
  597.74,   722.62,   476.90
  608.00,   846.21,   226.12
  604.89,   846.80,   350.73
  601.58,   847.34,   475.74
  724.98,   592.25,   231.02
  721.87,   593.07,   356.19
  718.81,   594.27,   481.27
  728.93,   716.93,   230.15
  725.91,   718.03,   354.75
  722.90,   719.20,   479.58
  732.72,   841.68,   229.22
  730.04,   843.19,   353.67
  726.91,   844.57,   478.23
  476.26,   600.72,   348.20
  476.71,   596.93,   473.07
  477.40,   592.83,   598.26
  474.68,   725.65,   352.02
  474.85,   721.34,   477.23
  475.31,   717.52,   602.39
  472.75,   850.03,   355.58
  472.88,   845.56,   480.96
  473.43,   842.18,   606.25
  601.22,   602.42,   347.82
  601.73,   598.52,   472.77
  602.39,   594.81,   597.92
  599.76,   727.40,   351.39
  600.07,   723.18,   476.44
  600.47,   719.48,   601.69
  598.10,   852.08,   354.99
  598.38,   847.86,   480.01
  598.70,   844.24,   605.38
  726.20,   603.91,   347.45
  726.71,   600.30,   472.53
  727.39,   597.04,   597.58
  724.76,   728.86,   350.73
  725.32,   725.25,   475.52
  725.78,   721.76,   600.70
  723.36,   854.04,   354.41
  723.81,   850.62,   478.95
  724.02,   846.69,   604.07
  475.45,   601.86,   474.32
  475.48,   598.53,   599.54
  475.45,   595.30,   724.78
  477.19,   726.27,   477.71
  477.00,   723.24,   602.89
  476.98,   720.69,   727.62
  478.84,   850.53,   480.62
  478.75,   847.92,   605.96
  478.95,   846.03,   730.85
  600.47,   599.84,   474.55
  600.48,   596.88,   599.73
  600.45,   594.02,   724.87
  602.42,   724.52,   477.45
  602.18,   721.58,   602.73
  602.01,   719.06,   727.70
  604.37,   849.26,   480.23
  604.03,   846.39,   605.62
  603.79,   844.02,   730.92
  725.44,   598.00,   474.89
  725.49,   595.50,   599.95
  725.73,   592.76,   724.93
  727.66,   722.97,   477.11
  727.48,   720.25,   602.30
  727.35,   717.42,   727.47
  729.77,   848.38,   479.72
  729.34,   845.20,   604.86
  728.86,   841.77,   730.36
  473.01,   598.76,   601.45
  474.70,   598.25,   726.71
  476.07,   598.40,   851.35
  470.41,   723.50,   602.12
  472.12,   723.66,   726.87
  473.88,   724.25,   851.63
  468.01,   848.19,   602.51
  469.97,   849.00,   727.42
  471.85,   849.62,   852.42
  597.99,   601.24,   599.96
  599.68,   601.09,   725.11
  601.12,   601.08,   849.89
  595.55,   725.94,   600.30
  597.11,   726.15,   725.29
  598.74,   726.63,   850.10
  593.27,   850.76,   600.54
  594.80,   851.14,   725.87
  596.48,   851.53,   850.68
  722.99,   603.99,   598.46
  724.95,   603.96,   723.46
  726.33,   603.43,   848.63
  720.85,   728.72,   598.14
  722.40,   728.60,   723.36
  724.07,   728.15,   848.64
  718.57,   853.75,   598.11
  719.82,   853.04,   723.63
  721.27,   852.91,   848.53
  599.68,    99.98,    98.76
  598.35,    96.75,   223.82
  596.89,    93.37,   348.64
  599.01,   224.73,   102.00
  597.53,   221.70,   227.06
  596.52,   218.30,   351.75
  598.19,   349.65,   105.36
  596.77,   346.41,   230.22
  595.62,   343.30,   354.87
  724.80,    99.95,    99.85
  723.64,    97.00,   225.02
  721.91,    94.04,   349.46
  723.80,   224.94,   103.27
  722.46,   221.88,   228.11
  721.96,   218.80,   352.46
  723.22,   350.31,   106.39
  722.19,   347.04,   231.21
  721.00,   343.91,   356.13
  849.45,   100.27,   101.12
  848.23,    97.33,   225.94
  846.75,    94.70,   350.59
  848.64,   225.39,   104.17
  847.73,   222.11,   229.12
  846.87,   219.53,   354.22
  848.47,   351.02,   107.23
  847.37,   347.80,   232.23
  845.86,   344.54,   357.55
  598.52,    99.09,   227.08
  598.65,    97.78,   351.94
  598.78,    96.59,   476.81
  597.26,   224.07,   228.26
  597.82,   222.75,   352.98
  598.05,   221.56,   477.84
  596.06,   348.81,   229.35
  596.46,   347.78,   354.05
  596.85,   346.68,   478.93
  723.80,    99.82,   226.73
  723.69,    98.92,   351.16
  723.97,    97.78,   475.85
  722.20,   224.74,   227.74
  723.26,   223.74,   352.15
  723.74,   222.95,   477.15
  721.49,   349.93,   228.78
  721.83,   348.88,   353.75
  722.13,   347.68,   478.89
  848.43,   100.59,   226.08
  848.55,   100.07,   350.80
  849.03,    99.25,   475.69
  847.46,   225.46,   227.20
  848.16,   224.95,   352.36
  848.44,   224.09,   477.41
  846.69,   351.18,   228.21
  846.70,   349.99,   353.58
  846.84,   348.52,   478.88
  601.75,   100.44,   351.57
  598.23,    99.96,   476.40
  594.74,    99.62,   601.45
  599.40,   225.38,   351.82
  595.97,   224.93,   476.65
  592.43,   224.45,   601.67
  596.54,   350.40,   352.09
  593.28,   350.04,   476.93
  590.00,   349.51,   601.99
  726.73,   103.04,   354.38
  723.41,   102.64,   479.06
  719.94,   102.16,   604.43
  724.79,   227.86,   354.63
  721.59,   227.79,   479.63
  717.64,   227.14,   604.92
  721.84,   352.98,   355.45
  718.48,   352.49,   480.54
  715.00,   351.89,   605.72
  851.55,   105.69,   357.75
  848.39,   105.59,   482.58
  845.05,   104.89,   607.55
  849.61,   230.57,   358.52
  846.23,   230.38,   483.50
  842.31,   229.48,   608.31
  846.63,   355.55,   358.92
  843.13,   354.80,   484.18
  839.70,   354.15,   609.21
  600.09,    98.39,   474.86
  600.26,    95.88,   599.92
  600.74,    93.64,   725.24
  597.07,   223.31,   477.36
  597.18,   220.65,   602.40
  597.63,   218.11,   727.64
  593.59,   348.37,   479.90
  593.96,   345.65,   605.00
  594.46,   342.95,   730.24
  725.29,   101.87,   473.92
  725.48,    99.21,   599.29
  725.65,    96.38,   724.90
  722.71,   226.96,   476.75
  722.43,   224.16,   602.05
  722.21,   220.69,   727.25
  718.82,   351.63,   479.93
  718.98,   348.83,   605.13
  718.93,   346.16,   730.20
  850.30,   105.62,   473.89
  850.62,   102.80,   598.86
  850.70,    99.52,   724.11
  847.38,   230.36,   477.05
  847.11,   227.30,   601.88
  846.76,   223.87,   726.70
  843.49,   354.74,   479.97
  843.69,   351.89,   605.03
  843.82,   349.48,   729.70
  598.09,   100.54,   601.09
  595.32,    97.76,   726.36
  592.48,    94.97,   851.28
  601.44,   225.32,   604.20
  598.65,   222.22,   729.39
  595.41,   219.43,   854.28
  604.65,   350.31,   607.46
  601.89,   347.04,   732.63
  598.73,   343.83,   857.49
  723.24,    97.38,   603.61
  720.20,    94.05,   729.17
  717.37,    90.95,   854.31
  726.63,   222.30,   606.94
  723.17,   218.26,   732.10
  719.87,   215.25,   857.16
  729.62,   346.96,   610.68
  726.30,   343.74,   735.66
  723.29,   340.59,   860.22
  848.38,    94.46,   606.26
  845.28,    90.70,   731.56
  842.53,    87.11,   857.11
  851.24,   218.90,   609.82
  847.70,   214.89,   734.61
  845.16,   211.73,   859.94
  854.26,   343.49,   613.58
  851.16,   340.52,   738.18
  848.40,   337.73,   862.97
  600.86,   225.77,    98.38
  598.57,   224.76,   223.50
  596.77,   223.37,   348.20
  603.62,   350.71,    99.79
  601.42,   349.47,   224.70
  599.46,   348.36,   349.38
  606.59,   475.66,   101.04
  604.42,   474.47,   225.73
  602.24,   473.47,   350.59
  725.60,   222.41,   100.40
  723.44,   221.35,   225.29
  722.15,   220.28,   349.66
  728.60,   347.79,   101.58
  726.79,   346.53,   226.42
  724.80,   345.40,   351.38
  731.81,   472.94,   102.60
  729.61,   471.70,   227.48
  727.35,   470.30,   352.85
  850.39,   219.27,   102.06
  848.68,   217.98,   227.03
  847.03,   217.43,   352.15
  853.77,   344.89,   103.18
  851.91,   343.70,   228.19
  849.62,   342.45,   353.53
  857.40,   470.22,   104.14
  855.46,   468.80,   228.92
  852.42,   467.30,   354.65
  598.12,   223.64,   226.90
  597.44,   223.02,   351.62
  596.44,   222.53,   476.49
  595.34,   348.36,   227.27
  594.50,   348.03,   351.96
  593.66,   347.64,   476.84
  592.72,   473.35,   227.48
  591.67,   473.17,   352.30
  590.92,   472.74,   477.21
  723.04,   225.87,   227.60
  722.86,   225.58,   352.02
  722.10,   225.48,   477.03
  720.74,   351.06,   227.92
  719.84,   350.70,   352.90
  718.91,   350.20,   478.03
  717.90,   476.22,   228.16
  716.79,   475.61,   353.51
  715.84,   475.08,   478.66
  848.28,   228.19,   228.29
  847.74,   228.36,   353.46
  846.78,   228.19,   478.50
  845.93,   353.88,   228.57
  844.69,   353.37,   353.95
  843.60,   352.60,   479.25
  843.77,   478.97,   228.50
  841.90,   478.21,   354.27
  840.58,   477.57,   479.68
  601.26,   225.39,   348.13
  604.05,   222.57,   472.92
  606.64,   219.71,   597.93
  602.45,   350.40,   350.82
  605.37,   347.64,   475.66
  608.22,   344.73,   600.73
  603.73,   475.51,   353.53
  606.72,   472.70,   478.41
  609.77,   469.80,   603.52
  726.62,   223.88,   344.75
  729.69,   221.45,   469.65
  731.93,   218.51,   594.92
  727.78,   349.01,   347.96
  730.60,   346.16,   473.04
  733.27,   343.14,   598.22
  728.84,   473.90,   350.92
  731.60,   470.99,   476.05
  734.66,   468.32,   601.10
  851.49,   222.57,   342.41
  854.29,   220.12,   467.44
  856.56,   216.87,   592.18
  852.61,   347.64,   345.21
  855.24,   344.53,   470.47
  857.91,   341.41,   595.45
  853.98,   472.49,   347.80
  856.35,   469.46,   473.16
  859.39,   466.68,   598.27
  599.79,   223.37,   473.42
  597.84,   220.66,   598.44
  596.26,   218.08,   723.66
  596.31,   348.42,   475.96
  594.63,   345.67,   601.03
  593.11,   342.92,   726.25
  592.88,   473.48,   478.50
  591.40,   470.70,   603.63
  589.83,   467.91,   728.92
  725.41,   226.96,   474.83
  723.09,   224.12,   600.12
  720.84,   220.62,   725.32
  721.52,   351.62,   478.01
  719.65,   348.79,   603.20
  717.58,   346.07,   728.25
  717.77,   476.47,   480.81
  716.28,   473.96,   605.86
  714.67,   471.55,   730.92
  850.03,   230.29,   477.21
  847.75,   227.19,   602.00
  845.37,   223.71,   726.80
  846.17,   354.67,   480.09
  844.35,   351.78,   605.13
  842.44,   349.33,   729.80
  842.49,   479.61,   482.68
  841.06,   477.11,   607.79
  839.91,   474.97,   732.47
  599.46,   225.30,   600.24
  596.16,   222.29,   725.41
  592.44,   219.60,   850.31
  599.96,   350.33,   603.33
  596.70,   347.15,   728.50
  593.06,   344.03,   853.38
  600.43,   475.40,   606.43
  597.13,   472.20,   731.66
  593.48,   468.96,   856.42
  724.69,   224.98,   603.57
  720.72,   221.05,   728.72
  716.91,   218.10,   853.76
  724.97,   349.68,   607.14
  721.16,   346.55,   732.13
  717.62,   343.49,   856.69
  725.32,   474.91,   610.30
  721.99,   472.09,   735.28
  718.22,   468.94,   859.87
  849.33,   224.27,   607.05
  845.26,   220.36,   731.83
  842.14,   217.26,   857.10
  849.65,   348.91,   610.67
  846.03,   346.04,   735.27
  842.70,   343.31,   859.99
  850.10,   474.27,   613.81
  847.25,   471.72,   738.41
  843.75,   468.81,   862.78
  599.53,   349.38,    98.75
  598.29,   346.17,   223.65
  597.31,   343.08,   348.30
  600.91,   474.31,   101.95
  599.71,   471.14,   226.62
  598.51,   468.18,   351.43
  602.51,   599.11,   104.92
  601.38,   596.49,   229.66
  600.10,   593.32,   354.57
  724.53,   348.02,    99.57
  723.69,   344.78,   224.40
  722.70,   341.69,   349.30
  726.15,   473.15,   102.54
  724.94,   469.94,   227.39
  723.66,   466.59,   352.72
  727.84,   598.02,   105.49
  726.18,   594.91,   230.53
  725.09,   591.42,   355.71
  849.73,   346.70,   100.20
  848.86,   343.52,   225.17
  847.57,   340.32,   350.48
  851.78,   472.01,   103.09
  850.82,   468.63,   227.84
  848.77,   465.15,   353.55
  853.01,   596.94,   106.36
  852.22,   593.30,   231.12
  850.36,   589.98,   356.63
  600.68,   350.18,   226.46
  598.29,   350.21,   351.14
  595.91,   350.18,   476.00
  603.76,   475.19,   226.37
  601.16,   475.33,   351.22
  598.86,   475.25,   476.12
  607.08,   600.54,   226.37
  604.43,   600.46,   351.31
  602.00,   600.16,   476.29
  726.04,   347.18,   228.63
  723.62,   347.19,   353.59
  721.14,   347.05,   478.70
  728.93,   472.35,   228.57
  726.25,   472.08,   353.94
  723.74,   471.90,   479.08
  731.84,   597.31,   228.66
  729.36,   596.93,   353.86
  726.91,   596.93,   478.97
  851.14,   344.29,   230.85
  848.43,   344.17,   356.19
  845.82,   343.77,   481.45
  854.77,   469.39,   230.46
  851.31,   469.01,   356.19
  848.46,   468.70,   481.58
  857.88,   594.08,   230.69
  854.58,   593.88,   356.21
  851.66,   593.99,   481.44
  598.99,   349.55,   349.46
  596.31,   350.24,   474.31
  593.60,   350.76,   599.39
  598.85,   474.71,   348.77
  596.25,   475.35,   473.64
  593.73,   475.86,   598.76
  599.12,   599.90,   348.08
  596.39,   600.30,   473.04
  593.79,   600.85,   598.23
  724.33,   349.55,   352.22
  721.56,   350.12,   477.33
  718.65,   350.55,   602.52
  723.97,   474.48,   351.78
  721.17,   475.02,   476.91
  718.64,   475.79,   601.97
  724.08,   599.38,   350.92
  721.35,   600.07,   476.01
  718.80,   601.08,   601.07
  849.17,   349.54,   355.10
  846.25,   349.85,   480.37
  843.37,   350.22,   605.42
  849.08,   474.42,   354.33
  845.92,   474.84,   479.72
  843.43,   475.59,   604.85
  849.35,   599.30,   353.58
  846.15,   600.14,   478.80
  843.68,   601.09,   603.83
  598.45,   349.88,   474.73
  595.19,   349.57,   599.80
  592.09,   349.26,   725.01
  600.73,   474.97,   474.97
  597.67,   474.65,   600.08
  594.53,   474.32,   725.36
  603.22,   599.89,   475.25
  600.09,   599.63,   600.42
  596.90,   599.46,   725.54
  723.66,   347.40,   478.28
  720.20,   347.00,   603.46
  716.55,   346.73,   728.52
  725.61,   472.27,   478.77
  722.54,   472.21,   603.82
  719.37,   472.26,   728.86
  728.13,   597.31,   478.77
  725.05,   597.51,   603.81
  722.13,   597.45,   728.77
  848.32,   344.77,   481.86
  844.88,   344.29,   606.88
  841.36,   344.26,   731.55
  850.32,   469.72,   482.10
  847.29,   469.61,   607.22
  844.57,   469.94,   731.89
  852.88,   595.02,   482.08
  849.88,   595.11,   607.11
  847.41,   595.02,   731.92
  601.63,   351.16,   598.50
  604.37,   347.56,   723.68
  606.78,   344.02,   848.58
  603.88,   476.20,   601.96
  606.60,   472.63,   727.20
  609.00,   468.99,   852.00
  606.09,   601.15,   605.47
  608.79,   597.73,   730.53
  611.21,   594.38,   855.28
  726.67,   348.88,   596.22
  728.87,   345.32,   721.25
  731.30,   341.86,   845.84
  728.76,   474.05,   599.75
  731.50,   470.84,   724.76
  733.79,   467.38,   849.36
  731.06,   599.33,   602.90
  734.06,   596.00,   727.83
  736.40,   592.16,   852.94
  851.34,   346.48,   593.70
  853.75,   343.12,   718.31
  856.46,   340.03,   842.98
  853.50,   471.73,   597.18
  856.67,   468.73,   721.83
  859.45,   465.54,   846.12
  855.88,   597.19,   600.25
  859.28,   593.79,   725.04
  862.01,   589.90,   849.80
  598.82,   475.72,    98.89
  602.09,   478.86,   223.50
  605.32,   482.19,   348.30
  596.69,   600.48,    95.68
  600.09,   604.19,   220.31
  603.26,   607.33,   345.18
  594.48,   725.49,    92.53
  598.20,   729.60,   217.32
  601.49,   732.37,   342.04
  724.00,   478.18,    95.04
  727.23,   481.31,   219.77
  730.40,   484.21,   345.09
  722.03,   602.99,    91.77
  724.84,   606.26,   216.71
  728.19,   609.06,   341.79
  719.58,   727.87,    88.90
  722.94,   730.94,   213.89
  726.42,   734.02,   338.41
  849.47,   480.69,    91.22
  853.20,   483.62,   215.70
  855.59,   486.43,   341.35
  846.91,   605.63,    88.28
  850.79,   608.28,   212.86
  853.52,   611.22,   338.24
  844.41,   730.17,    85.70
  848.27,   732.61,   210.59
  851.46,   736.02,   335.27
  598.04,   474.93,   224.95
  601.57,   476.23,   349.76
  605.39,   477.29,   474.64
  601.54,   600.28,   223.64
  605.00,   601.37,   348.54
  608.69,   602.19,   473.49
  605.15,   725.67,   222.53
  608.72,   726.38,   347.26
  612.23,   726.89,   472.26
  723.18,   471.92,   221.05
  726.64,   472.81,   346.37
  730.22,   473.76,   471.51
  726.26,   596.90,   219.83
  729.89,   597.65,   344.98
  733.57,   598.77,   470.06
  729.87,   721.56,   218.88
  733.60,   722.59,   343.46
  737.36,   723.76,   468.19
  849.04,   468.82,   216.81
  851.75,   469.58,   342.47
  854.92,   470.41,   467.84
  852.26,   593.50,   215.72
  855.18,   594.40,   341.20
  858.30,   595.65,   466.42
  855.23,   717.90,   215.35
  858.62,   719.23,   340.12
  862.00,   720.69,   464.92
  600.60,   473.46,   348.97
  602.50,   474.86,   473.88
  604.46,   476.14,   599.02
  596.98,   598.60,   347.56
  598.75,   599.76,   472.54
  600.65,   601.08,   597.74
  593.66,   723.63,   346.15
  595.21,   724.42,   471.22
  596.86,   725.73,   596.51
  725.68,   477.09,   347.43
  727.35,   478.38,   472.60
  729.32,   479.92,   597.67
  721.91,   601.93,   345.86
  723.68,   603.36,   470.96
  725.61,   605.15,   596.03
  718.60,   726.90,   344.16
  720.42,   728.31,   468.95
  722.13,   729.84,   594.13
  850.82,   480.89,   345.39
  852.07,   482.09,   470.80
  854.03,   483.56,   595.95
  847.19,   605.67,   343.96
  848.46,   607.29,   469.18
  850.41,   608.99,   594.23
  843.63,   730.49,   342.60
  845.21,   732.31,   467.35
  846.98,   733.83,   592.27
  598.61,   476.65,   473.48
  600.28,   479.25,   598.61
  601.86,   481.86,   723.89
  602.27,   601.51,   470.75
  603.86,   604.16,   595.93
  605.41,   606.94,   721.04
  606.16,   726.17,   467.96
  607.50,   728.81,   593.23
  608.90,   731.88,   718.25
  723.50,   472.76,   472.63
  725.15,   475.61,   597.69
  726.76,   478.60,   722.74
  727.18,   597.72,   469.61
  728.81,   600.84,   594.66
  730.66,   603.73,   719.61
  731.32,   722.66,   466.17
  732.76,   725.54,   591.30
  734.19,   728.29,   716.48
  848.23,   469.02,   471.31
  849.88,   471.81,   596.44
  851.92,   475.02,   721.14
  851.95,   594.23,   468.27
  853.60,   597.23,   593.31
  855.85,   600.05,   718.14
  856.03,   719.24,   465.11
  857.52,   722.10,   590.00
  859.30,   724.50,   714.92
  602.05,   476.32,   600.40
  603.45,   473.39,   725.68
  604.53,   470.40,   850.53
  604.72,   601.27,   603.28
  606.09,   598.49,   728.39
  607.20,   595.80,   853.16
  607.42,   725.95,   606.14
  608.66,   723.51,   731.12
  609.96,   721.31,   855.93
  726.94,   473.65,   599.52
  728.35,   471.09,   724.57
  729.31,   468.26,   849.22
  729.70,   598.93,   602.04
  731.37,   596.26,   727.01
  732.39,   593.08,   852.15
  732.70,   723.66,   604.27
  733.98,   720.86,   729.44
  735.34,   717.64,   854.79
  851.69,   470.83,   598.29
  853.54,   468.49,   722.98
  854.96,   465.94,   847.31
  854.53,   596.29,   600.72
  856.61,   593.56,   725.55
  858.00,   590.31,   850.37
  857.52,   721.17,   602.96
  859.16,   717.99,   727.92
  860.66,   714.09,   853.43
  600.05,   600.22,    98.15
  598.14,   600.35,   222.88
  596.02,   599.93,   347.81
  600.84,   725.34,    98.51
  599.22,   725.81,   223.40
  597.20,   724.99,   348.20
  601.77,   850.81,    99.25
  600.14,   850.78,   223.97
  598.19,   849.75,   348.61
  725.42,   599.87,    99.56
  722.92,   599.52,   224.62
  720.99,   598.76,   349.80
  725.96,   724.76,   100.24
  724.01,   724.27,   225.29
  722.18,   723.78,   349.89
  726.50,   849.64,   101.17
  724.91,   849.10,   225.86
  723.43,   848.99,   350.35
  850.51,   599.57,   101.32
  848.92,   598.64,   226.08
  846.27,   598.02,   351.60
  850.93,   724.07,   102.36
  849.41,   723.09,   227.29
  847.24,   722.94,   352.02
  851.79,   848.51,   102.86
  850.00,   847.69,   227.84
  848.24,   848.13,   352.73
  600.16,   601.26,   223.34
  603.59,   602.42,   348.24
  607.26,   603.31,   473.19
  599.49,   726.71,   222.28
  603.02,   727.48,   347.03
  606.49,   728.04,   472.04
  598.65,   851.69,   221.27
  602.25,   852.26,   345.87
  605.71,   852.85,   470.81
  724.92,   602.16,   219.53
  728.53,   602.99,   344.66
  732.18,   604.18,   469.73
  724.24,   726.89,   218.64
  727.96,   727.99,   343.19
  731.69,   729.20,   467.92
  723.35,   851.73,   217.64
  727.43,   853.19,   342.12
  731.06,   854.67,   466.63
  850.91,   603.02,   215.45
  853.86,   604.01,   340.89
  856.97,   605.36,   466.08
  849.60,   727.43,   215.11
  853.01,   728.87,   339.83
  856.41,   730.43,   464.58
  848.38,   852.00,   214.02
  852.18,   853.99,   338.99
  855.67,   855.88,   463.53
  598.96,   600.40,   351.50
  597.60,   596.61,   476.44
  596.38,   592.96,   601.60
  599.90,   725.39,   354.98
  598.32,   721.27,   480.05
  596.84,   717.66,   605.30
  600.64,   850.08,   358.49
  599.04,   845.97,   483.52
  597.46,   842.45,   608.90
  723.95,   599.44,   352.97
  722.57,   595.94,   478.05
  721.39,   592.76,   603.09
  724.90,   724.41,   356.14
  723.57,   720.89,   480.96
  722.15,   717.50,   606.15
  725.91,   849.61,   359.68
  724.46,   846.26,   484.24
  722.79,   842.40,   609.40
  849.23,   598.94,   354.24
  847.39,   595.57,   479.45
  846.28,   592.30,   604.47
  849.95,   723.82,   357.76
  848.37,   720.63,   482.53
  847.08,   717.19,   607.43
  850.70,   849.01,   361.57
  849.18,   846.03,   485.99
  847.59,   842.06,   610.67
  598.74,   601.35,   474.23
  602.09,   601.05,   599.41
  605.41,   600.87,   724.52
  596.75,   726.05,   474.54
  599.85,   725.75,   599.80
  603.04,   725.90,   724.77
  594.73,   850.77,   474.74
  597.77,   850.58,   600.11
  600.91,   850.87,   725.41
  723.67,   603.44,   471.23
  727.05,   603.60,   596.29
  730.66,   603.54,   721.25
  721.97,   728.43,   470.86
  725.13,   728.34,   596.02
  728.31,   728.16,   721.20
  720.13,   853.85,   470.95
  723.05,   853.39,   596.05
  725.92,   852.59,   721.52
  848.46,   605.84,   468.05
  851.86,   605.90,   593.08
  855.84,   605.74,   717.92
  846.74,   730.91,   467.86
  849.97,   730.80,   592.78
  853.44,   730.22,   717.75
  844.83,   856.41,   468.15
  847.76,   855.89,   592.82
  851.03,   854.53,   717.75
  598.21,   601.99,   600.85
  601.47,   603.01,   725.96
  604.48,   604.16,   850.72
  597.17,   726.71,   600.02
  600.31,   728.07,   724.98
  603.51,   729.70,   849.77
  596.30,   851.55,   599.08
  599.40,   853.06,   724.39
  602.63,   854.56,   849.18
  723.19,   603.31,   597.77
  726.73,   604.45,   722.72
  729.71,   605.06,   847.87
  722.47,   728.07,   596.28
  725.59,   729.09,   721.45
  728.84,   729.76,   846.70
  721.59,   853.13,   595.06
  724.42,   853.55,   720.54
  727.43,   854.50,   845.42
  848.02,   604.39,   594.61
  851.95,   605.44,   719.44
  855.30,   605.89,   844.34
  847.33,   729.30,   593.05
  850.75,   729.93,   718.03
  854.20,   729.81,   843.49
  846.33,   854.40,   591.85
  849.54,   854.25,   716.80
  853.09,   854.46,   841.67
