27, 125, pa2-debug-d-output1.txt
  201.28,   203.24,   191.91
  406.31,   390.82,   198.03
  101.86,   101.28,   100.92
  100.53,   104.06,   225.88
   99.21,   106.84,   350.84
  102.75,   226.25,    98.15
  101.43,   229.03,   223.11
  100.10,   231.81,   348.07
  103.65,   351.22,    95.38
  102.32,   353.99,   220.34
  101.00,   356.77,   345.30
  226.85,   100.42,   102.26
  225.52,   103.20,   227.23
  224.20,   105.98,   352.19
  227.74,   225.38,    99.50
  226.42,   228.16,   224.46
  225.09,   230.94,   349.42
  228.64,   350.35,    96.73
  227.31,   353.13,   221.69
  225.99,   355.91,   346.65
  351.84,    99.55,   103.61
  350.51,   102.33,   228.57
  349.19,   105.11,   353.54
  352.73,   224.52,   100.84
  351.41,   227.30,   225.80
  350.08,   230.08,   350.77
  353.63,   349.49,    98.07
  352.30,   352.26,   223.04
  350.98,   355.04,   348.00
  100.86,    99.85,   224.20
  101.48,    99.00,   349.20
  102.10,    98.16,   474.20
  100.41,   224.84,   225.05
  101.03,   224.00,   350.05
  101.65,   223.15,   475.04
   99.96,   349.84,   225.90
  100.58,   348.99,   350.89
  101.20,   348.15,   475.89
  225.86,   100.30,   223.59
  226.48,    99.45,   348.59
  227.09,    98.61,   473.58
  225.41,   225.29,   224.44
  226.03,   224.45,   349.43
  226.64,   223.61,   474.43
  224.96,   350.29,   225.28
  225.58,   349.45,   350.28
  226.19,   348.60,   475.27
  350.86,   100.75,   222.98
  351.47,    99.91,   347.97
  352.09,    99.06,   472.97
  350.41,   225.75,   223.82
  351.02,   224.90,   348.82
  351.64,   224.06,   473.81
  349.96,   350.74,   224.67
  350.57,   349.90,   349.66
  351.19,   349.06,   474.66
  100.36,    98.37,   348.11
  101.28,   100.05,   473.10
  102.20,   101.74,   598.08
   98.71,   223.35,   346.44
   99.63,   225.03,   471.43
  100.56,   226.72,   596.41
   97.07,   348.33,   344.77
   97.99,   350.01,   469.75
   98.91,   351.70,   594.74
  225.35,   100.00,   347.17
  226.27,   101.69,   472.16
  227.19,   103.38,   597.14
  223.70,   224.98,   345.50
  224.62,   226.67,   470.48
  225.54,   228.35,   595.47
  222.05,   349.96,   343.82
  222.97,   351.65,   468.81
  223.89,   353.33,   593.79
  350.33,   101.64,   346.23
  351.25,   103.33,   471.21
  352.18,   105.01,   596.20
  348.68,   226.62,   344.55
  349.61,   228.30,   469.54
  350.53,   229.99,   594.52
  347.04,   351.60,   342.88
  347.96,   353.28,   467.86
  348.88,   354.97,   592.85
   99.16,    98.48,   475.30
  101.93,    97.52,   600.27
  104.70,    96.56,   725.23
   96.21,   223.44,   476.33
   98.98,   222.48,   601.29
  101.75,   221.52,   726.26
   93.26,   348.40,   477.35
   96.03,   347.44,   602.31
   98.80,   346.48,   727.28
  224.09,   101.44,   472.56
  226.86,   100.49,   597.52
  229.63,    99.53,   722.49
  221.14,   226.41,   473.58
  223.91,   225.45,   598.54
  226.68,   224.49,   723.51
  218.20,   351.37,   474.60
  220.97,   350.41,   599.57
  223.74,   349.45,   724.53
  349.02,   104.41,   469.81
  351.79,   103.45,   594.78
  354.56,   102.50,   719.74
  346.08,   229.37,   470.83
  348.85,   228.42,   595.80
  351.62,   227.46,   720.76
  343.13,   354.33,   471.86
  345.90,   353.38,   596.82
  348.67,   352.42,   721.79
   99.12,   100.71,   598.54
   96.51,    99.20,   723.50
   93.90,    97.68,   848.46
  100.22,   225.70,   600.07
   97.61,   224.18,   725.04
   95.00,   222.67,   850.00
  101.32,   350.68,   601.61
   98.71,   349.17,   726.57
   96.10,   347.66,   851.54
  224.09,    99.58,   601.14
  221.48,    98.06,   726.10
  218.86,    96.55,   851.06
  225.19,   224.56,   602.67
  222.58,   223.05,   727.64
  219.97,   221.54,   852.60
  226.29,   349.55,   604.21
  223.68,   348.04,   729.17
  221.07,   346.52,   854.14
  349.06,    98.44,   603.73
  346.44,    96.93,   728.70
  343.83,    95.42,   853.66
  350.16,   223.43,   605.27
  347.55,   221.92,   730.23
  344.93,   220.40,   855.20
  351.26,   348.41,   606.81
  348.65,   346.90,   731.77
  346.04,   345.39,   856.73
   99.89,   225.54,    98.27
   97.23,   227.71,   223.22
   94.58,   229.88,   348.18
  100.71,   350.52,    96.12
   98.06,   352.69,   221.07
   95.40,   354.86,   346.02
  101.53,   475.50,    93.97
   98.88,   477.67,   218.92
   96.22,   479.84,   343.87
  224.86,   224.77,   100.94
  222.20,   226.94,   225.89
  219.55,   229.11,   350.84
  225.68,   349.75,    98.79
  223.03,   351.92,   223.74
  220.37,   354.08,   348.69
  226.50,   474.73,    96.64
  223.85,   476.89,   221.59
  221.19,   479.06,   346.54
  349.83,   223.99,   103.61
  347.17,   226.16,   228.56
  344.52,   228.33,   353.51
  350.65,   348.97,   101.46
  347.99,   351.14,   226.41
  345.34,   353.31,   351.36
  351.47,   473.95,    99.31
  348.82,   476.12,   224.26
  346.16,   478.29,   349.21
  100.41,   223.78,   224.49
  100.74,   220.79,   349.46
  101.07,   217.80,   474.42
   98.00,   348.72,   227.49
   98.33,   345.73,   352.45
   98.66,   342.74,   477.42
   95.59,   473.66,   230.49
   95.92,   470.67,   355.45
   96.25,   467.68,   480.41
  225.39,   226.20,   224.22
  225.72,   223.21,   349.18
  226.05,   220.22,   474.15
  222.98,   351.14,   227.22
  223.31,   348.15,   352.18
  223.64,   345.16,   477.14
  220.56,   476.08,   230.21
  220.89,   473.09,   355.18
  221.23,   470.10,   480.14
  350.36,   228.62,   223.95
  350.70,   225.63,   348.91
  351.03,   222.64,   473.87
  347.95,   353.56,   226.94
  348.28,   350.57,   351.91
  348.61,   347.58,   476.87
  345.54,   478.50,   229.94
  345.87,   475.51,   354.90
  346.20,   472.52,   479.87
  100.95,   224.62,   349.47
  101.42,   221.70,   474.43
  101.89,   218.77,   599.40
   99.23,   349.58,   352.40
   99.70,   346.65,   477.36
  100.17,   343.72,   602.33
   97.52,   474.53,   355.33
   97.98,   471.60,   480.30
   98.45,   468.68,   605.26
  225.94,   226.35,   349.04
  226.41,   223.42,   474.01
  226.87,   220.50,   598.97
  224.22,   351.30,   351.97
  224.69,   348.38,   476.94
  225.16,   345.45,   601.90
  222.50,   476.26,   354.91
  222.97,   473.33,   479.87
  223.44,   470.40,   604.83
  350.93,   228.08,   348.61
  351.39,   225.15,   473.58
  351.86,   222.23,   598.54
  349.21,   353.03,   351.55
  349.68,   350.11,   476.51
  350.14,   347.18,   601.48
  347.49,   477.99,   354.48
  347.96,   475.06,   479.44
  348.43,   472.13,   604.41
   98.71,   224.03,   476.65
  100.59,   225.56,   601.63
  102.48,   227.10,   726.61
   95.39,   348.98,   475.17
   97.28,   350.51,   600.15
   99.17,   352.04,   725.12
   92.08,   473.92,   473.68
   93.97,   475.46,   598.66
   95.86,   476.99,   723.64
  223.65,   227.32,   474.73
  225.54,   228.85,   599.70
  227.42,   230.39,   724.68
  220.34,   352.27,   473.24
  222.22,   353.80,   598.22
  224.11,   355.33,   723.19
  217.02,   477.21,   471.76
  218.91,   478.75,   596.73
  220.80,   480.28,   721.71
  348.59,   230.61,   472.80
  350.48,   232.14,   597.78
  352.37,   233.68,   722.75
  345.28,   355.56,   471.31
  347.16,   357.09,   596.29
  349.05,   358.62,   721.27
  341.96,   480.50,   469.83
  343.85,   482.04,   594.81
  345.74,   483.57,   719.78
   99.04,   226.49,   601.09
   97.96,   225.84,   726.09
   96.89,   225.20,   851.08
   95.53,   351.44,   601.71
   94.46,   350.79,   726.70
   93.39,   350.15,   851.70
   92.03,   476.39,   602.32
   90.96,   475.74,   727.32
   89.88,   475.10,   852.31
  223.98,   229.99,   602.19
  222.91,   229.34,   727.18
  221.84,   228.70,   852.17
  220.48,   354.94,   602.80
  219.41,   354.29,   727.79
  218.33,   353.65,   852.79
  216.98,   479.89,   603.41
  215.90,   479.24,   728.41
  214.83,   478.60,   853.40
  348.93,   233.49,   603.28
  347.86,   232.84,   728.27
  346.78,   232.20,   853.26
  345.43,   358.43,   603.89
  344.35,   357.79,   728.88
  343.28,   357.15,   853.88
  341.92,   483.38,   604.50
  340.85,   482.74,   729.50
  339.77,   482.10,   854.49
   98.81,   351.24,   101.07
   99.67,   352.31,   226.06
  100.52,   353.38,   351.06
  101.20,   476.21,    99.98
  102.06,   477.28,   224.98
  102.91,   478.35,   349.97
  103.59,   601.18,    98.90
  104.45,   602.25,   223.89
  105.31,   603.32,   348.88
  223.78,   348.84,   100.24
  224.64,   349.91,   225.23
  225.50,   350.98,   350.22
  226.18,   473.81,    99.15
  227.03,   474.88,   224.14
  227.89,   475.95,   349.13
  228.57,   598.78,    98.06
  229.42,   599.85,   223.05
  230.28,   600.92,   348.05
  348.76,   346.44,    99.40
  349.61,   347.51,   224.39
  350.47,   348.58,   349.38
  351.15,   471.41,    98.31
  352.01,   472.48,   223.30
  352.86,   473.55,   348.30
  353.54,   596.38,    97.22
  354.40,   597.45,   222.22
  355.26,   598.53,   347.21
  100.80,   351.67,   223.10
   99.22,   355.31,   348.04
   97.64,   358.95,   472.98
  103.28,   476.60,   219.50
  101.71,   480.23,   344.44
  100.13,   483.87,   469.37
  105.77,   601.52,   215.89
  104.19,   605.16,   340.83
  102.62,   608.80,   465.77
  225.76,   349.23,   224.76
  224.18,   352.87,   349.69
  222.60,   356.51,   474.63
  228.25,   474.15,   221.15
  226.67,   477.79,   346.09
  225.09,   481.43,   471.02
  230.74,   599.08,   217.54
  229.16,   602.71,   342.48
  227.58,   606.35,   467.42
  350.73,   346.79,   226.41
  349.15,   350.43,   351.34
  347.57,   354.06,   476.28
  353.21,   471.71,   222.80
  351.64,   475.35,   347.74
  350.06,   478.99,   472.67
  355.70,   596.63,   219.19
  354.12,   600.27,   344.13
  352.55,   603.91,   469.07
  100.68,   351.24,   351.23
   99.46,   350.89,   476.22
   98.24,   350.53,   601.22
  103.05,   476.22,   351.61
  101.83,   475.86,   476.60
  100.61,   475.51,   601.59
  105.43,   601.19,   351.98
  104.21,   600.84,   476.98
  102.99,   600.49,   601.97
  225.65,   348.86,   352.44
  224.43,   348.51,   477.44
  223.21,   348.15,   602.43
  228.03,   473.84,   352.82
  226.81,   473.48,   477.81
  225.58,   473.13,   602.81
  230.40,   598.81,   353.20
  229.18,   598.46,   478.19
  227.96,   598.11,   603.18
  350.62,   346.48,   353.66
  349.40,   346.13,   478.65
  348.18,   345.77,   603.64
  353.00,   471.46,   354.03
  351.78,   471.10,   479.03
  350.56,   470.75,   604.02
  355.37,   596.43,   354.41
  354.15,   596.08,   479.40
  352.93,   595.73,   604.40
  100.17,   349.06,   474.50
  103.21,   349.19,   599.46
  106.26,   349.33,   724.43
  102.52,   474.04,   474.31
  105.57,   474.17,   599.27
  108.61,   474.31,   724.24
  104.88,   599.01,   474.12
  107.93,   599.15,   599.08
  110.97,   599.28,   724.04
  225.11,   346.70,   471.46
  228.15,   346.83,   596.42
  231.20,   346.97,   721.39
  227.47,   471.67,   471.27
  230.51,   471.81,   596.23
  233.55,   471.94,   721.19
  229.82,   596.65,   471.08
  232.87,   596.79,   596.04
  235.91,   596.92,   721.00
  350.05,   344.33,   468.42
  353.09,   344.47,   593.38
  356.14,   344.60,   718.34
  352.41,   469.31,   468.23
  355.45,   469.45,   593.19
  358.50,   469.58,   718.15
  354.77,   594.29,   468.03
  357.81,   594.42,   593.00
  360.85,   594.56,   717.96
  100.18,   348.39,   598.35
   97.45,   350.33,   723.31
   94.72,   352.28,   848.26
  100.98,   473.37,   596.42
   98.26,   475.32,   721.38
   95.53,   477.26,   846.33
  101.79,   598.35,   594.49
   99.07,   600.30,   719.45
   96.34,   602.24,   844.40
  225.14,   347.62,   601.09
  222.41,   349.57,   726.05
  219.69,   351.51,   851.00
  225.95,   472.60,   599.16
  223.22,   474.55,   724.12
  220.50,   476.50,   849.07
  226.76,   597.59,   597.24
  224.03,   599.53,   722.19
  221.31,   601.48,   847.15
  350.11,   346.86,   603.83
  347.38,   348.80,   728.79
  344.65,   350.75,   853.74
  350.92,   471.84,   601.90
  348.19,   473.78,   726.86
  345.46,   475.73,   851.81
  351.73,   596.82,   599.98
  349.00,   598.77,   724.93
  346.27,   600.71,   849.89
  101.59,   475.19,    98.49
   99.09,   473.20,   223.45
   96.59,   471.21,   348.41
   99.86,   600.17,   100.45
   97.36,   598.18,   225.41
   94.86,   596.19,   350.36
   98.13,   725.14,   102.40
   95.62,   723.15,   227.36
   93.12,   721.16,   352.32
  226.55,   476.89,   101.02
  224.05,   474.90,   225.98
  221.55,   472.91,   350.94
  224.82,   601.86,   102.97
  222.32,   599.87,   227.93
  219.82,   597.88,   352.89
  223.09,   726.83,   104.93
  220.59,   724.84,   229.89
  218.09,   722.85,   354.85
  351.52,   478.58,   103.55
  349.01,   476.59,   228.50
  346.51,   474.60,   353.46
  349.78,   603.55,   105.50
  347.28,   601.56,   230.46
  344.78,   599.57,   355.42
  348.05,   728.52,   107.46
  345.55,   726.53,   232.42
  343.05,   724.54,   357.38
   99.49,   474.30,   224.62
   97.01,   475.88,   349.58
   94.53,   477.46,   474.55
   99.59,   599.29,   223.04
   97.11,   600.87,   348.00
   94.63,   602.45,   472.97
   99.69,   724.28,   221.46
   97.21,   725.86,   346.42
   94.73,   727.44,   471.39
  224.47,   474.23,   227.10
  221.99,   475.81,   352.06
  219.51,   477.39,   477.03
  224.57,   599.22,   225.52
  222.09,   600.80,   350.48
  219.61,   602.38,   475.45
  224.67,   724.21,   223.94
  222.19,   725.79,   348.90
  219.71,   727.37,   473.87
  349.44,   474.16,   229.58
  346.96,   475.74,   354.54
  344.48,   477.32,   479.51
  349.54,   599.15,   228.00
  347.06,   600.73,   352.96
  344.58,   602.31,   477.93
  349.64,   724.14,   226.42
  347.16,   725.72,   351.38
  344.68,   727.30,   476.35
  101.86,   473.49,   351.50
  102.34,   470.19,   476.45
  102.81,   466.90,   601.41
   98.79,   598.40,   354.80
   99.27,   595.11,   479.76
   99.75,   591.82,   604.71
   95.73,   723.32,   358.10
   96.21,   720.03,   483.06
   96.68,   716.74,   608.02
  226.82,   476.56,   351.10
  227.30,   473.27,   476.06
  227.78,   469.98,   601.01
  223.75,   601.48,   354.40
  224.23,   598.19,   479.36
  224.71,   594.89,   604.32
  220.69,   726.40,   357.71
  221.17,   723.11,   482.66
  221.64,   719.81,   607.62
  351.78,   479.64,   350.70
  352.26,   476.35,   475.66
  352.74,   473.05,   600.61
  348.72,   604.56,   354.01
  349.19,   601.27,   478.96
  349.67,   597.97,   603.92
  345.65,   729.48,   357.31
  346.13,   726.18,   482.27
  346.61,   722.89,   607.22
  101.79,   475.48,   474.95
  100.44,   473.63,   599.93
   99.09,   471.78,   724.90
  101.36,   600.46,   476.79
  100.01,   598.61,   601.77
   98.66,   596.77,   726.75
  100.93,   725.45,   478.63
   99.58,   723.60,   603.61
   98.23,   721.75,   728.59
  226.78,   475.89,   476.30
  225.43,   474.04,   601.28
  224.08,   472.19,   726.26
  226.35,   600.87,   478.14
  225.00,   599.02,   603.12
  223.65,   597.18,   728.10
  225.92,   725.86,   479.99
  224.57,   724.01,   604.97
  223.22,   722.16,   729.95
  351.77,   476.30,   477.65
  350.42,   474.45,   602.63
  349.08,   472.60,   727.61
  351.34,   601.28,   479.50
  349.99,   599.44,   604.48
  348.65,   597.59,   729.46
  350.91,   726.27,   481.34
  349.56,   724.42,   606.32
  348.21,   722.57,   731.30
  100.51,   474.32,   599.29
  102.83,   476.67,   724.24
  105.14,   479.02,   849.20
  100.01,   599.30,   596.95
  102.33,   601.65,   721.90
  104.64,   604.00,   846.86
   99.51,   724.28,   594.61
  101.83,   726.63,   719.56
  104.14,   728.98,   844.52
  225.49,   474.78,   596.96
  227.80,   477.13,   721.92
  230.12,   479.48,   846.87
  224.99,   599.76,   594.62
  227.30,   602.11,   719.58
  229.62,   604.45,   844.54
  224.49,   724.73,   592.28
  226.80,   727.08,   717.24
  229.12,   729.43,   842.20
  350.47,   475.24,   594.64
  352.78,   477.59,   719.59
  355.10,   479.93,   844.55
  349.96,   600.21,   592.30
  352.28,   602.56,   717.25
  354.60,   604.91,   842.21
  349.46,   725.19,   589.96
  351.78,   727.54,   714.91
  354.10,   729.89,   839.87
  101.74,   601.50,    98.27
  100.34,   599.68,   223.25
   98.95,   597.85,   348.23
  103.46,   726.48,   100.12
  102.07,   724.65,   225.10
  100.67,   722.82,   350.07
  105.18,   851.45,   101.96
  103.79,   849.63,   226.94
  102.39,   847.80,   351.92
  226.72,   599.76,    99.64
  225.32,   597.93,   224.61
  223.93,   596.11,   349.59
  228.44,   724.74,   101.48
  227.05,   722.91,   226.46
  225.65,   721.08,   351.44
  230.16,   849.71,   103.33
  228.77,   847.88,   228.31
  227.37,   846.06,   353.29
  351.70,   598.02,   101.00
  350.31,   596.19,   225.98
  348.91,   594.36,   350.96
  353.42,   723.00,   102.85
  352.03,   721.17,   227.83
  350.63,   719.34,   352.81
  355.14,   847.97,   104.70
  353.75,   846.14,   229.68
  352.35,   844.31,   354.66
   98.50,   598.21,   223.70
  100.60,   594.58,   348.63
  102.71,   590.94,   473.56
  101.56,   723.13,   227.28
  103.67,   719.49,   352.21
  105.77,   715.85,   477.14
  104.62,   848.04,   230.87
  106.73,   844.40,   355.80
  108.84,   840.76,   480.73
  223.44,   595.21,   221.50
  225.55,   591.57,   346.43
  227.65,   587.94,   471.36
  226.51,   720.12,   225.09
  228.61,   716.49,   350.02
  230.72,   712.85,   474.95
  229.57,   845.03,   228.68
  231.68,   841.40,   353.61
  233.78,   837.76,   478.53
  348.39,   592.21,   219.31
  350.49,   588.57,   344.24
  352.60,   584.94,   469.17
  351.45,   717.12,   222.90
  353.56,   713.48,   347.83
  355.66,   709.85,   472.75
  354.51,   842.03,   226.48
  356.62,   838.40,   351.41
  358.73,   834.76,   476.34
  100.80,   601.13,   350.23
  100.22,   599.20,   475.21
   99.63,   597.27,   600.19
   99.94,   726.11,   352.15
   99.36,   724.18,   477.14
   98.77,   722.25,   602.12
   99.08,   851.09,   354.08
   98.50,   849.16,   479.06
   97.92,   847.23,   604.05
  225.80,   601.98,   350.83
  225.21,   600.05,   475.81
  224.63,   598.12,   600.79
  224.94,   726.96,   352.75
  224.35,   725.03,   477.73
  223.77,   723.10,   602.72
  224.08,   851.94,   354.68
  223.50,   850.01,   479.66
  222.91,   848.08,   604.64
  350.79,   602.83,   351.42
  350.21,   600.90,   476.41
  349.62,   598.97,   601.39
  349.93,   727.81,   353.35
  349.35,   725.88,   478.33
  348.77,   723.95,   603.32
  349.08,   852.79,   355.27
  348.49,   850.86,   480.26
  347.91,   848.93,   605.24
   99.91,   599.50,   475.18
  102.77,   596.50,   600.12
  105.63,   593.50,   725.05
  103.65,   724.41,   478.10
  106.51,   721.41,   603.03
  109.37,   718.41,   727.96
  107.39,   849.32,   481.01
  110.25,   846.32,   605.94
  113.11,   843.32,   730.87
  224.82,   595.83,   472.24
  227.68,   592.83,   597.17
  230.54,   589.83,   722.10
  228.56,   720.74,   475.15
  231.42,   717.74,   600.08
  234.28,   714.74,   725.01
  232.30,   845.65,   478.06
  235.16,   842.65,   602.99
  238.03,   839.65,   727.93
  349.73,   592.15,   469.29
  352.59,   589.15,   594.22
  355.45,   586.15,   719.15
  353.47,   717.06,   472.20
  356.33,   714.06,   597.13
  359.20,   711.06,   722.06
  357.21,   841.97,   475.12
  360.08,   838.97,   600.05
  362.94,   835.97,   724.98
  101.12,   601.12,   600.10
  102.44,   600.01,   725.09
  103.76,   598.90,   850.08
  100.12,   726.11,   601.22
  101.44,   725.00,   726.21
  102.75,   723.89,   851.20
   99.12,   851.10,   602.34
  100.43,   849.99,   727.33
  101.75,   848.88,   852.32
  226.11,   602.13,   598.79
  227.43,   601.02,   723.78
  228.74,   599.91,   848.77
  225.11,   727.13,   599.91
  226.42,   726.02,   724.90
  227.74,   724.91,   849.89
  224.10,   852.12,   601.03
  225.42,   851.01,   726.02
  226.74,   849.90,   851.01
  351.10,   603.15,   597.48
  352.42,   602.04,   722.47
  353.73,   600.93,   847.46
  350.10,   728.14,   598.60
  351.41,   727.03,   723.59
  352.73,   725.92,   848.58
  349.09,   853.13,   599.72
  350.41,   852.02,   724.71
  351.73,   850.91,   849.70
  224.46,    98.86,    99.66
  220.89,    99.36,   224.61
  217.32,    99.86,   349.56
  226.58,   223.84,    99.22
  223.01,   224.34,   224.17
  219.44,   224.85,   349.12
  228.70,   348.82,    98.78
  225.13,   349.32,   223.73
  221.56,   349.83,   348.68
  349.39,    96.75,   103.24
  345.82,    97.26,   228.19
  342.25,    97.76,   353.14
  351.51,   221.73,   102.80
  347.94,   222.24,   227.75
  344.37,   222.74,   352.70
  353.63,   346.71,   102.36
  350.06,   347.22,   227.31
  346.49,   347.72,   352.26
  474.32,    94.65,   106.83
  470.75,    95.15,   231.77
  467.18,    95.65,   356.72
  476.44,   219.63,   106.38
  472.87,   220.13,   231.33
  469.30,   220.63,   356.28
  478.56,   344.61,   105.94
  474.99,   345.11,   230.89
  471.42,   345.61,   355.84
  225.51,    99.84,   224.92
  222.01,    96.34,   349.82
  218.51,    92.83,   474.72
  226.03,   224.79,   228.44
  222.53,   221.29,   353.34
  219.03,   217.78,   478.24
  226.54,   349.74,   231.96
  223.04,   346.24,   356.86
  219.54,   342.73,   481.76
  350.46,    99.23,   228.40
  346.96,    95.73,   353.30
  343.46,    92.22,   478.21
  350.98,   224.18,   231.92
  347.48,   220.68,   356.82
  343.98,   217.17,   481.73
  351.49,   349.13,   235.44
  347.99,   345.63,   360.34
  344.49,   342.12,   485.25
  475.41,    98.62,   231.89
  471.91,    95.12,   356.79
  468.41,    91.61,   481.69
  475.93,   223.57,   235.41
  472.43,   220.07,   360.31
  468.93,   216.56,   485.21
  476.44,   348.52,   238.93
  472.94,   345.02,   363.83
  469.44,   341.51,   488.73
  223.19,   101.42,   348.01
  222.09,   104.10,   472.98
  221.00,   106.78,   597.94
  223.29,   226.40,   345.33
  222.20,   229.07,   470.30
  221.10,   231.75,   595.27
  223.40,   351.37,   342.66
  222.30,   354.04,   467.63
  221.21,   356.72,   592.59
  348.18,   101.34,   349.11
  347.09,   104.02,   474.07
  345.99,   106.69,   599.04
  348.29,   226.31,   346.43
  347.19,   228.99,   471.40
  346.10,   231.67,   596.36
  348.39,   351.29,   343.76
  347.30,   353.96,   468.72
  346.20,   356.64,   593.69
  473.18,   101.26,   350.20
  472.08,   103.94,   475.17
  470.99,   106.61,   600.14
  473.28,   226.23,   347.53
  472.19,   228.91,   472.50
  471.09,   231.58,   597.46
  473.39,   351.20,   344.85
  472.29,   353.88,   469.82
  471.20,   356.56,   594.79
  224.56,   101.29,   475.76
  222.54,    98.47,   600.71
  220.52,    95.65,   725.66
  227.47,   226.22,   478.62
  225.45,   223.40,   603.58
  223.43,   220.58,   728.53
  230.39,   351.15,   481.49
  228.37,   348.33,   606.44
  226.35,   345.52,   731.39
  349.51,    98.33,   477.71
  347.49,    95.51,   602.66
  345.47,    92.69,   727.62
  352.42,   223.26,   480.58
  350.40,   220.44,   605.53
  348.38,   217.62,   730.48
  355.34,   348.19,   483.44
  353.32,   345.37,   608.39
  351.30,   342.55,   733.35
  474.46,    95.36,   479.67
  472.44,    92.55,   604.62
  470.42,    89.73,   729.57
  477.37,   220.30,   482.53
  475.35,   217.48,   607.48
  473.33,   214.66,   732.43
  480.29,   345.23,   485.40
  478.27,   342.41,   610.35
  476.25,   339.59,   735.30
  226.17,    99.35,   600.93
  223.48,    96.64,   725.87
  220.79,    93.92,   850.81
  224.57,   224.31,   603.60
  221.88,   221.60,   728.55
  219.19,   218.89,   853.49
  222.97,   349.27,   606.28
  220.28,   346.56,   731.22
  217.59,   343.85,   856.17
  351.13,   100.89,   603.65
  348.44,    98.18,   728.59
  345.75,    95.47,   853.53
  349.53,   225.85,   606.33
  346.84,   223.14,   731.27
  344.15,   220.43,   856.21
  347.93,   350.81,   609.00
  345.24,   348.10,   733.95
  342.55,   345.39,   858.89
  476.09,   102.44,   606.37
  473.40,    99.72,   731.31
  470.71,    97.01,   856.25
  474.49,   227.40,   609.05
  471.80,   224.68,   733.99
  469.11,   221.97,   858.93
  472.89,   352.36,   611.73
  470.20,   349.65,   736.67
  467.51,   346.93,   861.61
  224.16,   226.95,    99.55
  226.30,   228.92,   224.52
  228.44,   230.88,   349.48
  221.14,   351.90,    97.64
  223.28,   353.87,   222.60
  225.42,   355.83,   347.57
  218.12,   476.85,    95.73
  220.26,   478.81,   220.69
  222.40,   480.78,   345.66
  349.10,   229.94,    97.36
  351.24,   231.90,   222.33
  353.38,   233.86,   347.30
  346.09,   354.89,    95.45
  348.23,   356.85,   220.42
  350.36,   358.81,   345.39
  343.07,   479.84,    93.54
  345.21,   481.80,   218.51
  347.35,   483.76,   343.47
  474.05,   232.92,    95.18
  476.19,   234.88,   220.14
  478.33,   236.85,   345.11
  471.03,   357.87,    93.27
  473.17,   359.83,   218.23
  475.31,   361.80,   343.20
  468.02,   482.82,    91.36
  470.15,   484.78,   216.32
  472.29,   486.74,   341.29
  224.04,   226.83,   223.80
  220.75,   230.25,   348.71
  217.47,   233.66,   473.62
  224.44,   351.79,   220.39
  221.15,   355.20,   345.30
  217.87,   358.62,   470.21
  224.84,   476.74,   216.99
  221.55,   480.15,   341.90
  218.27,   483.57,   466.81
  348.99,   226.52,   227.09
  345.71,   229.94,   352.00
  342.42,   233.35,   476.91
  349.39,   351.48,   223.68
  346.11,   354.89,   348.60
  342.82,   358.31,   473.51
  349.79,   476.43,   220.28
  346.51,   479.84,   345.19
  343.22,   483.26,   470.10
  473.95,   226.21,   230.38
  470.66,   229.63,   355.29
  467.38,   233.04,   480.20
  474.35,   351.17,   226.98
  471.06,   354.58,   351.89
  467.78,   358.00,   476.80
  474.75,   476.12,   223.57
  471.46,   479.53,   348.48
  468.18,   482.95,   473.39
  225.74,   223.47,   351.98
  223.27,   223.25,   476.95
  220.80,   223.03,   601.93
  227.25,   348.46,   352.23
  224.78,   348.24,   477.21
  222.31,   348.02,   602.18
  228.77,   473.45,   352.48
  226.30,   473.23,   477.46
  223.83,   473.01,   602.43
  350.70,   221.95,   354.45
  348.23,   221.73,   479.42
  345.76,   221.51,   604.40
  352.22,   346.94,   354.70
  349.75,   346.72,   479.67
  347.28,   346.50,   604.65
  353.74,   471.93,   354.95
  351.27,   471.71,   479.93
  348.80,   471.49,   604.90
  475.67,   220.43,   356.91
  473.20,   220.21,   481.89
  470.73,   219.98,   606.87
  477.19,   345.42,   357.17
  474.72,   345.20,   482.14
  472.24,   344.98,   607.12
  478.70,   470.41,   357.42
  476.23,   470.19,   482.39
  473.76,   469.97,   607.37
  225.82,   224.98,   476.61
  226.23,   228.60,   601.56
  226.63,   232.21,   726.50
  228.52,   349.90,   472.98
  228.93,   353.52,   597.93
  229.34,   357.13,   722.88
  231.22,   474.82,   469.36
  231.63,   478.43,   594.31
  232.04,   482.05,   719.25
  350.79,   222.27,   476.28
  351.20,   225.88,   601.23
  351.60,   229.50,   726.17
  353.49,   347.19,   472.66
  353.90,   350.80,   597.60
  354.31,   354.42,   722.55
  356.19,   472.10,   469.03
  356.60,   475.72,   593.98
  357.01,   479.34,   718.93
  475.76,   219.55,   475.95
  476.17,   223.17,   600.90
  476.57,   226.79,   725.85
  478.46,   344.47,   472.33
  478.87,   348.09,   597.27
  479.28,   351.71,   722.22
  481.16,   469.39,   468.70
  481.57,   473.01,   593.65
  481.98,   476.62,   718.60
  225.45,   226.80,   600.93
  227.18,   228.90,   725.90
  228.91,   231.00,   850.87
  226.53,   351.78,   598.81
  228.26,   353.88,   723.78
  229.99,   355.98,   848.76
  227.61,   476.76,   596.70
  229.34,   478.86,   721.67
  231.07,   480.95,   846.64
  350.44,   225.69,   599.22
  352.16,   227.79,   724.19
  353.89,   229.89,   849.16
  351.52,   350.67,   597.11
  353.24,   352.77,   722.08
  354.97,   354.87,   847.05
  352.60,   475.65,   594.99
  354.32,   477.75,   719.96
  356.05,   479.84,   844.93
  475.42,   224.58,   597.51
  477.15,   226.68,   722.48
  478.87,   228.78,   847.45
  476.50,   349.56,   595.40
  478.23,   351.66,   720.37
  479.95,   353.76,   845.34
  477.58,   474.54,   593.29
  479.31,   476.64,   718.26
  481.03,   478.73,   843.23
  224.25,   350.68,   100.14
  223.28,   350.02,   225.14
  222.30,   349.35,   350.13
  222.28,   475.66,   100.79
  221.30,   475.00,   225.79
  220.33,   474.33,   350.78
  220.30,   600.65,   101.44
  219.33,   599.98,   226.44
  218.35,   599.32,   351.43
  349.23,   352.65,   101.13
  348.26,   351.99,   226.12
  347.28,   351.32,   351.12
  347.26,   477.63,   101.78
  346.28,   476.97,   226.77
  345.31,   476.30,   351.77
  345.28,   602.62,   102.43
  344.31,   601.95,   227.42
  343.34,   601.29,   352.42
  474.21,   354.62,   102.11
  473.24,   353.95,   227.11
  472.26,   353.29,   352.10
  472.24,   479.60,   102.76
  471.26,   478.94,   227.76
  470.29,   478.27,   352.75
  470.26,   604.59,   103.41
  469.29,   603.92,   228.41
  468.32,   603.25,   353.40
  226.66,   348.69,   225.33
  227.83,   351.00,   350.30
  229.01,   353.31,   475.27
  226.75,   473.67,   223.02
  227.93,   475.98,   347.99
  229.10,   478.29,   472.96
  226.85,   598.65,   220.70
  228.02,   600.96,   345.68
  229.19,   603.27,   470.65
  351.65,   348.57,   224.16
  352.83,   350.88,   349.13
  354.00,   353.19,   474.10
  351.75,   473.55,   221.84
  352.92,   475.86,   346.82
  354.09,   478.17,   471.79
  351.84,   598.53,   219.53
  353.02,   600.84,   344.51
  354.19,   603.15,   469.48
  476.65,   348.46,   222.99
  477.82,   350.77,   347.96
  478.99,   353.08,   472.93
  476.74,   473.43,   220.67
  477.92,   475.74,   345.65
  479.09,   478.06,   470.62
  476.84,   598.41,   218.36
  478.01,   600.72,   343.33
  479.18,   603.03,   468.31
  225.67,   348.39,   351.06
  228.62,   345.78,   475.99
  231.57,   343.16,   600.93
  228.93,   473.33,   353.60
  231.88,   470.71,   478.54
  234.83,   468.09,   603.47
  232.20,   598.26,   356.14
  235.14,   595.64,   481.08
  238.09,   593.02,   606.01
  350.59,   345.19,   348.04
  353.54,   342.58,   472.98
  356.49,   339.96,   597.92
  353.86,   470.12,   350.58
  356.80,   467.51,   475.52
  359.75,   464.89,   600.46
  357.12,   595.06,   353.12
  360.07,   592.44,   478.06
  363.01,   589.82,   603.00
  475.52,   341.99,   345.03
  478.46,   339.37,   469.96
  481.41,   336.76,   594.90
  478.78,   466.92,   347.57
  481.73,   464.31,   472.51
  484.67,   461.69,   597.44
  482.04,   591.86,   350.11
  484.99,   589.24,   475.05
  487.94,   586.62,   599.98
  225.65,   348.57,   474.88
  225.98,   351.77,   599.84
  226.32,   354.97,   724.80
  226.45,   473.53,   471.68
  226.79,   476.72,   596.64
  227.13,   479.92,   721.60
  227.26,   598.48,   468.48
  227.60,   601.68,   593.44
  227.93,   604.88,   718.40
  350.64,   347.75,   474.56
  350.98,   350.95,   599.52
  351.32,   354.15,   724.48
  351.45,   472.71,   471.36
  351.79,   475.91,   596.32
  352.13,   479.11,   721.28
  352.25,   597.67,   468.16
  352.59,   600.87,   593.12
  352.93,   604.06,   718.08
  475.64,   346.94,   474.25
  475.98,   350.14,   599.20
  476.32,   353.34,   724.16
  476.45,   471.90,   471.04
  476.78,   475.10,   596.00
  477.12,   478.29,   720.96
  477.25,   596.85,   467.84
  477.59,   600.05,   592.80
  477.93,   603.25,   717.76
  223.51,   348.41,   599.74
  223.17,   345.76,   724.72
  222.84,   343.11,   849.69
  223.13,   473.38,   602.40
  222.79,   470.73,   727.37
  222.46,   468.08,   852.34
  222.75,   598.36,   605.05
  222.41,   595.70,   730.02
  222.08,   593.05,   854.99
  348.51,   348.79,   600.09
  348.17,   346.13,   725.06
  347.84,   343.48,   850.03
  348.13,   473.76,   602.74
  347.79,   471.10,   727.71
  347.46,   468.45,   852.68
  347.75,   598.73,   605.39
  347.41,   596.07,   730.36
  347.08,   593.42,   855.33
  473.51,   349.16,   600.43
  473.17,   346.50,   725.40
  472.84,   343.85,   850.37
  473.13,   474.13,   603.08
  472.79,   471.48,   728.05
  472.46,   468.82,   853.02
  472.75,   599.10,   605.73
  472.41,   596.45,   730.71
  472.08,   593.79,   855.68
  224.83,   476.60,   101.71
  222.51,   477.86,   226.68
  220.20,   479.13,   351.65
  222.88,   601.58,   100.41
  220.56,   602.84,   225.38
  218.24,   604.10,   350.35
  220.93,   726.55,    99.11
  218.61,   727.82,   224.08
  216.29,   729.08,   349.05
  349.80,   478.57,   104.01
  347.48,   479.84,   228.98
  345.16,   481.10,   353.95
  347.84,   603.55,   102.71
  345.53,   604.82,   227.68
  343.21,   606.08,   352.65
  345.89,   728.53,   101.41
  343.57,   729.79,   226.38
  341.25,   731.06,   351.35
  474.76,   480.55,   106.31
  472.44,   481.82,   231.28
  470.12,   483.08,   356.25
  472.81,   605.53,   105.01
  470.49,   606.79,   229.98
  468.17,   608.06,   354.95
  470.85,   730.51,   103.71
  468.54,   731.77,   228.68
  466.22,   733.04,   353.65
  225.17,   475.36,   223.71
  223.88,   477.87,   348.68
  222.58,   480.37,   473.65
  226.76,   600.33,   221.22
  225.46,   602.83,   346.19
  224.17,   605.34,   471.16
  228.34,   725.29,   218.74
  227.05,   727.80,   343.70
  225.75,   730.30,   468.67
  350.15,   473.80,   225.04
  348.86,   476.31,   350.00
  347.57,   478.81,   474.97
  351.74,   598.77,   222.55
  350.44,   601.27,   347.52
  349.15,   603.78,   472.48
  353.32,   723.73,   220.06
  352.03,   726.24,   345.03
  350.74,   728.74,   470.00
  475.14,   472.25,   226.36
  473.84,   474.75,   351.33
  472.55,   477.25,   476.30
  476.72,   597.21,   223.87
  475.43,   599.72,   348.84
  474.13,   602.22,   473.81
  478.31,   722.18,   221.39
  477.01,   724.68,   346.35
  475.72,   727.19,   471.32
  226.33,   476.65,   349.40
  228.29,   475.76,   474.38
  230.24,   474.88,   599.36
  225.20,   601.64,   350.30
  227.16,   600.75,   475.28
  229.12,   599.87,   600.26
  224.08,   726.63,   351.20
  226.04,   725.75,   476.18
  227.99,   724.86,   601.16
  351.31,   477.78,   347.45
  353.27,   476.90,   472.43
  355.22,   476.02,   597.41
  350.18,   602.78,   348.35
  352.14,   601.89,   473.33
  354.10,   601.01,   598.31
  349.06,   727.77,   349.25
  351.02,   726.88,   474.23
  352.97,   726.00,   599.21
  476.29,   478.92,   345.50
  478.25,   478.04,   470.48
  480.20,   477.16,   595.46
  475.16,   603.92,   346.40
  477.12,   603.03,   471.38
  479.08,   602.15,   596.36
  474.04,   728.91,   347.30
  476.00,   728.02,   472.28
  477.95,   727.14,   597.26
  223.76,   475.01,   476.90
  225.65,   471.54,   601.84
  227.54,   468.06,   726.77
  221.31,   599.94,   480.41
  223.20,   596.46,   605.35
  225.09,   592.99,   730.29
  218.86,   724.87,   483.93
  220.75,   721.39,   608.86
  222.64,   717.91,   733.80
  348.72,   477.52,   475.08
  350.61,   474.04,   600.02
  352.50,   470.56,   724.95
  346.27,   602.44,   478.59
  348.16,   598.97,   603.53
  350.05,   595.49,   728.47
  343.82,   727.37,   482.11
  345.71,   723.89,   607.04
  347.60,   720.42,   731.98
  473.69,   480.02,   473.26
  475.58,   476.54,   598.20
  477.46,   473.07,   723.13
  471.23,   604.95,   476.77
  473.12,   601.47,   601.71
  475.01,   597.99,   726.65
  468.78,   729.87,   480.29
  470.67,   726.40,   605.22
  472.56,   722.92,   730.16
  226.27,   474.71,   598.31
  227.08,   471.81,   723.27
  227.89,   468.90,   848.23
  229.56,   599.63,   601.18
  230.37,   596.73,   726.15
  231.19,   593.83,   851.11
  232.85,   724.55,   604.06
  233.66,   721.65,   729.03
  234.48,   718.75,   853.99
  351.22,   471.44,   597.42
  352.03,   468.53,   722.38
  352.85,   465.63,   847.34
  354.51,   596.36,   600.30
  355.33,   593.46,   725.26
  356.14,   590.56,   850.22
  357.81,   721.28,   603.18
  358.62,   718.38,   728.14
  359.43,   715.48,   853.10
  476.18,   468.16,   596.53
  476.99,   465.26,   721.49
  477.80,   462.36,   846.46
  479.47,   593.09,   599.41
  480.28,   590.18,   724.37
  481.09,   587.28,   849.34
  482.76,   718.01,   602.29
  483.57,   715.11,   727.25
  484.39,   712.21,   852.21
  224.39,   598.46,   100.91
  224.67,   600.30,   225.90
  224.94,   602.15,   350.89
  225.16,   723.44,    99.07
  225.43,   725.29,   224.06
  225.71,   727.13,   349.04
  225.93,   848.43,    97.22
  226.20,   850.27,   222.21
  226.48,   852.12,   347.20
  349.39,   597.69,   100.65
  349.66,   599.53,   225.63
  349.94,   601.38,   350.62
  350.15,   722.67,    98.80
  350.43,   724.52,   223.79
  350.71,   726.36,   348.78
  350.92,   847.66,    96.96
  351.20,   849.50,   221.94
  351.48,   851.34,   346.93
  474.38,   596.92,   100.38
  474.66,   598.76,   225.37
  474.94,   600.60,   350.35
  475.15,   721.90,    98.54
  475.43,   723.74,   223.52
  475.71,   725.59,   348.51
  475.92,   846.88,    96.69
  476.20,   848.73,   221.68
  476.47,   850.57,   346.66
  223.06,   598.51,   223.67
  225.04,   597.88,   348.65
  227.01,   597.24,   473.63
  225.65,   723.48,   224.26
  227.63,   722.85,   349.24
  229.60,   722.21,   474.23
  228.24,   848.46,   224.85
  230.21,   847.82,   349.84
  232.19,   847.19,   474.82
  348.02,   595.93,   221.68
  350.00,   595.30,   346.66
  351.97,   594.66,   471.64
  350.61,   720.91,   222.27
  352.58,   720.27,   347.26
  354.56,   719.64,   472.24
  353.19,   845.88,   222.87
  355.17,   845.24,   347.85
  357.15,   844.61,   472.83
  472.98,   593.36,   219.69
  474.95,   592.72,   344.67
  476.93,   592.09,   469.66
  475.57,   718.33,   220.28
  477.54,   717.69,   345.27
  479.52,   717.06,   470.25
  478.15,   843.30,   220.88
  480.13,   842.67,   345.86
  482.10,   842.03,   470.84
  224.62,   598.52,   349.90
  222.25,   601.65,   474.84
  219.89,   604.77,   599.78
  227.05,   723.46,   346.83
  224.69,   726.58,   471.77
  222.32,   729.71,   596.71
  229.49,   848.40,   343.75
  227.12,   851.52,   468.69
  224.76,   854.64,   593.63
  349.57,   596.15,   352.33
  347.21,   599.27,   477.27
  344.84,   602.39,   602.21
  352.01,   721.09,   349.25
  349.64,   724.21,   474.19
  347.28,   727.33,   599.13
  354.44,   846.03,   346.18
  352.08,   849.15,   471.12
  349.71,   852.27,   596.06
  474.53,   593.77,   354.75
  472.16,   596.90,   479.69
  469.80,   600.02,   604.63
  476.96,   718.71,   351.68
  474.60,   721.83,   476.62
  472.23,   724.96,   601.56
  479.40,   843.65,   348.60
  477.03,   846.77,   473.54
  474.67,   849.89,   598.48
  226.02,   598.85,   474.44
  228.94,   595.91,   599.37
  231.86,   592.96,   724.30
  225.48,   723.82,   477.39
  228.40,   720.87,   602.33
  231.33,   717.92,   727.26
  224.94,   848.78,   480.35
  227.87,   845.83,   605.28
  230.79,   842.89,   730.21
  350.98,   599.46,   471.53
  353.91,   596.51,   596.46
  356.83,   593.57,   721.39
  350.45,   724.42,   474.49
  353.37,   721.48,   599.42
  356.29,   718.53,   724.35
  349.91,   849.39,   477.44
  352.83,   846.44,   602.37
  355.75,   843.50,   727.31
  475.95,   600.07,   468.62
  478.87,   597.12,   593.55
  481.79,   594.18,   718.48
  475.41,   725.03,   471.58
  478.33,   722.08,   596.51
  481.26,   719.14,   721.44
  474.87,   849.99,   474.53
  477.80,   847.05,   599.47
  480.72,   844.10,   724.40
  224.53,   601.44,   600.11
  226.99,   598.13,   725.04
  229.45,   594.82,   849.97
  226.20,   726.38,   603.38
  228.66,   723.08,   728.31
  231.12,   719.77,   853.25
  227.86,   851.33,   606.66
  230.32,   848.02,   731.59
  232.78,   844.71,   856.52
  349.50,   599.84,   597.60
  351.96,   596.53,   722.54
  354.42,   593.22,   847.47
  351.16,   724.78,   600.88
  353.62,   721.48,   725.81
  356.08,   718.17,   850.74
  352.83,   849.73,   604.16
  355.29,   846.42,   729.09
  357.75,   843.11,   854.02
  474.46,   598.24,   595.10
  476.92,   594.93,   720.03
  479.38,   591.62,   844.96
  476.13,   723.18,   598.38
  478.59,   719.87,   723.31
  481.05,   716.57,   848.24
  477.79,   848.13,   601.65
  480.25,   844.82,   726.58
  482.71,   841.51,   851.52
  351.80,    99.16,   100.92
  349.24,   100.53,   225.88
  346.67,   101.89,   350.85
  351.58,   224.15,    99.55
  349.01,   225.52,   224.51
  346.45,   226.89,   349.48
  351.36,   349.14,    98.17
  348.79,   350.51,   223.14
  346.22,   351.88,   348.11
  476.78,    99.41,   103.48
  474.21,   100.78,   228.45
  471.64,   102.14,   353.41
  476.56,   224.40,   102.11
  473.99,   225.77,   227.08
  471.42,   227.14,   352.04
  476.33,   349.40,   100.74
  473.77,   350.76,   225.70
  471.20,   352.13,   350.67
  601.75,    99.66,   106.05
  599.18,   101.03,   231.01
  596.62,   102.40,   355.98
  601.53,   224.65,   104.68
  598.96,   226.02,   229.64
  596.39,   227.39,   354.61
  601.31,   349.65,   103.30
  598.74,   351.01,   228.27
  596.17,   352.38,   353.24
  350.90,    98.93,   224.61
  352.41,   100.13,   349.60
  353.93,   101.33,   474.58
  351.91,   223.92,   223.40
  353.43,   225.12,   348.39
  354.95,   226.32,   473.37
  352.93,   348.91,   222.19
  354.45,   350.11,   347.18
  355.96,   351.31,   472.16
  475.88,    97.90,   223.10
  477.40,    99.10,   348.09
  478.92,   100.29,   473.07
  476.90,   222.89,   221.89
  478.42,   224.09,   346.88
  479.93,   225.28,   471.86
  477.92,   347.88,   220.69
  479.43,   349.08,   345.67
  480.95,   350.27,   470.66
  600.87,    96.87,   221.60
  602.39,    98.07,   346.58
  603.90,    99.26,   471.57
  601.89,   221.86,   220.39
  603.40,   223.06,   345.37
  604.92,   224.25,   470.36
  602.90,   346.85,   219.18
  604.42,   348.05,   344.16
  605.94,   349.24,   469.15
  351.12,    98.91,   348.06
  347.40,    99.28,   473.00
  343.68,    99.65,   597.94
  351.08,   223.91,   347.69
  347.35,   224.28,   472.63
  343.63,   224.65,   597.57
  351.03,   348.91,   347.32
  347.31,   349.28,   472.26
  343.59,   349.65,   597.20
  476.06,    98.97,   351.78
  472.34,    99.33,   476.72
  468.62,    99.70,   601.67
  476.02,   223.96,   351.41
  472.30,   224.33,   476.35
  468.58,   224.70,   601.29
  475.98,   348.96,   351.04
  472.26,   349.33,   475.98
  468.53,   349.70,   600.92
  601.01,    99.02,   355.50
  597.29,    99.39,   480.44
  593.57,    99.76,   605.39
  600.96,   224.02,   355.13
  597.24,   224.39,   480.07
  593.52,   224.76,   605.02
  600.92,   349.02,   354.76
  597.20,   349.39,   479.70
  593.48,   349.76,   604.65
  348.55,   100.42,   476.95
  347.55,    96.68,   601.89
  346.55,    92.93,   726.83
  346.15,   225.35,   480.68
  345.15,   221.60,   605.62
  344.15,   217.85,   730.56
  343.75,   350.27,   484.41
  342.75,   346.52,   609.35
  341.75,   342.77,   734.29
  473.52,   102.79,   478.02
  472.52,    99.04,   602.96
  471.52,    95.29,   727.90
  471.12,   227.71,   481.75
  470.12,   223.96,   606.69
  469.12,   220.22,   731.63
  468.72,   352.63,   485.48
  467.72,   348.89,   610.42
  466.72,   345.14,   735.36
  598.49,   105.16,   479.09
  597.49,   101.41,   604.03
  596.49,    97.66,   728.97
  596.10,   230.08,   482.82
  595.10,   226.33,   607.76
  594.10,   222.58,   732.70
  593.70,   355.00,   486.55
  592.70,   351.25,   611.49
  591.70,   347.50,   736.43
  350.82,   101.19,   601.64
  352.49,   103.29,   726.61
  354.16,   105.39,   851.58
  353.38,   226.15,   599.50
  355.05,   228.25,   724.47
  356.72,   230.35,   849.44
  355.94,   351.11,   597.37
  357.61,   353.21,   722.34
  359.27,   355.31,   847.31
  475.78,    98.61,   600.01
  477.45,   100.71,   724.98
  479.12,   102.81,   849.95
  478.34,   223.56,   597.88
  480.01,   225.66,   722.85
  481.68,   227.76,   847.82
  480.90,   348.52,   595.74
  482.57,   350.62,   720.72
  484.24,   352.72,   845.69
  600.75,    96.02,   598.39
  602.42,    98.12,   723.36
  604.08,   100.22,   848.33
  603.31,   220.98,   596.25
  604.97,   223.08,   721.22
  606.64,   225.18,   846.20
  605.86,   345.93,   594.12
  607.53,   348.03,   719.09
  609.20,   350.13,   844.06
  348.93,   224.85,    99.49
  351.00,   221.65,   224.43
  353.06,   218.45,   349.37
  351.80,   349.77,   102.64
  353.87,   346.57,   227.58
  355.93,   343.37,   352.52
  354.67,   474.70,   105.79
  356.74,   471.50,   230.73
  358.80,   468.30,   355.68
  473.88,   222.03,    97.35
  475.95,   218.83,   222.29
  478.01,   215.63,   347.23
  476.75,   346.96,   100.50
  478.82,   343.76,   225.45
  480.88,   340.56,   350.39
  479.62,   471.88,   103.66
  481.69,   468.68,   228.60
  483.75,   465.48,   353.54
  598.83,   219.21,    95.21
  600.90,   216.01,   220.16
  602.96,   212.81,   345.10
  601.70,   344.14,    98.37
  603.77,   340.94,   223.31
  605.83,   337.74,   348.25
  604.57,   469.07,   101.52
  606.64,   465.87,   226.46
  608.70,   462.67,   351.40
  349.20,   226.44,   223.93
  345.65,   225.49,   348.88
  342.10,   224.54,   473.82
  345.78,   351.39,   224.78
  342.23,   350.44,   349.73
  338.68,   349.49,   474.68
  342.36,   476.34,   225.64
  338.81,   475.39,   350.58
  335.26,   474.44,   475.53
  474.10,   229.83,   227.50
  470.55,   228.88,   352.45
  467.00,   227.93,   477.40
  470.68,   354.78,   228.36
  467.13,   353.83,   353.30
  463.58,   352.88,   478.25
  467.26,   479.73,   229.21
  463.71,   478.78,   354.16
  460.16,   477.83,   479.10
  599.00,   233.23,   231.08
  595.45,   232.28,   356.02
  591.91,   231.33,   480.97
  595.58,   358.18,   231.93
  592.03,   357.23,   356.87
  588.49,   356.28,   481.82
  592.16,   483.13,   232.78
  588.61,   482.18,   357.73
  585.07,   481.23,   482.67
  350.61,   224.98,   350.33
  352.09,   226.51,   475.31
  353.57,   228.03,   600.30
  347.63,   349.94,   348.85
  349.11,   351.46,   473.83
  350.59,   352.98,   598.81
  344.65,   474.90,   347.36
  346.12,   476.42,   472.34
  347.60,   477.94,   597.33
  475.57,   227.95,   348.82
  477.05,   229.47,   473.80
  478.52,   230.99,   598.78
  472.59,   352.91,   347.33
  474.06,   354.43,   472.32
  475.54,   355.95,   597.30
  469.60,   477.86,   345.85
  471.08,   479.38,   470.83
  472.56,   480.90,   595.81
  600.53,   230.92,   347.31
  602.00,   232.44,   472.29
  603.48,   233.96,   597.27
  597.54,   355.87,   345.82
  599.02,   357.39,   470.80
  600.50,   358.91,   595.79
  594.56,   480.83,   344.34
  596.04,   482.35,   469.32
  597.51,   483.87,   594.30
  350.77,   224.48,   475.33
  348.01,   220.86,   600.24
  345.25,   217.25,   725.16
  351.37,   349.42,   478.96
  348.61,   345.81,   603.87
  345.86,   342.19,   728.79
  351.97,   474.37,   482.58
  349.21,   470.75,   607.50
  346.46,   467.14,   732.42
  475.73,   223.80,   478.06
  472.98,   220.18,   602.98
  470.22,   216.57,   727.90
  476.34,   348.74,   481.69
  473.58,   345.13,   606.61
  470.82,   341.51,   731.53
  476.94,   473.69,   485.32
  474.18,   470.07,   610.24
  471.43,   466.46,   735.16
  600.70,   223.11,   480.80
  597.95,   219.50,   605.72
  595.19,   215.88,   730.64
  601.30,   348.06,   484.43
  598.55,   344.44,   609.35
  595.79,   340.83,   734.27
  601.91,   473.00,   488.06
  599.15,   469.39,   612.98
  596.39,   465.77,   737.89
  349.89,   225.54,   599.07
  351.27,   227.73,   724.04
  352.65,   229.91,   849.01
  347.98,   350.51,   596.90
  349.36,   352.69,   721.88
  350.74,   354.88,   846.85
  346.07,   475.48,   594.74
  347.45,   477.66,   719.71
  348.83,   479.85,   844.69
  474.87,   227.43,   597.65
  476.25,   229.61,   722.63
  477.63,   231.80,   847.60
  472.96,   352.40,   595.49
  474.34,   354.58,   720.46
  475.72,   356.77,   845.44
  471.05,   477.36,   593.33
  472.43,   479.55,   718.30
  473.81,   481.73,   843.27
  599.85,   229.32,   596.24
  601.23,   231.50,   721.22
  602.61,   233.69,   846.19
  597.94,   354.28,   594.08
  599.32,   356.47,   719.05
  600.70,   358.65,   844.02
  596.02,   479.25,   591.91
  597.40,   481.43,   716.89
  598.78,   483.62,   841.86
  349.84,   351.87,   100.73
  346.58,   353.69,   225.68
  343.32,   355.51,   350.62
  353.19,   476.81,    99.00
  349.93,   478.63,   223.94
  346.66,   480.45,   348.89
  356.53,   601.75,    97.27
  353.27,   603.57,   222.21
  350.01,   605.39,   347.16
  474.76,   348.57,   104.04
  471.49,   350.39,   228.99
  468.23,   352.21,   353.93
  478.10,   473.51,   102.31
  474.84,   475.33,   227.26
  471.58,   477.15,   352.20
  481.45,   598.46,   100.58
  478.18,   600.28,   225.52
  474.92,   602.09,   350.47
  599.67,   345.27,   107.35
  596.41,   347.09,   232.30
  593.14,   348.91,   357.24
  603.01,   470.22,   105.62
  599.75,   472.03,   230.57
  596.49,   473.85,   355.51
  606.36,   595.16,   103.89
  603.10,   596.98,   228.83
  599.83,   598.80,   353.78
  351.91,   351.14,   223.58
  352.26,   348.44,   348.55
  352.62,   345.74,   473.52
  353.67,   476.10,   226.28
  354.02,   473.40,   351.25
  354.38,   470.70,   476.22
  355.43,   601.06,   228.97
  355.78,   598.36,   353.94
  356.14,   595.66,   478.91
  476.90,   349.39,   223.19
  477.25,   346.69,   348.16
  477.60,   343.99,   473.13
  478.66,   474.35,   225.89
  479.01,   471.65,   350.86
  479.36,   468.95,   475.83
  480.42,   599.31,   228.58
  480.77,   596.61,   353.55
  481.12,   593.91,   478.52
  601.89,   347.64,   222.80
  602.24,   344.94,   347.77
  602.59,   342.24,   472.74
  603.65,   472.60,   225.50
  604.00,   469.90,   350.47
  604.35,   467.20,   475.44
  605.41,   597.56,   228.19
  605.76,   594.86,   353.16
  606.11,   592.16,   478.13
  350.95,   350.76,   351.28
  350.98,   353.93,   476.24
  351.00,   357.11,   601.20
  354.06,   475.68,   348.11
  354.08,   478.85,   473.07
  354.10,   482.03,   598.03
  357.17,   600.60,   344.93
  357.19,   603.77,   469.89
  357.21,   606.95,   594.85
  475.92,   347.65,   351.34
  475.94,   350.83,   476.30
  475.96,   354.00,   601.26
  479.02,   472.57,   348.16
  479.04,   475.75,   473.12
  479.07,   478.92,   598.08
  482.13,   597.49,   344.99
  482.15,   600.67,   469.95
  482.17,   603.84,   594.91
  600.88,   344.54,   351.40
  600.90,   347.72,   476.36
  600.92,   350.89,   601.32
  603.98,   469.46,   348.22
  604.01,   472.64,   473.18
  604.03,   475.82,   598.14
  607.09,   594.38,   345.05
  607.11,   597.56,   470.01
  607.13,   600.74,   594.97
  350.81,   349.84,   475.02
  352.42,   350.26,   600.01
  354.04,   350.68,   724.99
  349.45,   474.83,   474.62
  351.07,   475.25,   599.60
  352.68,   475.67,   724.59
  348.09,   599.83,   474.22
  349.71,   600.24,   599.20
  351.33,   600.66,   724.19
  475.79,   351.19,   473.40
  477.40,   351.61,   598.38
  479.02,   352.03,   723.37
  474.43,   476.19,   472.99
  476.05,   476.60,   597.98
  477.67,   477.02,   722.97
  473.07,   601.18,   472.59
  474.69,   601.60,   597.58
  476.31,   602.01,   722.57
  600.77,   352.54,   471.77
  602.39,   352.96,   596.76
  604.00,   353.38,   721.75
  599.41,   477.54,   471.37
  601.03,   477.96,   596.36
  602.65,   478.37,   721.35
  598.06,   602.53,   470.97
  599.67,   602.95,   595.96
  601.29,   603.37,   720.95
  350.95,   351.46,   601.56
  350.00,   354.93,   726.51
  349.04,   358.39,   851.46
  352.22,   476.41,   598.11
  351.27,   479.87,   723.06
  350.31,   483.33,   848.01
  353.49,   601.36,   594.66
  352.54,   604.82,   719.61
  351.58,   608.28,   844.56
  475.94,   350.22,   602.55
  474.99,   353.68,   727.50
  474.03,   357.14,   852.45
  477.21,   475.17,   599.10
  476.26,   478.63,   724.05
  475.30,   482.09,   848.99
  478.48,   600.11,   595.65
  477.53,   603.57,   720.59
  476.57,   607.04,   845.54
  600.93,   348.98,   603.54
  599.98,   352.44,   728.49
  599.02,   355.90,   853.43
  602.20,   473.92,   600.09
  601.25,   477.39,   725.03
  600.29,   480.85,   849.98
  603.47,   598.87,   596.63
  602.52,   602.33,   721.58
  601.56,   605.79,   846.53
  351.08,   475.48,   100.36
  352.64,   474.48,   225.34
  354.20,   473.47,   350.33
  350.96,   600.48,   101.36
  352.52,   599.47,   226.35
  354.08,   598.47,   351.34
  350.84,   725.47,   102.37
  352.40,   724.47,   227.35
  353.96,   723.47,   352.34
  476.07,   475.61,    98.80
  477.63,   474.61,   223.79
  479.19,   473.61,   348.77
  475.95,   600.61,    99.80
  477.51,   599.61,   224.79
  479.07,   598.60,   349.78
  475.83,   725.61,   100.81
  477.39,   724.60,   225.80
  478.95,   723.60,   350.78
  601.06,   475.75,    97.24
  602.62,   474.74,   222.23
  604.18,   473.74,   347.21
  600.94,   600.74,    98.25
  602.50,   599.74,   223.23
  604.06,   598.73,   348.22
  600.82,   725.74,    99.25
  602.38,   724.73,   224.24
  603.94,   723.73,   349.22
  348.50,   475.32,   225.33
  348.92,   474.33,   350.33
  349.34,   473.34,   475.33
  351.82,   600.27,   226.31
  352.24,   599.28,   351.31
  352.66,   598.29,   476.30
  355.15,   725.22,   227.29
  355.57,   724.23,   352.28
  355.99,   723.24,   477.28
  473.45,   471.99,   224.89
  473.87,   471.00,   349.88
  474.29,   470.02,   474.88
  476.78,   596.95,   225.87
  477.20,   595.96,   350.86
  477.62,   594.97,   475.86
  480.10,   721.90,   226.84
  480.52,   720.91,   351.84
  480.94,   719.92,   476.83
  598.41,   468.67,   224.44
  598.83,   467.68,   349.44
  599.25,   466.69,   474.43
  601.73,   593.62,   225.42
  602.15,   592.63,   350.42
  602.57,   591.65,   475.41
  605.06,   718.57,   226.40
  605.48,   717.59,   351.39
  605.90,   716.60,   476.39
  350.44,   475.91,   348.50
  352.52,   477.78,   473.47
  354.61,   479.65,   598.44
  353.95,   600.85,   346.57
  356.03,   602.72,   471.54
  358.12,   604.59,   596.51
  357.46,   725.78,   344.64
  359.54,   727.65,   469.61
  361.62,   729.52,   594.58
  475.37,   472.37,   346.47
  477.46,   474.24,   471.44
  479.54,   476.11,   596.41
  478.88,   597.31,   344.54
  480.96,   599.18,   469.51
  483.05,   601.05,   594.48
  482.39,   722.24,   342.61
  484.47,   724.11,   467.58
  486.56,   725.98,   592.55
  600.30,   468.83,   344.44
  602.39,   470.70,   469.41
  604.47,   472.57,   594.38
  603.81,   593.77,   342.51
  605.90,   595.64,   467.48
  607.98,   597.51,   592.45
  607.32,   718.70,   340.58
  609.41,   720.57,   465.55
  611.49,   722.44,   590.52
  350.36,   475.35,   474.98
  353.96,   475.98,   599.92
  357.56,   476.61,   724.87
  347.44,   600.32,   474.43
  351.03,   600.95,   599.37
  354.63,   601.58,   724.32
  344.51,   725.28,   473.88
  348.10,   725.91,   598.83
  351.70,   726.54,   723.77
  475.28,   478.26,   471.36
  478.88,   478.89,   596.31
  482.47,   479.53,   721.26
  472.35,   603.23,   470.82
  475.95,   603.86,   595.76
  479.54,   604.49,   720.71
  469.42,   728.19,   470.27
  473.02,   728.82,   595.22
  476.62,   729.46,   720.16
  600.19,   481.17,   467.75
  603.79,   481.81,   592.70
  607.39,   482.44,   717.65
  597.26,   606.14,   467.21
  600.86,   606.77,   592.15
  604.46,   607.40,   717.10
  594.33,   731.10,   466.66
  597.93,   731.74,   591.60
  601.53,   732.37,   716.55
  351.26,   475.61,   600.06
  349.36,   474.41,   725.04
  347.45,   473.21,   850.02
  350.39,   600.61,   601.24
  348.48,   599.40,   726.22
  346.57,   598.20,   851.20
  349.51,   725.60,   602.43
  347.60,   724.40,   727.41
  345.69,   723.19,   852.39
  476.25,   476.47,   601.97
  474.34,   475.27,   726.95
  472.43,   474.07,   851.93
  475.37,   601.46,   603.16
  473.46,   600.26,   728.14
  471.55,   599.06,   853.12
  474.50,   726.46,   604.35
  472.59,   725.25,   729.33
  470.68,   724.05,   854.31
  601.23,   477.33,   603.89
  599.32,   476.13,   728.87
  597.41,   474.93,   853.85
  600.35,   602.32,   605.08
  598.44,   601.12,   730.06
  596.53,   599.92,   855.04
  599.48,   727.31,   606.27
  597.57,   726.11,   731.25
  595.66,   724.91,   856.23
  348.72,   598.33,    98.48
  349.68,   597.02,   223.47
  350.65,   595.71,   348.46
  351.19,   723.30,    99.77
  352.15,   721.99,   224.76
  353.12,   720.68,   349.75
  353.66,   848.26,   101.06
  354.62,   846.96,   226.05
  355.59,   845.65,   351.04
  473.69,   595.87,    97.50
  474.66,   594.56,   222.49
  475.62,   593.25,   347.47
  476.16,   720.84,    98.79
  477.13,   719.53,   223.77
  478.09,   718.22,   348.76
  478.63,   845.81,   100.07
  479.60,   844.50,   225.06
  480.56,   843.19,   350.05
  598.67,   593.41,    96.51
  599.63,   592.10,   221.50
  600.59,   590.79,   346.49
  601.13,   718.38,    97.80
  602.10,   717.07,   222.79
  603.06,   715.76,   347.78
  603.60,   843.35,    99.09
  604.57,   842.04,   224.08
  605.53,   840.73,   349.07
  348.84,   601.01,   223.61
  346.34,   598.92,   348.57
  343.83,   596.84,   473.52
  351.10,   725.97,   225.74
  348.60,   723.88,   350.70
  346.10,   721.80,   475.66
  353.37,   850.93,   227.87
  350.87,   848.85,   352.83
  348.36,   846.76,   477.79
  473.79,   598.70,   226.08
  471.29,   596.62,   351.03
  468.79,   594.53,   475.99
  476.06,   723.66,   228.21
  473.55,   721.58,   353.16
  471.05,   719.49,   478.12
  478.32,   848.62,   230.34
  475.82,   846.54,   355.30
  473.32,   844.45,   480.25
  598.75,   596.39,   228.54
  596.24,   594.31,   353.50
  593.74,   592.22,   478.46
  601.01,   721.36,   230.67
  598.51,   719.27,   355.63
  596.01,   717.18,   480.59
  603.28,   846.32,   232.80
  600.77,   844.23,   357.76
  598.27,   842.15,   482.72
  350.21,   599.69,   348.33
  353.89,   599.63,   473.28
  357.57,   599.57,   598.22
  353.25,   724.65,   348.30
  356.93,   724.59,   473.25
  360.61,   724.53,   598.19
  356.29,   849.62,   348.27
  359.97,   849.56,   473.22
  363.65,   849.50,   598.16
  475.11,   596.65,   344.65
  478.79,   596.59,   469.60
  482.47,   596.53,   594.54
  478.16,   721.61,   344.62
  481.84,   721.55,   469.57
  485.52,   721.49,   594.51
  481.20,   846.57,   344.59
  484.88,   846.51,   469.54
  488.56,   846.45,   594.48
  600.02,   593.61,   340.97
  603.70,   593.55,   465.91
  607.38,   593.49,   590.86
  603.07,   718.57,   340.94
  606.75,   718.51,   465.89
  610.43,   718.45,   590.83
  606.11,   843.53,   340.91
  609.79,   843.47,   465.86
  613.47,   843.41,   590.80
  348.79,   601.55,   473.53
  345.11,   604.61,   598.44
  341.43,   607.67,   723.35
  352.00,   726.48,   470.57
  348.32,   729.54,   595.48
  344.64,   732.60,   720.38
  355.21,   851.40,   467.60
  351.53,   854.46,   592.51
  347.84,   857.52,   717.42
  473.70,   598.44,   477.29
  470.02,   601.50,   602.20
  466.33,   604.56,   727.11
  476.90,   723.36,   474.33
  473.22,   726.42,   599.23
  469.54,   729.48,   724.14
  480.11,   848.28,   471.36
  476.43,   851.34,   596.27
  472.75,   854.40,   721.18
  598.60,   595.32,   481.05
  594.92,   598.38,   605.96
  591.24,   601.44,   730.87
  601.81,   720.24,   478.08
  598.13,   723.30,   602.99
  594.45,   726.36,   727.90
  605.02,   845.17,   475.12
  601.34,   848.23,   600.03
  597.65,   851.29,   724.93
  350.75,   599.95,   600.45
  350.29,   602.73,   725.42
  349.84,   605.52,   850.39
  354.40,   724.87,   597.68
  353.95,   727.65,   722.65
  353.49,   730.43,   847.62
  358.06,   849.78,   594.92
  357.60,   852.57,   719.88
  357.15,   855.35,   844.85
  475.69,   596.31,   600.99
  475.24,   599.09,   725.96
  474.78,   601.87,   850.92
  479.35,   721.22,   598.22
  478.89,   724.01,   723.19
  478.44,   726.79,   848.16
  483.00,   846.14,   595.45
  482.55,   848.92,   720.42
  482.09,   851.71,   845.39
  600.64,   592.66,   601.52
  600.18,   595.45,   726.49
  599.73,   598.23,   851.46
  604.29,   717.58,   598.76
  603.84,   720.36,   723.72
  603.38,   723.15,   848.69
  607.95,   842.50,   595.99
  607.49,   845.28,   720.96
  607.04,   848.06,   845.92
  475.50,    98.20,   101.05
  475.70,   101.67,   226.00
  475.91,   105.15,   350.95
  474.78,   223.15,    97.58
  474.98,   226.62,   222.53
  475.19,   230.10,   347.48
  474.06,   348.10,    94.11
  474.26,   351.57,   219.06
  474.46,   355.05,   344.01
  600.50,    98.92,   100.83
  600.70,   102.39,   225.78
  600.90,   105.86,   350.73
  599.78,   223.87,    97.36
  599.98,   227.34,   222.31
  600.18,   230.81,   347.26
  599.06,   348.82,    93.88
  599.26,   352.29,   218.84
  599.46,   355.76,   343.79
  725.50,    99.63,   100.60
  725.70,   103.10,   225.56
  725.90,   106.58,   350.51
  724.78,   224.58,    97.13
  724.98,   228.05,   222.08
  725.18,   231.53,   347.04
  724.06,   349.53,    93.66
  724.26,   353.00,   218.61
  724.46,   356.48,   343.56
  473.93,   101.44,   223.30
  472.15,   101.02,   348.29
  470.38,   100.60,   473.28
  471.49,   226.41,   223.68
  469.71,   226.00,   348.67
  467.93,   225.58,   473.66
  469.04,   351.39,   224.06
  467.27,   350.97,   349.05
  465.49,   350.56,   474.04
  598.89,   103.87,   225.09
  597.12,   103.46,   350.07
  595.34,   103.04,   475.06
  596.45,   228.85,   225.47
  594.67,   228.43,   350.45
  592.90,   228.02,   475.44
  594.01,   353.82,   225.85
  592.23,   353.41,   350.84
  590.46,   352.99,   475.82
  723.86,   106.31,   226.87
  722.08,   105.89,   351.86
  720.30,   105.48,   476.84
  721.41,   231.28,   227.25
  719.64,   230.87,   352.24
  717.86,   230.45,   477.23
  718.97,   356.26,   227.63
  717.20,   355.85,   352.62
  715.42,   355.43,   477.61
  475.69,   100.63,   349.01
  473.98,    97.95,   473.97
  472.27,    95.27,   598.93
  474.38,   225.60,   351.67
  472.67,   222.92,   476.63
  470.96,   220.23,   601.59
  473.08,   350.56,   354.34
  471.37,   347.88,   479.30
  469.66,   345.20,   604.26
  600.67,   101.90,   350.75
  598.96,    99.22,   475.71
  597.25,    96.54,   600.67
  599.37,   226.87,   353.41
  597.66,   224.18,   478.37
  595.95,   221.50,   603.33
  598.06,   351.83,   356.07
  596.35,   349.15,   481.03
  594.64,   346.47,   605.99
  725.65,   103.17,   352.48
  723.94,   100.49,   477.44
  722.23,    97.81,   602.40
  724.35,   228.13,   355.15
  722.64,   225.45,   480.11
  720.93,   222.77,   605.07
  723.04,   353.10,   357.81
  721.33,   350.42,   482.77
  719.62,   347.74,   607.73
  474.93,    99.09,   475.34
  474.08,   101.87,   600.31
  473.23,   104.64,   725.28
  475.45,   224.05,   472.57
  474.60,   226.83,   597.53
  473.76,   229.61,   722.50
  475.97,   349.02,   469.79
  475.13,   351.80,   594.76
  474.28,   354.58,   719.72
  599.92,    98.58,   476.20
  599.08,   101.36,   601.17
  598.23,   104.14,   726.13
  600.45,   223.55,   473.43
  599.60,   226.33,   598.39
  598.75,   229.11,   723.36
  600.97,   348.52,   470.65
  600.12,   351.30,   595.62
  599.27,   354.08,   720.58
  724.92,    98.08,   477.06
  724.07,   100.86,   602.03
  723.23,   103.64,   726.99
  725.44,   223.05,   474.28
  724.60,   225.83,   599.25
  723.75,   228.61,   724.22
  725.97,   348.02,   471.51
  725.12,   350.79,   596.48
  724.27,   353.57,   721.44
  476.64,   100.68,   598.92
  473.16,   103.33,   723.85
  469.68,   105.98,   848.77
  477.60,   225.65,   596.30
  474.12,   228.30,   721.22
  470.63,   230.95,   846.14
  478.55,   350.62,   593.67
  475.07,   353.27,   718.60
  471.59,   355.92,   843.52
  601.59,    99.80,   602.42
  598.11,   102.45,   727.35
  594.63,   105.10,   852.27
  602.55,   224.77,   599.80
  599.06,   227.42,   724.72
  595.58,   230.07,   849.65
  603.50,   349.74,   597.17
  600.02,   352.39,   722.10
  596.54,   355.04,   847.02
  726.54,    98.92,   605.93
  723.06,   101.57,   730.85
  719.57,   104.22,   855.77
  727.49,   223.89,   603.30
  724.01,   226.54,   728.22
  720.53,   229.19,   853.15
  728.45,   348.86,   600.68
  724.97,   351.51,   725.60
  721.48,   354.16,   850.52
  473.32,   224.70,    99.68
  474.92,   227.05,   224.65
  476.52,   229.41,   349.62
  471.98,   349.67,    97.35
  473.58,   352.02,   222.31
  475.18,   354.38,   347.28
  470.65,   474.64,    95.01
  472.25,   476.99,   219.98
  473.85,   479.35,   344.94
  598.30,   226.00,    98.06
  599.90,   228.36,   223.03
  601.50,   230.71,   347.99
  596.97,   350.97,    95.72
  598.57,   353.33,   220.69
  600.17,   355.68,   345.66
  595.63,   475.94,    93.38
  597.23,   478.30,   218.35
  598.83,   480.65,   343.32
  723.28,   227.31,    96.43
  724.88,   229.66,   221.40
  726.48,   232.02,   346.37
  721.95,   352.28,    94.10
  723.55,   354.63,   219.06
  725.15,   356.99,   344.03
  720.61,   477.25,    91.76
  722.21,   479.60,   216.73
  723.81,   481.96,   341.69
  475.34,   224.79,   226.97
  473.72,   223.73,   351.95
  472.10,   222.67,   476.94
  477.10,   349.77,   228.05
  475.48,   348.71,   353.04
  473.86,   347.65,   478.02
  478.86,   474.75,   229.14
  477.24,   473.69,   354.12
  475.62,   472.63,   479.11
  600.32,   223.01,   228.57
  598.70,   221.95,   353.56
  597.08,   220.89,   478.54
  602.08,   347.99,   229.66
  600.46,   346.93,   354.64
  598.84,   345.87,   479.63
  603.84,   472.98,   230.74
  602.22,   471.92,   355.72
  600.60,   470.86,   480.71
  725.29,   221.24,   230.18
  723.67,   220.18,   355.16
  722.06,   219.11,   480.15
  727.05,   346.22,   231.26
  725.44,   345.16,   356.24
  723.82,   344.10,   481.23
  728.82,   471.20,   232.34
  727.20,   470.14,   357.33
  725.58,   469.08,   482.31
  476.87,   223.38,   348.82
  477.15,   219.93,   473.77
  477.44,   216.49,   598.72
  478.29,   348.32,   352.26
  478.57,   344.88,   477.21
  478.86,   341.43,   602.17
  479.70,   473.27,   355.70
  479.99,   469.82,   480.66
  480.28,   466.37,   605.61
  601.86,   221.97,   348.49
  602.15,   218.52,   473.44
  602.43,   215.08,   598.40
  603.28,   346.91,   351.93
  603.56,   343.47,   476.89
  603.85,   340.02,   601.84
  604.70,   471.86,   355.38
  604.98,   468.41,   480.33
  605.27,   464.96,   605.28
  726.85,   220.56,   348.17
  727.14,   217.11,   473.12
  727.43,   213.66,   598.07
  728.27,   345.50,   351.61
  728.56,   342.06,   476.56
  728.84,   338.61,   601.51
  729.69,   470.45,   355.05
  729.98,   467.00,   480.00
  730.26,   463.55,   604.95
  473.88,   223.67,   473.51
  471.20,   224.97,   598.47
  468.53,   226.27,   723.44
  473.38,   348.66,   472.20
  470.70,   349.96,   597.16
  468.02,   351.26,   722.13
  472.88,   473.65,   470.89
  470.20,   474.95,   595.85
  467.52,   476.25,   720.82
  598.85,   224.20,   476.18
  596.17,   225.50,   601.15
  593.50,   226.80,   726.11
  598.35,   349.19,   474.87
  595.67,   350.49,   599.84
  592.99,   351.79,   724.80
  597.85,   474.18,   473.56
  595.17,   475.48,   598.53
  592.49,   476.78,   723.49
  723.82,   224.73,   478.86
  721.14,   226.03,   603.82
  718.47,   227.33,   728.79
  723.32,   349.72,   477.55
  720.64,   351.02,   602.51
  717.96,   352.32,   727.47
  722.82,   474.71,   476.23
  720.14,   476.01,   601.20
  717.46,   477.31,   726.16
  475.49,   226.30,   598.67
  474.85,   226.02,   723.67
  474.21,   225.75,   848.67
  477.09,   351.29,   598.96
  476.45,   351.01,   723.96
  475.81,   350.74,   848.95
  478.69,   476.28,   599.24
  478.05,   476.00,   724.24
  477.41,   475.73,   849.24
  600.48,   224.70,   599.31
  599.84,   224.42,   724.31
  599.20,   224.15,   849.31
  602.08,   349.69,   599.60
  601.44,   349.41,   724.60
  600.80,   349.14,   849.59
  603.68,   474.68,   599.88
  603.04,   474.40,   724.88
  602.39,   474.13,   849.88
  725.47,   223.10,   599.95
  724.83,   222.82,   724.95
  724.18,   222.55,   849.95
  727.07,   348.09,   600.24
  726.43,   347.81,   725.23
  725.78,   347.54,   850.23
  728.67,   473.08,   600.52
  728.03,   472.80,   725.52
  727.38,   472.52,   850.52
  476.15,   351.14,    99.48
  475.17,   352.11,   224.47
  474.20,   353.08,   349.47
  479.07,   476.10,    98.53
  478.10,   477.07,   223.53
  477.12,   478.04,   348.52
  482.00,   601.06,    97.59
  481.02,   602.03,   222.58
  480.05,   603.00,   347.57
  601.11,   348.22,   100.48
  600.14,   349.19,   225.47
  599.16,   350.16,   350.46
  604.04,   473.18,    99.53
  603.06,   474.15,   224.52
  602.09,   475.12,   349.52
  606.96,   598.14,    98.59
  605.99,   599.11,   223.58
  605.01,   600.08,   348.57
  726.07,   345.30,   101.48
  725.10,   346.27,   226.47
  724.12,   347.24,   351.46
  729.00,   470.26,   100.53
  728.02,   471.23,   225.52
  727.05,   472.20,   350.51
  731.92,   595.23,    99.58
  730.95,   596.20,   224.58
  729.97,   597.16,   349.57
  474.37,   351.29,   226.15
  471.40,   351.98,   351.12
  468.43,   352.67,   476.08
  474.71,   476.29,   225.47
  471.74,   476.98,   350.44
  468.76,   477.66,   475.40
  475.05,   601.29,   224.79
  472.08,   601.97,   349.76
  469.10,   602.66,   474.72
  599.34,   350.97,   229.13
  596.36,   351.66,   354.09
  593.39,   352.34,   479.05
  599.68,   475.97,   228.45
  596.70,   476.65,   353.41
  593.73,   477.34,   478.37
  600.01,   600.96,   227.77
  597.04,   601.65,   352.73
  594.07,   602.34,   477.69
  724.30,   350.65,   232.10
  721.33,   351.33,   357.07
  718.35,   352.02,   482.03
  724.64,   475.64,   231.42
  721.67,   476.33,   356.39
  718.69,   477.02,   481.35
  724.98,   600.64,   230.74
  722.00,   601.33,   355.71
  719.03,   602.02,   480.67
  473.54,   348.54,   351.28
  471.84,   348.29,   476.27
  470.15,   348.03,   601.26
  470.86,   473.51,   351.50
  469.16,   473.26,   476.49
  467.46,   473.01,   601.48
  468.17,   598.49,   351.72
  466.48,   598.23,   476.71
  464.78,   597.98,   601.70
  598.50,   351.22,   352.98
  596.80,   350.97,   477.97
  595.11,   350.72,   602.96
  595.82,   476.20,   353.20
  594.12,   475.94,   478.19
  592.42,   475.69,   603.18
  593.13,   601.17,   353.42
  591.44,   600.91,   478.41
  589.74,   600.66,   603.40
  723.46,   353.91,   354.68
  721.76,   353.65,   479.67
  720.07,   353.40,   604.66
  720.77,   478.88,   354.90
  719.08,   478.62,   479.89
  717.38,   478.37,   604.88
  718.09,   603.85,   355.12
  716.40,   603.59,   480.11
  714.70,   603.34,   605.10
  473.50,   351.62,   474.48
  476.88,   353.85,   599.41
  480.26,   356.08,   724.35
  470.81,   476.57,   472.32
  474.19,   478.80,   597.26
  477.57,   481.03,   722.19
  468.12,   601.52,   470.16
  471.50,   603.75,   595.10
  474.88,   605.99,   720.03
  598.42,   354.25,   471.05
  601.80,   356.48,   595.99
  605.18,   358.71,   720.92
  595.74,   479.20,   468.89
  599.11,   481.43,   593.83
  602.49,   483.66,   718.76
  593.05,   604.15,   466.74
  596.42,   606.38,   591.67
  599.80,   608.62,   716.60
  723.35,   356.88,   467.63
  726.73,   359.11,   592.56
  730.11,   361.34,   717.50
  720.66,   481.83,   465.47
  724.04,   484.06,   590.40
  727.42,   486.29,   715.34
  717.97,   606.78,   463.31
  721.35,   609.01,   588.24
  724.73,   611.24,   713.18
  475.71,   349.00,   598.96
  472.54,   349.51,   723.92
  469.38,   350.02,   848.88
  477.36,   473.99,   598.50
  474.19,   474.50,   723.45
  471.02,   475.01,   848.41
  479.01,   598.98,   598.03
  475.84,   599.49,   722.99
  472.67,   600.00,   847.95
  600.66,   347.37,   602.14
  597.49,   347.88,   727.10
  594.32,   348.39,   852.06
  602.31,   472.36,   601.67
  599.14,   472.87,   726.63
  595.97,   473.38,   851.59
  603.96,   597.34,   601.20
  600.79,   597.85,   726.16
  597.62,   598.36,   851.12
  725.61,   345.73,   605.31
  722.44,   346.24,   730.27
  719.27,   346.75,   855.23
  727.26,   470.72,   604.84
  724.09,   471.23,   729.80
  720.92,   471.74,   854.76
  728.91,   595.71,   604.37
  725.74,   596.22,   729.33
  722.57,   596.73,   854.29
  475.47,   473.18,   101.29
  474.70,   476.91,   226.23
  473.94,   480.64,   351.17
  473.40,   598.11,    97.55
  472.63,   601.84,   222.49
  471.87,   605.56,   347.43
  471.33,   723.04,    93.81
  470.57,   726.76,   218.75
  469.80,   730.49,   343.69
  600.45,   475.28,   101.99
  599.68,   479.00,   226.93
  598.92,   482.73,   351.87
  598.38,   600.20,    98.25
  597.61,   603.93,   223.19
  596.85,   607.65,   348.13
  596.31,   725.13,    94.51
  595.55,   728.86,   219.45
  594.78,   732.58,   344.40
  725.43,   477.37,   102.69
  724.66,   481.09,   227.63
  723.90,   484.82,   352.57
  723.36,   602.29,    98.95
  722.59,   606.02,   223.89
  721.83,   609.74,   348.84
  721.29,   727.22,    95.21
  720.53,   730.95,   220.16
  719.76,   734.67,   345.10
  475.82,   473.87,   226.40
  474.81,   472.38,   351.39
  473.81,   470.89,   476.38
  474.52,   598.85,   227.88
  473.51,   597.36,   352.87
  472.51,   595.87,   477.86
  473.22,   723.83,   229.36
  472.22,   722.34,   354.35
  471.21,   720.85,   479.34
  600.81,   475.15,   227.43
  599.80,   473.66,   352.41
  598.80,   472.17,   477.40
  599.51,   600.14,   228.91
  598.50,   598.65,   353.89
  597.50,   597.16,   478.88
  598.21,   725.12,   230.39
  597.21,   723.63,   355.37
  596.20,   722.14,   480.36
  725.80,   476.44,   228.45
  724.79,   474.95,   353.44
  723.78,   473.46,   478.42
  724.50,   601.42,   229.93
  723.49,   599.93,   354.91
  722.49,   598.44,   479.90
  723.20,   726.41,   231.41
  722.19,   724.92,   356.39
  721.19,   723.43,   481.38
  476.90,   476.62,   350.96
  474.51,   477.34,   475.94
  472.11,   478.06,   600.91
  479.62,   601.58,   350.29
  477.22,   602.31,   475.27
  474.83,   603.03,   600.24
  482.34,   726.55,   349.62
  479.94,   727.27,   474.60
  477.55,   727.99,   599.57
  601.85,   473.91,   353.37
  599.45,   474.63,   478.34
  597.06,   475.35,   603.32
  604.56,   598.88,   352.70
  602.17,   599.60,   477.68
  599.78,   600.32,   602.65
  607.28,   723.85,   352.03
  604.89,   724.57,   477.01
  602.50,   725.29,   601.98
  726.79,   471.20,   355.78
  724.40,   471.92,   480.75
  722.01,   472.65,   605.73
  729.51,   596.17,   355.11
  727.12,   596.89,   480.08
  724.73,   597.61,   605.06
  732.23,   721.14,   354.44
  729.84,   721.86,   479.41
  727.45,   722.58,   604.39
  473.47,   473.51,   473.23
  475.19,   474.12,   598.22
  476.91,   474.74,   723.20
  470.88,   598.48,   472.65
  472.60,   599.10,   597.64
  474.32,   599.71,   722.62
  468.30,   723.45,   472.07
  470.02,   724.07,   597.06
  471.74,   724.68,   722.04
  598.43,   476.08,   471.50
  600.15,   476.70,   596.48
  601.87,   477.31,   721.47
  595.85,   601.05,   470.92
  597.57,   601.67,   595.90
  599.29,   602.28,   720.89
  593.27,   726.02,   470.34
  594.99,   726.64,   595.32
  596.71,   727.26,   720.31
  723.39,   478.65,   469.76
  725.11,   479.27,   594.75
  726.83,   479.88,   719.74
  720.81,   603.63,   469.18
  722.53,   604.24,   594.17
  724.25,   604.86,   719.16
  718.23,   728.60,   468.60
  719.95,   729.21,   593.59
  721.67,   729.83,   718.58
  474.91,   476.18,   599.71
  477.75,   475.65,   724.67
  480.58,   475.11,   849.64
  476.85,   601.17,   600.20
  479.69,   600.63,   725.17
  482.53,   600.09,   850.13
  478.80,   726.15,   600.69
  481.63,   725.61,   725.66
  484.47,   725.08,   850.62
  599.86,   474.25,   596.86
  602.70,   473.72,   721.83
  605.54,   473.18,   846.79
  601.81,   599.24,   597.35
  604.64,   598.70,   722.32
  607.48,   598.16,   847.29
  603.75,   724.22,   597.85
  606.59,   723.68,   722.81
  609.42,   723.15,   847.78
  724.82,   472.32,   594.02
  727.65,   471.78,   718.98
  730.49,   471.25,   843.95
  726.76,   597.30,   594.51
  729.60,   596.77,   719.48
  732.43,   596.23,   844.44
  728.70,   722.29,   595.00
  731.54,   721.75,   719.97
  734.38,   721.21,   844.94
  473.88,   600.66,    99.94
  473.45,   600.64,   224.94
  473.01,   600.62,   349.93
  474.74,   725.66,    99.96
  474.30,   725.64,   224.96
  473.87,   725.62,   349.96
  475.60,   850.66,    99.98
  475.16,   850.64,   224.98
  474.73,   850.62,   349.98
  598.88,   599.80,   100.37
  598.44,   599.78,   225.37
  598.00,   599.76,   350.37
  599.74,   724.80,   100.40
  599.30,   724.78,   225.40
  598.86,   724.76,   350.39
  600.60,   849.80,   100.42
  600.16,   849.78,   225.42
  599.72,   849.76,   350.42
  723.87,   598.94,   100.81
  723.44,   598.92,   225.81
  723.00,   598.90,   350.81
  724.73,   723.94,   100.83
  724.30,   723.92,   225.83
  723.86,   723.90,   350.83
  725.59,   848.94,   100.86
  725.16,   848.92,   225.85
  724.72,   848.90,   350.85
  475.19,   600.20,   226.41
  475.35,   597.81,   351.39
  475.51,   595.41,   476.36
  475.26,   725.18,   228.80
  475.41,   722.78,   353.78
  475.57,   720.39,   478.76
  475.32,   850.15,   231.20
  475.48,   847.76,   356.17
  475.64,   845.37,   481.15
  600.19,   600.14,   226.25
  600.35,   597.74,   351.23
  600.51,   595.35,   476.20
  600.26,   725.11,   228.64
  600.41,   722.72,   353.62
  600.57,   720.33,   478.60
  600.32,   850.09,   231.04
  600.48,   847.70,   356.01
  600.64,   845.30,   480.99
  725.19,   600.08,   226.09
  725.35,   597.68,   351.07
  725.51,   595.29,   476.04
  725.26,   725.05,   228.48
  725.41,   722.66,   353.46
  725.57,   720.27,   478.44
  725.32,   850.03,   230.88
  725.48,   847.64,   355.85
  725.64,   845.24,   480.83
  474.50,   598.11,   348.85
  474.81,   594.44,   473.80
  475.13,   590.78,   598.74
  475.26,   723.05,   352.51
  475.57,   719.39,   477.46
  475.89,   715.73,   602.40
  476.02,   847.99,   356.17
  476.33,   844.33,   481.12
  476.65,   840.67,   606.06
  599.50,   597.35,   348.52
  599.81,   593.69,   473.46
  600.12,   590.03,   598.41
  600.26,   722.30,   352.18
  600.57,   718.64,   477.12
  600.88,   714.98,   602.07
  601.02,   847.24,   355.84
  601.33,   843.58,   480.78
  601.64,   839.92,   605.73
  724.49,   596.60,   348.18
  724.81,   592.94,   473.13
  725.12,   589.28,   598.07
  725.25,   721.55,   351.84
  725.57,   717.89,   476.79
  725.88,   714.23,   601.73
  726.01,   846.49,   355.50
  726.33,   842.83,   480.45
  726.64,   839.17,   605.39
  476.32,   599.06,   475.85
  479.97,   597.10,   600.78
  483.62,   595.14,   725.72
  476.82,   724.04,   477.80
  480.46,   722.08,   602.73
  484.11,   720.12,   727.66
  477.31,   849.03,   479.75
  480.96,   847.07,   604.68
  484.61,   845.11,   729.61
  601.26,   598.62,   472.20
  604.91,   596.66,   597.13
  608.56,   594.70,   722.06
  601.76,   723.60,   474.14
  605.41,   721.64,   599.08
  609.06,   719.68,   724.01
  602.26,   848.59,   476.09
  605.91,   846.63,   601.02
  609.56,   844.66,   725.95
  726.21,   598.18,   468.54
  729.86,   596.22,   593.47
  733.51,   594.26,   718.40
  726.71,   723.16,   470.49
  730.36,   721.20,   595.42
  734.00,   719.24,   720.35
  727.21,   848.14,   472.43
  730.85,   846.18,   597.37
  734.50,   844.22,   722.30
  474.69,   598.03,   599.09
  477.91,   599.95,   724.03
  481.13,   601.86,   848.97
  476.70,   723.00,   597.12
  479.92,   724.91,   722.06
  483.14,   726.83,   847.01
  478.71,   847.97,   595.16
  481.93,   849.88,   720.10
  485.15,   851.79,   845.04
  599.63,   595.97,   595.90
  602.85,   597.88,   720.84
  606.07,   599.80,   845.79
  601.64,   720.94,   593.93
  604.86,   722.85,   718.88
  608.08,   724.76,   843.82
  603.66,   845.91,   591.97
  606.88,   847.82,   716.91
  610.10,   849.73,   841.86
  724.57,   593.91,   592.71
  727.79,   595.82,   717.66
  731.01,   597.73,   842.60
  726.59,   718.88,   590.75
  729.81,   720.79,   715.69
  733.03,   722.70,   840.63
  728.60,   843.84,   588.78
  731.82,   845.76,   713.72
  735.04,   847.67,   838.67
  598.84,   101.21,   100.37
  598.31,    98.57,   225.34
  597.77,    95.93,   350.32
  597.39,   226.18,   103.01
  596.85,   223.54,   227.98
  596.32,   220.90,   352.95
  595.94,   351.14,   105.64
  595.40,   348.50,   230.61
  594.87,   345.86,   355.58
  723.83,   102.65,   100.94
  723.30,   100.01,   225.91
  722.76,    97.37,   350.88
  722.38,   227.62,   103.58
  721.84,   224.98,   228.55
  721.31,   222.33,   353.52
  720.93,   352.58,   106.21
  720.39,   349.94,   231.18
  719.86,   347.30,   356.15
  848.82,   104.09,   101.51
  848.29,   101.45,   226.48
  847.75,    98.81,   351.45
  847.37,   229.06,   104.15
  846.84,   226.41,   229.12
  846.30,   223.77,   354.09
  845.92,   354.02,   106.78
  845.38,   351.38,   231.75
  844.85,   348.74,   356.72
  599.44,   101.97,   223.14
  597.84,    99.09,   348.10
  596.24,    96.21,   473.05
  599.79,   226.94,   226.02
  598.19,   224.06,   350.98
  596.59,   221.18,   475.94
  600.15,   351.90,   228.91
  598.55,   349.02,   353.86
  596.95,   346.15,   478.82
  724.43,   101.58,   224.73
  722.83,    98.70,   349.69
  721.23,    95.82,   474.65
  724.78,   226.54,   227.62
  723.18,   223.67,   352.57
  721.58,   220.79,   477.53
  725.14,   351.51,   230.50
  723.54,   348.63,   355.45
  721.94,   345.75,   480.41
  849.42,   101.19,   226.32
  847.82,    98.31,   351.28
  846.22,    95.43,   476.24
  849.77,   226.15,   229.21
  848.17,   223.27,   354.16
  846.57,   220.40,   479.12
  850.13,   351.12,   232.09
  848.53,   348.24,   357.05
  846.93,   345.36,   482.00
  598.47,   101.80,   348.24
  598.25,   102.51,   473.24
  598.04,   103.22,   598.24
  599.84,   226.79,   347.54
  599.62,   227.50,   472.54
  599.41,   228.21,   597.53
  601.21,   351.78,   346.83
  600.99,   352.49,   471.83
  600.78,   353.20,   596.83
  723.46,   100.43,   348.47
  723.24,   101.14,   473.46
  723.03,   101.85,   598.46
  724.83,   225.42,   347.76
  724.62,   226.13,   472.76
  724.40,   226.84,   597.76
  726.20,   350.41,   347.06
  725.99,   351.12,   472.05
  725.77,   351.83,   597.05
  848.45,    99.06,   348.69
  848.24,    99.77,   473.69
  848.02,   100.48,   598.68
  849.82,   224.05,   347.98
  849.61,   224.76,   472.98
  849.39,   225.47,   597.98
  851.19,   349.04,   347.28
  850.98,   349.75,   472.28
  850.76,   350.46,   597.27
  600.18,    99.62,   475.17
  597.79,   101.65,   600.13
  595.40,   103.68,   725.09
  602.81,   224.57,   473.19
  600.42,   226.60,   598.15
  598.03,   228.63,   723.12
  605.44,   349.53,   471.22
  603.05,   351.56,   596.18
  600.66,   353.59,   721.14
  725.13,    97.03,   477.60
  722.74,    99.06,   602.56
  720.35,   101.09,   727.53
  727.76,   221.98,   475.63
  725.37,   224.01,   600.59
  722.98,   226.04,   725.55
  730.39,   346.94,   473.65
  728.00,   348.97,   598.61
  725.61,   351.00,   723.57
  850.08,    94.44,   480.04
  847.69,    96.47,   605.00
  845.30,    98.50,   729.96
  852.71,   219.39,   478.06
  850.32,   221.42,   603.02
  847.93,   223.45,   727.98
  855.34,   344.35,   476.08
  852.95,   346.38,   601.04
  850.56,   348.41,   726.00
  600.83,   101.25,   601.18
  600.70,   100.16,   726.18
  600.56,    99.06,   851.17
  600.91,   226.25,   602.28
  600.77,   225.15,   727.27
  600.63,   224.06,   852.27
  600.99,   351.24,   603.37
  600.85,   350.15,   728.37
  600.71,   349.05,   853.36
  725.83,   101.18,   601.32
  725.70,   100.08,   726.32
  725.56,    98.99,   851.31
  725.91,   226.17,   602.42
  725.77,   225.08,   727.41
  725.63,   223.98,   852.41
  725.99,   351.17,   603.51
  725.85,   350.07,   728.51
  725.71,   348.98,   853.50
  850.83,   101.10,   601.46
  850.70,   100.00,   726.45
  850.56,    98.91,   851.45
  850.91,   226.09,   602.55
  850.77,   225.00,   727.55
  850.63,   223.90,   852.54
  850.99,   351.09,   603.65
  850.85,   349.99,   728.64
  850.71,   348.90,   853.64
  599.25,   224.10,   101.05
  600.95,   226.21,   226.02
  602.66,   228.32,   350.99
  600.41,   349.08,    98.92
  602.12,   351.19,   223.89
  603.82,   353.30,   348.86
  601.57,   474.06,    96.80
  603.28,   476.17,   221.77
  604.99,   478.28,   346.74
  724.23,   222.91,    99.36
  725.94,   225.02,   224.33
  727.64,   227.13,   349.31
  725.39,   347.89,    97.24
  727.10,   350.00,   222.21
  728.80,   352.11,   347.18
  726.56,   472.86,    95.11
  728.26,   474.97,   220.08
  729.97,   477.08,   345.05
  849.21,   221.72,    97.68
  850.92,   223.83,   222.65
  852.62,   225.94,   347.62
  850.38,   346.69,    95.55
  852.08,   348.80,   220.52
  853.79,   350.92,   345.49
  851.54,   471.67,    93.42
  853.25,   473.78,   218.40
  854.95,   475.89,   343.37
  601.79,   226.96,   225.84
  605.00,   226.93,   350.80
  608.20,   226.90,   475.76
  598.98,   351.92,   225.94
  602.19,   351.89,   350.90
  605.39,   351.86,   475.86
  596.17,   476.89,   226.05
  599.38,   476.86,   351.00
  602.58,   476.83,   475.96
  726.72,   229.77,   222.64
  729.92,   229.74,   347.60
  733.13,   229.71,   472.56
  723.91,   354.74,   222.74
  727.11,   354.70,   347.70
  730.32,   354.67,   472.66
  721.10,   479.70,   222.84
  724.30,   479.67,   347.80
  727.51,   479.64,   472.76
  851.65,   232.58,   219.43
  854.85,   232.55,   344.39
  858.06,   232.52,   469.35
  848.84,   357.55,   219.54
  852.04,   357.52,   344.50
  855.25,   357.49,   469.45
  846.03,   482.51,   219.64
  849.23,   482.48,   344.60
  852.44,   482.45,   469.56
  599.12,   224.35,   350.30
  599.74,   222.09,   475.28
  600.36,   219.82,   600.26
  598.88,   349.33,   352.56
  599.51,   347.07,   477.54
  600.13,   344.80,   602.52
  598.65,   474.31,   354.83
  599.27,   472.05,   479.81
  599.90,   469.78,   604.79
  724.11,   224.60,   349.68
  724.74,   222.33,   474.66
  725.36,   220.07,   599.64
  723.88,   349.58,   351.95
  724.50,   347.31,   476.92
  725.13,   345.05,   601.90
  723.65,   474.55,   354.21
  724.27,   472.29,   479.19
  724.90,   470.03,   604.17
  849.11,   224.84,   349.06
  849.73,   222.57,   474.04
  850.36,   220.31,   599.02
  848.88,   349.82,   351.33
  849.50,   347.55,   476.31
  850.13,   345.29,   601.28
  848.65,   474.80,   353.59
  849.27,   472.53,   478.57
  849.89,   470.27,   603.55
  601.65,   224.31,   476.60
  601.42,   225.83,   601.59
  601.19,   227.34,   726.58
  603.22,   349.29,   475.09
  602.98,   350.81,   600.08
  602.75,   352.32,   725.07
  604.78,   474.27,   473.58
  604.55,   475.79,   598.57
  604.32,   477.30,   723.56
  726.64,   222.75,   476.85
  726.41,   224.26,   601.84
  726.18,   225.78,   726.83
  728.21,   347.73,   475.34
  727.97,   349.24,   600.33
  727.74,   350.76,   725.32
  729.77,   472.71,   473.83
  729.54,   474.22,   598.82
  729.31,   475.74,   723.81
  851.63,   221.18,   477.10
  851.40,   222.70,   602.10
  851.17,   224.21,   727.09
  853.20,   346.16,   475.59
  852.96,   347.68,   600.58
  852.73,   349.19,   725.57
  854.76,   471.14,   474.08
  854.53,   472.66,   599.07
  854.30,   474.17,   724.06
  601.22,   223.71,   600.60
  604.51,   221.99,   725.55
  607.81,   220.28,   850.49
  598.90,   348.68,   602.38
  602.20,   346.96,   727.33
  605.49,   345.24,   852.27
  596.59,   473.64,   604.16
  599.88,   471.93,   729.11
  603.18,   470.21,   854.05
  726.15,   226.07,   597.34
  729.45,   224.35,   722.29
  732.74,   222.64,   847.23
  723.84,   351.04,   599.12
  727.13,   349.32,   724.06
  730.43,   347.60,   849.01
  721.52,   476.00,   600.90
  724.82,   474.29,   725.84
  728.11,   472.57,   850.79
  851.09,   228.43,   594.08
  854.38,   226.72,   719.02
  857.68,   225.00,   843.97
  848.77,   353.40,   595.86
  852.07,   351.68,   720.80
  855.36,   349.96,   845.75
  846.46,   478.37,   597.64
  849.75,   476.65,   722.58
  853.05,   474.93,   847.53
  601.20,   351.30,   100.05
  604.19,   350.64,   225.01
  607.17,   349.98,   349.97
  598.18,   476.26,   100.78
  601.17,   475.60,   225.75
  604.15,   474.94,   350.71
  595.17,   601.22,   101.52
  598.15,   600.56,   226.48
  601.14,   599.90,   351.44
  726.13,   354.34,    97.08
  729.11,   353.67,   222.04
  732.10,   353.01,   347.01
  723.11,   479.30,    97.81
  726.10,   478.64,   222.78
  729.08,   477.98,   347.74
  720.10,   604.26,    98.55
  723.08,   603.60,   223.51
  726.06,   602.94,   348.47
  851.06,   357.37,    94.11
  854.04,   356.71,   219.08
  857.03,   356.05,   344.04
  848.04,   482.33,    94.85
  851.02,   481.67,   219.81
  854.01,   481.01,   344.77
  845.02,   607.29,    95.58
  848.01,   606.63,   220.54
  850.99,   605.97,   345.51
  598.31,   349.17,   224.79
  597.25,   352.68,   349.74
  596.20,   356.20,   474.69
  594.82,   474.07,   221.25
  593.76,   477.58,   346.20
  592.71,   481.10,   471.14
  591.33,   598.97,   217.71
  590.27,   602.49,   342.65
  589.22,   606.00,   467.60
  723.26,   352.69,   225.75
  722.20,   356.20,   350.69
  721.15,   359.72,   475.64
  719.76,   477.59,   222.21
  718.71,   481.10,   347.15
  717.66,   484.62,   472.10
  716.27,   602.49,   218.66
  715.22,   606.00,   343.61
  714.16,   609.52,   468.55
  848.20,   356.21,   226.70
  847.15,   359.72,   351.65
  846.09,   363.24,   476.60
  844.71,   481.11,   223.16
  843.66,   484.62,   348.11
  842.60,   488.14,   473.05
  841.22,   606.01,   219.62
  840.17,   609.52,   344.56
  839.11,   613.04,   469.51
  601.13,   350.08,   351.04
  601.43,   349.37,   476.04
  601.73,   348.67,   601.03
  604.63,   475.02,   351.73
  604.93,   474.32,   476.73
  605.23,   473.62,   601.73
  608.12,   599.97,   352.43
  608.42,   599.27,   477.43
  608.72,   598.57,   602.42
  726.08,   346.58,   350.72
  726.38,   345.88,   475.72
  726.68,   345.17,   600.71
  729.58,   471.53,   351.41
  729.88,   470.83,   476.41
  730.18,   470.12,   601.41
  733.07,   596.48,   352.11
  733.37,   595.78,   477.11
  733.68,   595.07,   602.10
  851.03,   343.09,   350.40
  851.33,   342.38,   475.39
  851.63,   341.68,   600.39
  854.53,   468.04,   351.09
  854.83,   467.33,   476.09
  855.13,   466.63,   601.09
  858.02,   592.99,   351.79
  858.32,   592.28,   476.79
  858.63,   591.58,   601.78
  598.62,   348.79,   476.55
  600.45,   346.14,   601.51
  602.28,   343.49,   726.47
  596.63,   473.75,   479.23
  598.46,   471.09,   604.19
  600.29,   468.44,   729.15
  594.64,   598.70,   481.92
  596.47,   596.05,   606.87
  598.30,   593.40,   731.83
  723.59,   350.82,   474.77
  725.42,   348.17,   599.72
  727.25,   345.52,   724.68
  721.60,   475.78,   477.45
  723.43,   473.12,   602.41
  725.26,   470.47,   727.36
  719.61,   600.73,   480.13
  721.44,   598.08,   605.09
  723.27,   595.43,   730.04
  848.56,   352.85,   472.98
  850.39,   350.20,   597.94
  852.23,   347.55,   722.89
  846.57,   477.80,   475.66
  848.40,   475.15,   600.62
  850.24,   472.50,   725.58
  844.58,   602.76,   478.34
  846.41,   600.11,   603.30
  848.24,   597.46,   728.26
  600.78,   351.91,   598.38
  598.44,   353.22,   723.35
  596.10,   354.53,   848.33
  597.52,   476.86,   597.01
  595.17,   478.17,   721.98
  592.83,   479.48,   846.95
  594.25,   601.81,   595.64
  591.91,   603.12,   720.61
  589.56,   604.43,   845.58
  725.72,   355.20,   600.69
  723.38,   356.52,   725.66
  721.03,   357.83,   850.63
  722.45,   480.15,   599.32
  720.11,   481.47,   724.29
  717.77,   482.78,   849.26
  719.19,   605.10,   597.95
  716.84,   606.42,   722.92
  714.50,   607.73,   847.89
  850.65,   358.50,   603.00
  848.31,   359.81,   727.97
  845.97,   361.12,   852.94
  847.39,   483.45,   601.63
  845.04,   484.76,   726.60
  842.70,   486.07,   851.57
  844.12,   608.40,   600.25
  841.78,   609.71,   725.23
  839.44,   611.02,   850.20
  600.59,   473.86,   100.45
  602.91,   475.91,   225.42
  605.24,   477.96,   350.38
  599.51,   598.84,    98.43
  601.84,   600.89,   223.39
  604.16,   602.94,   348.35
  598.44,   723.82,    96.40
  600.77,   725.87,   221.36
  603.09,   727.91,   346.32
  725.56,   474.90,    98.11
  727.89,   476.94,   223.08
  730.21,   478.99,   348.04
  724.49,   599.87,    96.09
  726.81,   601.92,   221.05
  729.14,   603.97,   346.01
  723.42,   724.85,    94.06
  725.74,   726.90,   219.02
  728.06,   728.95,   343.98
  850.54,   475.93,    95.77
  852.86,   477.98,   220.73
  855.18,   480.03,   345.70
  849.46,   600.91,    93.74
  851.79,   602.96,   218.71
  854.11,   605.00,   343.67
  848.39,   725.89,    91.72
  850.71,   727.94,   216.68
  853.04,   729.98,   341.64
  599.02,   474.13,   225.97
  601.66,   474.52,   350.94
  604.30,   474.91,   475.91
  597.14,   599.12,   225.62
  599.77,   599.50,   350.59
  602.41,   599.89,   475.57
  595.25,   724.10,   225.28
  597.89,   724.49,   350.25
  600.52,   724.88,   475.22
  723.98,   476.01,   223.33
  726.62,   476.40,   348.30
  729.25,   476.78,   473.27
  722.09,   601.00,   222.98
  724.73,   601.38,   347.95
  727.37,   601.77,   472.92
  720.21,   725.98,   222.63
  722.84,   726.37,   347.61
  725.48,   726.76,   472.58
  848.94,   477.89,   220.69
  851.58,   478.28,   345.66
  854.21,   478.66,   470.63
  847.05,   602.87,   220.34
  849.69,   603.26,   345.31
  852.32,   603.65,   470.28
  845.17,   727.86,   219.99
  847.80,   728.25,   344.96
  850.44,   728.63,   469.94
  601.85,   473.56,   351.89
  598.38,   472.90,   476.84
  594.90,   472.24,   601.79
  603.40,   598.55,   352.59
  599.93,   597.89,   477.54
  596.45,   597.23,   602.49
  604.95,   723.54,   353.30
  601.47,   722.88,   478.25
  598.00,   722.22,   603.20
  726.79,   472.00,   355.35
  723.32,   471.34,   480.30
  719.85,   470.68,   605.25
  728.34,   596.99,   356.06
  724.87,   596.33,   481.01
  721.39,   595.66,   605.96
  729.89,   721.97,   356.76
  726.42,   721.31,   481.71
  722.94,   720.65,   606.66
  851.74,   470.43,   358.82
  848.26,   469.77,   483.77
  844.79,   469.11,   608.72
  853.28,   595.42,   359.52
  849.81,   594.76,   484.47
  846.34,   594.10,   609.42
  854.83,   720.41,   360.23
  851.36,   719.75,   485.18
  847.88,   719.09,   610.13
  601.95,   475.90,   475.78
  600.79,   476.73,   600.77
  599.64,   477.56,   725.76
  603.32,   600.89,   474.96
  602.17,   601.72,   599.95
  601.01,   602.55,   724.94
  604.70,   725.88,   474.14
  603.54,   726.71,   599.13
  602.39,   727.54,   724.13
  726.94,   474.53,   476.94
  725.78,   475.36,   601.93
  724.62,   476.19,   726.93
  728.31,   599.52,   476.12
  727.16,   600.35,   601.12
  726.00,   601.18,   726.11
  729.69,   724.51,   475.31
  728.53,   725.34,   600.30
  727.37,   726.17,   725.29
  851.92,   473.16,   478.11
  850.77,   473.99,   603.10
  849.61,   474.82,   728.09
  853.30,   598.15,   477.29
  852.14,   598.98,   602.28
  850.99,   599.81,   727.27
  854.67,   723.14,   476.47
  853.52,   723.97,   601.47
  852.36,   724.80,   726.46
  599.23,   474.33,   598.73
  602.66,   477.37,   723.64
  606.10,   480.41,   848.56
  602.10,   599.26,   595.61
  605.53,   602.29,   720.53
  608.96,   605.33,   845.44
  604.96,   724.18,   592.49
  608.39,   727.22,   717.41
  611.83,   730.26,   842.32
  724.15,   471.38,   595.37
  727.58,   474.42,   720.28
  731.02,   477.46,   845.20
  727.02,   596.31,   592.25
  730.45,   599.35,   717.16
  733.88,   602.39,   842.08
  729.88,   721.24,   589.13
  733.31,   724.27,   714.05
  736.75,   727.31,   838.96
  849.07,   468.43,   592.00
  852.50,   471.47,   716.92
  855.94,   474.51,   841.84
  851.94,   593.36,   588.89
  855.37,   596.40,   713.80
  858.80,   599.44,   838.72
  854.80,   718.29,   585.77
  858.23,   721.33,   710.68
  861.67,   724.37,   835.60
  600.34,   599.03,   101.91
  602.02,   600.73,   226.89
  603.69,   602.43,   351.86
  600.35,   724.02,   100.21
  602.02,   725.72,   225.19
  603.69,   727.42,   350.16
  600.35,   849.01,    98.51
  602.02,   850.71,   223.49
  603.70,   852.41,   348.47
  725.33,   599.01,   100.24
  727.00,   600.70,   225.22
  728.68,   602.40,   350.19
  725.34,   723.99,    98.54
  727.01,   725.69,   223.52
  728.68,   727.39,   348.49
  725.34,   848.98,    96.84
  727.01,   850.68,   221.82
  728.68,   852.38,   346.79
  850.32,   598.98,    98.57
  851.99,   600.68,   223.54
  853.66,   602.38,   348.52
  850.33,   723.97,    96.87
  852.00,   725.67,   221.85
  853.67,   727.36,   346.82
  850.33,   848.96,    95.17
  852.00,   850.65,   220.15
  853.67,   852.35,   345.12
  601.75,   598.47,   224.39
  601.24,   598.16,   349.39
  600.73,   597.85,   474.39
  598.54,   723.43,   224.69
  598.03,   723.12,   349.68
  597.52,   722.81,   474.68
  595.34,   848.38,   224.98
  594.83,   848.08,   349.98
  594.31,   847.77,   474.98
  726.71,   601.67,   224.91
  726.20,   601.37,   349.91
  725.69,   601.06,   474.91
  723.50,   726.63,   225.20
  722.99,   726.33,   350.20
  722.48,   726.02,   475.20
  720.29,   851.59,   225.50
  719.78,   851.29,   350.50
  719.27,   850.98,   475.49
  851.67,   604.88,   225.43
  851.16,   604.57,   350.43
  850.65,   604.27,   475.43
  848.46,   729.84,   225.72
  847.95,   729.53,   350.72
  847.44,   729.23,   475.72
  845.25,   854.80,   226.02
  844.74,   854.49,   351.01
  844.23,   854.19,   476.01
  598.97,   601.18,   348.44
  599.19,   603.10,   473.42
  599.41,   605.02,   598.41
  596.03,   726.13,   346.53
  596.25,   728.05,   471.51
  596.47,   729.97,   596.50
  593.09,   851.08,   344.61
  593.31,   853.00,   469.60
  593.53,   854.92,   594.58
  723.93,   604.11,   348.17
  724.15,   606.03,   473.16
  724.37,   607.95,   598.14
  720.99,   729.06,   346.26
  721.21,   730.98,   471.25
  721.43,   732.90,   596.23
  718.06,   854.01,   344.35
  718.28,   855.93,   469.33
  718.50,   857.85,   594.32
  848.90,   607.04,   347.91
  849.12,   608.96,   472.89
  849.34,   610.88,   597.88
  845.96,   731.99,   346.00
  846.18,   733.91,   470.98
  846.40,   735.83,   595.97
  843.02,   856.95,   344.08
  843.24,   858.86,   469.07
  843.46,   860.78,   594.05
  599.31,   599.35,   476.63
  602.01,   602.46,   601.56
  604.71,   605.58,   726.49
  596.69,   724.29,   473.57
  599.39,   727.40,   598.51
  602.09,   730.51,   723.44
  594.07,   849.22,   470.52
  596.77,   852.34,   595.45
  599.47,   855.45,   720.38
  724.25,   601.90,   473.86
  726.95,   605.02,   598.79
  729.66,   608.13,   723.73
  721.63,   726.84,   470.81
  724.33,   729.95,   595.74
  727.04,   733.06,   720.67
  719.01,   851.77,   467.75
  721.72,   854.89,   592.68
  724.42,   858.00,   717.62
  849.19,   604.46,   471.10
  851.90,   607.57,   596.03
  854.60,   610.68,   720.96
  846.58,   729.39,   468.04
  849.28,   732.50,   592.97
  851.98,   735.62,   717.91
  843.96,   854.33,   464.99
  846.66,   857.44,   589.92
  849.36,   860.55,   714.85
  599.74,   600.79,   601.75
  602.85,   599.83,   726.71
  605.96,   598.86,   851.67
  597.52,   725.77,   602.77
  600.63,   724.80,   727.73
  603.74,   723.84,   852.69
  595.30,   850.74,   603.79
  598.41,   849.78,   728.75
  601.52,   848.81,   853.71
  724.68,   603.04,   598.66
  727.79,   602.07,   723.62
  730.90,   601.11,   848.57
  722.46,   728.01,   599.68
  725.57,   727.05,   724.64
  728.68,   726.08,   849.59
  720.24,   852.99,   600.70
  723.35,   852.02,   725.65
  726.46,   851.06,   850.61
  849.62,   605.28,   595.57
  852.73,   604.31,   720.52
  855.84,   603.35,   845.48
  847.40,   730.26,   596.59
  850.51,   729.29,   721.54
  853.62,   728.33,   846.50
  845.18,   855.23,   597.60
  848.29,   854.27,   722.56
  851.40,   853.30,   847.52
