27, 125, pa2-debug-f-output1.txt
  195.76,   192.00,   190.84
  400.74,   395.11,   196.27
  101.46,   101.48,    99.16
  100.02,   101.01,   224.95
   97.23,    98.71,   350.95
  103.20,   226.24,   100.53
  101.14,   224.89,   225.98
   99.62,   222.91,   351.49
  103.78,   350.26,   102.70
  101.57,   349.11,   227.37
   99.75,   348.88,   352.14
  226.72,    99.98,   102.20
  224.70,    99.63,   227.68
  221.76,    97.44,   352.75
  228.12,   225.42,   103.14
  226.01,   223.80,   228.14
  224.54,   221.43,   353.33
  229.42,   349.68,   105.03
  227.15,   348.37,   229.49
  225.12,   346.94,   354.09
  350.61,    99.02,   105.16
  348.61,    97.42,   229.76
  346.37,    96.24,   353.53
  351.80,   224.03,   105.87
  349.59,   223.17,   230.95
  347.84,   221.55,   354.97
  353.38,   348.88,   107.14
  351.75,   347.17,   232.21
  348.84,   345.98,   356.89
  102.27,   102.71,   223.58
  101.09,    99.96,   349.62
   99.65,    97.46,   474.94
  101.69,   226.62,   225.51
  101.39,   223.81,   350.96
  100.51,   221.97,   476.21
  100.01,   351.10,   227.81
   99.84,   349.61,   352.39
   99.65,   347.96,   477.29
  227.03,   103.27,   224.62
  225.85,   100.05,   349.58
  224.89,    98.03,   474.71
  226.53,   227.64,   226.22
  226.14,   224.24,   351.15
  225.60,   222.11,   476.32
  225.66,   352.05,   228.49
  225.20,   349.78,   353.05
  224.56,   347.58,   477.93
  350.69,   103.25,   225.08
  349.95,   100.75,   349.05
  349.46,    98.73,   473.52
  350.07,   228.35,   227.29
  349.65,   225.85,   351.69
  349.23,   223.54,   476.35
  350.29,   352.51,   229.82
  348.85,   350.35,   354.37
  348.04,   348.64,   479.16
  100.72,   101.05,   350.39
  102.99,   104.01,   475.99
  105.72,   108.06,   600.99
   98.13,   225.35,   346.93
  101.21,   228.43,   472.28
  103.68,   232.81,   597.30
   93.60,   350.81,   343.59
   97.32,   354.26,   468.24
  100.91,   357.14,   592.92
  225.06,   104.15,   346.42
  228.33,   106.90,   471.69
  231.31,   111.11,   596.92
  222.64,   228.38,   343.11
  226.04,   231.00,   468.21
  228.26,   235.35,   593.59
  218.80,   353.67,   339.73
  221.97,   356.58,   464.49
  225.45,   359.48,   589.73
  349.32,   107.88,   342.11
  352.69,   110.78,   466.31
  355.71,   113.89,   592.11
  346.23,   232.92,   339.45
  349.67,   235.41,   464.44
  352.48,   238.11,   589.75
  343.00,   357.25,   337.25
  345.63,   360.19,   462.19
  349.36,   363.34,   587.35
   99.09,    97.75,   474.57
  102.43,    98.71,   599.61
  105.90,   100.00,   724.02
   97.97,   222.07,   474.15
  100.37,   223.42,   599.32
  102.66,   225.14,   723.56
   94.20,   348.17,   473.15
   98.00,   348.01,   597.92
  101.95,   347.63,   722.95
  224.18,   100.52,   470.44
  227.97,   101.59,   595.21
  230.65,   102.59,   720.62
  222.39,   224.67,   469.69
  224.89,   225.84,   595.21
  227.23,   227.60,   720.48
  218.83,   350.13,   469.27
  222.99,   350.12,   594.27
  226.56,   350.46,   719.67
  349.08,   103.92,   464.85
  352.51,   103.92,   590.24
  355.62,   104.74,   716.67
  345.87,   228.67,   465.60
  349.46,   228.62,   591.13
  353.00,   228.76,   717.28
  342.39,   353.58,   466.17
  346.45,   353.83,   591.69
  350.94,   353.91,   717.04
   99.41,    99.28,   601.07
  101.99,   103.86,   725.36
  105.48,   107.83,   849.59
  103.01,   224.17,   597.02
  104.47,   228.82,   721.39
  107.48,   232.38,   845.53
  105.98,   348.25,   592.15
  109.40,   351.26,   717.18
  112.52,   354.71,   841.70
  225.22,    96.79,   597.45
  227.28,   101.27,   722.91
  231.28,   105.17,   848.02
  227.56,   221.00,   593.94
  229.31,   226.19,   719.31
  232.75,   230.21,   843.63
  230.48,   345.34,   589.45
  233.69,   348.99,   714.58
  237.10,   353.03,   838.92
  349.53,    93.79,   593.37
  352.01,    97.97,   719.56
  355.94,   101.70,   845.50
  352.23,   218.12,   590.46
  354.62,   222.04,   716.61
  358.02,   225.77,   841.72
  354.47,   343.16,   587.19
  358.13,   346.95,   712.62
  361.45,   350.47,   837.49
  102.85,   224.86,   101.12
  100.70,   225.42,   226.44
   99.12,   225.82,   352.15
   98.29,   348.64,   101.20
   96.08,   349.60,   225.74
   94.20,   351.48,   350.68
   94.50,   473.24,   100.35
   91.72,   475.02,   224.85
   89.27,   477.67,   349.52
  227.60,   229.12,   103.69
  225.44,   229.73,   228.67
  224.08,   229.28,   353.82
  223.70,   353.05,   103.15
  221.47,   354.01,   228.02
  219.46,   354.92,   352.26
  220.16,   477.57,   102.35
  217.58,   478.74,   227.36
  214.51,   480.14,   351.49
  351.40,   233.08,   106.60
  349.19,   233.83,   231.27
  347.28,   234.38,   355.80
  347.88,   357.37,   105.33
  346.08,   358.18,   230.68
  343.50,   358.76,   355.27
  344.42,   482.02,   104.17
  342.75,   482.97,   229.54
  339.81,   483.63,   354.09
   99.95,   225.65,   224.67
  101.81,   224.27,   350.46
  102.60,   223.90,   475.62
  100.23,   349.88,   225.50
  101.77,   349.79,   350.39
  103.32,   349.79,   475.05
  101.12,   474.99,   226.43
  101.73,   475.77,   351.00
  103.39,   475.90,   475.27
  224.63,   224.93,   223.86
  226.50,   223.04,   348.77
  227.27,   222.00,   473.94
  226.06,   349.20,   224.53
  226.87,   348.07,   349.06
  228.05,   347.61,   474.18
  227.24,   473.73,   225.48
  227.21,   473.44,   349.83
  228.07,   473.17,   474.27
  348.65,   223.78,   223.21
  349.75,   223.10,   347.32
  351.22,   221.93,   472.28
  350.59,   348.03,   224.02
  351.06,   347.50,   348.72
  351.68,   346.90,   473.61
  351.88,   472.81,   224.60
  352.42,   472.36,   349.27
  352.64,   471.72,   474.12
  100.94,   225.41,   349.34
  100.93,   221.94,   474.63
   99.50,   219.83,   599.62
  100.62,   351.07,   352.58
  101.00,   348.03,   477.35
  101.26,   344.29,   601.86
  100.49,   477.18,   355.68
  100.81,   473.90,   480.39
  102.09,   469.25,   604.92
  225.79,   224.55,   348.71
  225.62,   220.69,   474.07
  223.94,   218.47,   599.77
  225.86,   349.86,   352.06
  226.11,   345.94,   477.26
  225.95,   342.76,   602.26
  225.84,   474.96,   355.85
  225.66,   471.62,   480.46
  226.91,   467.34,   605.19
  349.01,   224.55,   348.69
  348.91,   220.59,   473.72
  348.85,   217.20,   599.30
  349.82,   349.17,   352.95
  349.74,   345.51,   477.80
  349.81,   342.08,   603.29
  350.98,   474.03,   356.75
  350.15,   470.71,   481.39
  350.67,   467.15,   606.38
  102.34,   225.16,   477.59
  104.06,   229.70,   602.57
  105.94,   234.52,   727.26
  102.34,   351.32,   473.47
  105.63,   354.21,   598.13
  108.87,   356.67,   723.19
  101.48,   477.48,   469.93
  106.12,   479.33,   594.46
  110.71,   479.81,   719.47
  226.78,   224.30,   473.89
  228.74,   228.50,   599.14
  230.55,   233.20,   724.44
  226.82,   349.62,   470.20
  230.02,   352.74,   595.20
  233.66,   356.01,   720.44
  226.40,   475.13,   466.61
  230.63,   477.85,   591.66
  235.56,   480.54,   716.85
  350.70,   224.70,   470.18
  353.25,   227.58,   595.65
  356.20,   230.96,   721.84
  350.48,   349.54,   467.94
  353.94,   352.57,   593.23
  357.78,   355.89,   718.37
  350.91,   474.46,   464.81
  354.55,   478.00,   589.66
  358.94,   481.49,   714.70
   98.84,   225.14,   598.88
   99.91,   223.86,   723.16
  102.15,   221.27,   847.53
   99.85,   349.52,   600.13
  102.37,   346.61,   725.17
  104.78,   343.83,   849.67
  100.37,   474.57,   602.15
  104.39,   469.42,   727.11
  106.94,   466.86,   851.60
  223.41,   224.22,   595.98
  224.37,   223.41,   721.49
  227.48,   221.25,   845.97
  224.67,   348.83,   597.95
  227.12,   346.52,   723.11
  229.44,   344.14,   847.30
  224.83,   473.85,   599.92
  228.81,   470.66,   725.20
  231.30,   468.10,   849.77
  347.98,   223.70,   593.30
  349.99,   221.69,   719.04
  352.80,   219.33,   844.38
  348.37,   348.81,   596.44
  351.52,   346.53,   721.44
  354.26,   344.19,   846.22
  348.84,   474.21,   598.74
  352.49,   471.90,   723.96
  355.17,   470.00,   848.78
  101.88,   347.32,   100.51
  105.06,   348.58,   225.30
  109.05,   350.48,   350.29
  104.41,   472.12,    99.87
  107.15,   473.89,   224.26
  110.32,   476.38,   348.53
  107.10,   597.41,    97.68
  109.94,   599.32,   223.10
  112.66,   601.59,   347.64
  227.49,   345.87,    97.34
  230.72,   346.71,   222.05
  234.13,   347.82,   346.69
  229.83,   470.44,    96.23
  233.19,   471.58,   220.99
  235.39,   472.85,   345.23
  232.20,   595.46,    94.48
  234.81,   597.30,   219.46
  237.11,   598.51,   344.08
  351.12,   343.90,    93.89
  355.06,   344.63,   218.99
  357.98,   345.86,   343.63
  353.62,   468.62,    92.22
  357.82,   469.45,   217.89
  360.44,   470.55,   342.73
  356.66,   593.15,    90.89
  360.32,   594.85,   215.70
  363.49,   595.96,   340.58
   98.23,   348.08,   226.48
   95.58,   348.42,   351.54
   93.17,   348.39,   476.39
  100.19,   473.18,   227.40
   96.77,   474.05,   351.73
   94.55,   474.39,   476.41
  102.95,   598.65,   227.53
   99.32,   599.29,   351.99
   96.79,   599.56,   477.31
  223.88,   346.08,   229.38
  221.10,   345.61,   354.05
  218.49,   345.17,   478.72
  226.02,   471.14,   230.30
  221.96,   470.99,   354.62
  219.13,   470.56,   479.03
  227.29,   596.94,   230.64
  223.32,   596.40,   355.06
  220.63,   596.07,   479.74
  348.45,   344.35,   232.83
  345.00,   343.74,   357.58
  341.85,   343.61,   482.60
  351.11,   469.24,   233.52
  347.07,   468.88,   358.30
  343.62,   468.37,   482.90
  353.03,   594.66,   233.28
  349.68,   594.24,   357.80
  346.31,   593.59,   482.76
  100.12,   348.29,   351.18
  101.72,   350.18,   476.12
  103.84,   351.46,   600.89
   98.71,   474.34,   349.87
  100.54,   476.30,   474.07
  103.46,   476.36,   598.95
   99.12,   599.18,   348.11
  100.43,   601.31,   473.27
  103.26,   602.15,   598.65
  225.39,   347.84,   349.44
  226.71,   349.15,   474.54
  228.17,   350.51,   599.81
  223.86,   473.45,   348.10
  225.50,   474.88,   472.58
  228.11,   475.67,   597.77
  223.39,   598.65,   347.03
  224.79,   600.29,   471.49
  227.72,   601.38,   596.31
  349.12,   348.26,   348.84
  350.26,   350.03,   473.89
  352.05,   351.27,   599.03
  349.21,   473.27,   347.35
  350.07,   474.93,   472.36
  352.25,   476.57,   597.26
  349.59,   598.53,   345.59
  350.48,   599.72,   470.03
  352.11,   601.34,   594.97
  102.09,   350.21,   475.91
  106.17,   349.51,   600.58
  109.61,   348.65,   725.35
   98.45,   476.32,   475.76
  103.36,   474.48,   600.68
  108.57,   471.83,   725.51
   96.21,   601.23,   476.98
  100.47,   599.83,   602.27
  105.39,   597.17,   726.22
  226.96,   351.41,   472.15
  230.49,   351.34,   597.47
  234.28,   351.36,   722.54
  223.22,   476.98,   472.25
  228.29,   476.26,   597.19
  233.12,   475.52,   722.53
  220.20,   602.75,   472.78
  225.06,   601.98,   597.51
  230.18,   601.87,   722.81
  350.58,   354.82,   469.46
  354.59,   354.51,   594.62
  358.91,   354.20,   719.99
  347.85,   479.69,   469.76
  351.78,   479.54,   594.75
  356.78,   479.77,   719.75
  345.92,   604.66,   469.27
  349.31,   604.61,   594.48
  353.39,   605.00,   719.74
  102.70,   348.97,   598.15
  103.16,   346.39,   722.83
  103.23,   344.01,   847.40
  105.18,   473.92,   599.71
  106.87,   469.41,   724.35
  107.43,   467.24,   849.19
  107.25,   599.12,   602.69
  108.85,   594.70,   727.17
  109.41,   592.80,   850.97
  227.02,   345.80,   598.16
  227.67,   343.95,   723.33
  227.98,   342.37,   847.45
  229.93,   470.53,   599.60
  231.62,   468.32,   724.68
  231.81,   466.26,   849.37
  231.59,   596.25,   601.69
  233.88,   594.12,   726.48
  233.99,   592.17,   851.29
  350.93,   343.92,   598.25
  352.15,   341.64,   723.92
  352.54,   340.07,   848.64
  353.64,   468.94,   600.22
  355.23,   467.27,   725.64
  355.68,   465.57,   850.46
  355.87,   593.97,   601.38
  356.83,   592.34,   727.15
  357.99,   591.06,   853.00
   98.89,   475.36,   101.67
   99.27,   475.16,   226.28
   99.77,   476.16,   350.86
   95.96,   600.90,   101.30
   96.61,   601.06,   226.34
   96.74,   601.32,   351.42
   92.30,   727.07,   100.23
   93.31,   725.82,   226.98
   94.37,   725.35,   352.00
  224.50,   479.73,   100.49
  225.24,   479.14,   225.22
  225.14,   478.82,   349.64
  220.87,   604.86,   100.70
  221.13,   604.87,   225.84
  220.75,   604.34,   350.55
  217.50,   730.97,    99.80
  217.59,   731.21,   225.92
  217.86,   729.89,   351.43
  348.61,   483.74,    99.35
  350.33,   482.77,   224.75
  350.25,   481.84,   349.33
  345.50,   608.56,    99.42
  346.45,   608.37,   224.48
  347.15,   607.68,   349.29
  342.23,   733.67,    99.79
  342.78,   734.66,   224.19
  344.31,   733.11,   348.97
   99.31,   474.28,   224.82
   98.53,   477.10,   349.32
   98.62,   479.39,   473.72
  100.82,   599.93,   223.01
   99.38,   602.24,   347.83
   99.34,   604.27,   472.56
  101.63,   725.34,   221.33
  101.29,   726.63,   346.49
  101.22,   728.99,   472.32
  225.30,   473.84,   225.41
  223.89,   475.40,   349.67
  223.31,   477.10,   473.92
  225.32,   599.66,   223.55
  223.86,   601.20,   348.50
  223.50,   602.51,   472.73
  226.01,   726.19,   221.42
  225.05,   726.70,   347.05
  224.85,   727.75,   471.84
  350.33,   473.23,   225.85
  349.13,   474.81,   350.73
  348.20,   476.43,   475.37
  351.03,   599.04,   223.63
  350.23,   600.34,   348.69
  349.22,   601.04,   473.29
  351.51,   725.19,   220.99
  351.52,   726.02,   345.87
  350.92,   726.06,   470.90
   97.99,   475.73,   351.07
   99.66,   474.87,   475.80
  101.79,   472.27,   600.27
  101.42,   600.64,   352.58
  102.72,   599.83,   477.59
  104.65,   597.72,   602.93
  105.85,   725.28,   354.40
  106.99,   724.63,   479.90
  107.73,   723.39,   605.44
  223.26,   471.62,   349.96
  224.25,   470.02,   474.41
  226.73,   468.17,   599.71
  225.93,   597.08,   351.82
  227.07,   595.32,   476.13
  229.23,   593.73,   601.12
  229.57,   722.55,   353.01
  230.92,   720.70,   478.04
  232.30,   719.71,   603.23
  348.43,   468.19,   349.95
  348.97,   467.05,   474.79
  350.39,   465.81,   599.90
  352.15,   593.54,   350.74
  352.51,   591.95,   475.37
  353.71,   590.67,   600.50
  355.81,   719.38,   350.90
  356.75,   716.76,   475.81
  356.89,   714.95,   600.70
  100.93,   475.19,   473.05
  100.86,   471.01,   597.92
  101.27,   466.06,   722.55
  102.91,   600.37,   476.60
  102.62,   596.48,   601.68
  102.69,   591.46,   725.95
  106.07,   725.13,   480.60
  104.87,   722.27,   605.92
  103.49,   719.32,   728.90
  225.68,   471.72,   474.23
  225.70,   468.36,   599.22
  226.02,   464.91,   724.57
  227.27,   596.78,   477.24
  227.48,   594.02,   602.13
  227.81,   591.02,   727.03
  229.99,   721.97,   480.92
  229.26,   719.55,   606.07
  228.29,   717.92,   730.27
  350.01,   469.41,   476.49
  349.60,   466.73,   601.52
  349.48,   464.25,   726.65
  352.91,   594.41,   478.86
  351.74,   591.62,   603.68
  350.96,   589.51,   729.18
  355.82,   718.87,   480.51
  353.94,   715.97,   605.79
  351.97,   714.42,   731.52
   99.78,   473.38,   597.93
  102.37,   469.50,   722.92
  103.50,   468.27,   847.76
   98.79,   598.93,   600.39
  101.14,   595.27,   724.59
  102.10,   594.19,   848.74
   98.00,   724.28,   602.68
   98.94,   723.05,   725.31
   99.20,   721.57,   849.62
  224.79,   473.06,   597.18
  227.37,   471.81,   722.49
  228.25,   470.82,   847.19
  223.42,   598.70,   598.23
  226.03,   597.97,   723.39
  226.89,   596.73,   848.17
  222.42,   724.64,   600.60
  223.89,   724.55,   724.74
  224.55,   724.25,   848.93
  348.51,   474.57,   597.38
  350.82,   473.83,   722.42
  351.94,   473.52,   847.61
  347.66,   599.73,   597.69
  349.14,   599.47,   723.17
  350.99,   598.97,   849.04
  347.22,   724.11,   598.19
  347.15,   723.87,   723.83
  348.70,   724.28,   849.80
  102.40,   597.93,   100.59
   98.14,   600.77,   225.72
   93.63,   604.00,   350.42
  103.84,   723.83,    96.60
  100.06,   726.00,   223.06
   96.59,   728.47,   348.24
  103.94,   849.41,    94.21
   99.78,   851.77,   221.84
   97.68,   854.23,   346.75
  227.31,   596.36,   104.55
  222.43,   599.39,   229.68
  217.60,   601.74,   354.14
  229.22,   722.11,   100.84
  224.29,   725.70,   226.91
  220.27,   727.64,   352.32
  231.64,   848.11,    97.04
  227.36,   851.42,   223.88
  223.68,   852.74,   349.61
  351.78,   594.78,   108.20
  348.34,   597.63,   233.18
  343.97,   599.79,   357.75
  353.68,   719.99,   105.34
  350.00,   723.68,   229.47
  346.27,   725.55,   354.42
  355.32,   845.19,   102.81
  351.18,   849.32,   227.27
  348.01,   849.72,   352.01
  100.52,   598.84,   225.98
   96.23,   600.47,   350.79
   92.99,   601.32,   475.49
  100.62,   724.26,   225.25
   97.17,   724.83,   350.24
   93.79,   726.13,   476.13
   98.39,   850.28,   225.75
   96.37,   850.75,   350.72
   93.64,   850.78,   475.65
  225.27,   599.50,   229.85
  220.57,   600.27,   354.66
  217.05,   600.43,   479.07
  224.76,   726.25,   228.89
  220.56,   725.92,   354.02
  217.21,   725.95,   479.14
  225.72,   851.69,   227.84
  221.90,   851.03,   353.51
  218.13,   850.80,   479.05
  350.81,   600.05,   233.33
  346.60,   600.34,   357.87
  342.60,   600.21,   482.78
  350.42,   726.14,   231.52
  346.92,   726.01,   356.56
  342.78,   725.21,   481.50
  349.39,   851.64,   231.43
  346.62,   849.96,   356.05
  343.05,   849.07,   481.31
   97.44,   598.84,   351.91
   99.53,   600.17,   476.61
  102.66,   600.14,   602.14
   96.81,   723.41,   351.51
   98.57,   724.77,   477.03
  100.00,   725.56,   602.70
   94.08,   849.13,   351.19
   97.01,   849.65,   476.55
   98.03,   850.12,   601.36
  221.83,   600.42,   350.26
  223.80,   601.03,   474.59
  226.98,   601.55,   599.29
  220.44,   726.35,   349.87
  222.26,   726.42,   474.85
  224.73,   727.45,   599.63
  219.95,   851.44,   349.05
  221.59,   851.21,   474.24
  222.85,   852.39,   600.06
  348.06,   602.62,   348.10
  349.47,   602.89,   472.73
  351.49,   603.60,   597.82
  346.32,   728.08,   346.50
  348.19,   727.58,   471.38
  349.10,   728.20,   596.47
  344.34,   852.56,   345.96
  346.54,   851.45,   471.03
  347.26,   852.17,   596.49
   97.86,   602.15,   476.20
   96.72,   604.43,   601.75
   95.68,   605.59,   725.96
   98.93,   726.79,   474.14
   96.25,   730.29,   599.68
   94.32,   733.43,   722.47
   98.70,   851.65,   470.53
   96.36,   854.47,   595.34
   93.85,   857.95,   717.64
  222.13,   601.38,   477.68
  221.64,   604.13,   602.66
  221.16,   607.70,   727.51
  222.42,   726.71,   475.23
  220.80,   730.08,   600.59
  219.21,   734.49,   724.81
  223.50,   851.43,   472.24
  220.92,   855.06,   598.10
  218.19,   858.75,   722.38
  347.63,   601.09,   480.24
  345.96,   604.83,   604.84
  344.13,   608.87,   730.20
  348.22,   726.07,   476.12
  345.43,   729.16,   601.02
  342.57,   733.49,   726.78
  348.21,   849.69,   473.04
  345.45,   853.18,   598.43
  342.28,   858.56,   723.82
  102.22,   598.90,   600.31
  102.78,   599.75,   724.51
  102.33,   602.92,   848.49
  100.94,   724.51,   598.52
  100.29,   727.57,   721.18
   98.50,   730.19,   845.49
  100.06,   848.84,   594.35
   98.57,   852.45,   716.73
   96.81,   855.06,   842.09
  226.89,   599.52,   599.90
  227.73,   603.00,   724.90
  227.04,   606.47,   849.60
  225.45,   725.15,   597.63
  224.83,   729.47,   722.10
  223.98,   733.52,   846.19
  224.49,   850.43,   595.27
  222.99,   854.50,   719.76
  221.59,   857.88,   842.62
  351.47,   600.79,   601.06
  351.10,   604.92,   726.51
  351.10,   608.62,   852.33
  350.04,   725.29,   597.03
  348.43,   729.42,   722.79
  348.45,   734.44,   848.92
  349.03,   849.37,   594.63
  347.13,   854.56,   719.95
  345.81,   860.34,   844.15
  224.09,    98.65,    99.64
  225.90,    97.08,   225.38
  226.93,    94.25,   350.12
  220.84,   223.72,   101.80
  222.39,   221.36,   226.47
  224.71,   218.15,   351.57
  217.71,   348.11,   104.08
  219.11,   345.57,   228.90
  221.05,   343.29,   353.33
  347.93,   102.03,    98.81
  349.69,    99.84,   223.18
  351.50,    97.56,   347.08
  344.57,   227.11,   100.56
  346.33,   225.37,   225.50
  348.00,   222.89,   349.60
  341.36,   351.86,   102.51
  343.58,   349.41,   227.68
  344.86,   347.20,   352.40
  472.29,   105.21,    97.78
  474.33,   102.60,   221.58
  476.72,   100.75,   345.09
  468.75,   230.16,    99.12
  470.55,   228.51,   224.19
  472.21,   226.68,   347.99
  466.32,   355.15,   100.55
  468.40,   352.62,   226.29
  469.32,   350.58,   351.11
  224.05,   100.32,   224.29
  224.96,    97.96,   349.13
  226.33,    96.01,   474.28
  224.36,   224.89,   224.97
  226.44,   222.09,   350.16
  227.91,   220.22,   475.45
  225.11,   349.28,   226.78
  226.48,   347.34,   351.48
  227.98,   345.49,   476.43
  347.60,    99.12,   222.50
  349.46,    97.24,   346.37
  350.84,    95.75,   470.84
  348.12,   224.77,   224.05
  350.08,   222.78,   348.33
  351.54,   220.66,   473.01
  349.64,   348.96,   226.01
  350.35,   347.21,   350.75
  351.75,   345.61,   475.65
  472.61,    98.30,   220.95
  474.65,    96.97,   344.25
  476.35,    95.61,   468.70
  472.71,   224.02,   222.99
  474.34,   222.52,   346.96
  476.15,   220.69,   471.40
  474.26,   347.93,   224.37
  475.09,   346.47,   349.18
  476.51,   345.50,   474.45
  223.46,    97.94,   350.16
  219.90,    95.30,   475.62
  216.63,    94.13,   600.63
  221.94,   222.01,   352.09
  218.46,   219.46,   477.47
  214.23,   218.32,   602.81
  218.89,   347.20,   354.01
  215.79,   344.78,   478.89
  212.53,   342.69,   604.25
  347.75,   100.64,   352.10
  344.50,    98.18,   476.71
  341.07,    96.07,   602.44
  345.43,   225.51,   355.13
  342.20,   222.87,   480.01
  338.87,   220.34,   605.79
  342.73,   350.14,   358.20
  339.21,   348.01,   483.21
  336.63,   345.41,   608.47
  473.14,   103.07,   355.13
  469.74,   100.75,   479.78
  466.04,    98.33,   605.36
  469.63,   228.84,   358.73
  466.76,   225.90,   482.81
  463.97,   222.97,   608.55
  467.35,   352.70,   361.50
  463.72,   350.68,   486.57
  461.26,   348.42,   612.28
  226.36,    99.99,   475.55
  227.21,    97.47,   600.59
  227.83,    94.88,   725.55
  230.27,   224.21,   478.40
  230.19,   221.73,   603.86
  229.77,   220.01,   729.39
  232.90,   349.56,   481.42
  234.10,   345.85,   606.61
  235.14,   342.53,   732.20
  350.85,    97.28,   472.18
  351.66,    94.04,   598.17
  352.44,    90.95,   724.52
  354.17,   222.03,   476.91
  354.94,   218.35,   602.31
  355.73,   214.91,   728.38
  356.53,   346.96,   481.38
  357.90,   343.43,   606.47
  359.56,   339.97,   731.84
  476.42,    94.70,   470.75
  476.99,    90.72,   596.89
  477.38,    87.06,   723.42
  478.75,   219.65,   475.61
  479.99,   215.56,   601.12
  481.34,   210.91,   727.46
  481.27,   344.32,   480.29
  482.96,   340.65,   605.87
  484.96,   337.25,   731.61
  225.01,   100.19,   600.75
  227.77,    98.94,   725.81
  232.31,    97.01,   851.04
  226.75,   224.39,   603.13
  229.16,   223.93,   728.30
  233.41,   222.08,   852.90
  229.72,   348.68,   604.67
  233.60,   346.93,   729.96
  236.89,   345.03,   854.02
  349.46,    97.92,   595.83
  352.86,    96.18,   722.48
  357.11,    94.07,   848.02
  351.57,   222.21,   599.02
  354.89,   220.35,   724.88
  358.67,   217.98,   849.83
  353.87,   347.45,   601.71
  358.03,   344.95,   727.26
  361.60,   343.01,   851.62
  474.80,    95.96,   592.14
  477.71,    92.91,   718.81
  481.46,    90.77,   844.24
  476.68,   220.26,   595.32
  480.57,   217.48,   721.48
  483.36,   215.51,   846.94
  478.47,   345.70,   598.55
  482.92,   343.36,   724.16
  486.34,   341.30,   849.41
  226.53,   226.46,    99.66
  229.06,   229.20,   224.44
  232.33,   230.35,   349.16
  229.57,   350.68,    97.23
  232.18,   353.50,   222.08
  234.36,   355.56,   346.32
  232.27,   475.53,    94.84
  235.06,   477.95,   219.75
  236.46,   480.90,   343.77
  350.35,   223.71,    97.55
  353.04,   226.63,   222.33
  355.86,   228.87,   346.67
  353.41,   348.52,    94.63
  356.64,   350.66,   220.13
  358.48,   353.30,   344.58
  356.37,   472.92,    91.59
  359.58,   475.28,   217.23
  361.57,   478.02,   341.90
  474.89,   220.66,    95.24
  477.20,   223.39,   220.14
  480.16,   226.35,   343.99
  478.47,   345.39,    91.80
  481.14,   347.60,   217.46
  483.26,   350.21,   342.06
  482.00,   470.30,    89.15
  484.62,   472.12,   214.31
  486.73,   474.57,   339.13
  227.10,   226.46,   225.75
  227.98,   228.46,   350.93
  227.77,   231.43,   476.23
  227.99,   350.83,   222.79
  228.18,   354.02,   347.44
  228.05,   357.10,   472.36
  229.04,   475.41,   219.99
  227.79,   479.06,   344.32
  227.73,   482.65,   468.61
  350.80,   225.94,   226.43
  351.37,   228.81,   350.81
  351.42,   231.72,   475.53
  352.53,   350.01,   223.36
  351.96,   353.42,   348.12
  351.76,   356.78,   472.97
  353.69,   474.70,   220.06
  352.92,   477.94,   344.97
  352.58,   481.72,   469.95
  475.33,   225.09,   226.79
  475.64,   228.55,   350.60
  476.01,   231.71,   475.19
  477.16,   349.25,   223.45
  476.49,   352.45,   348.17
  476.54,   355.88,   473.25
  479.03,   473.87,   219.75
  478.21,   476.66,   344.98
  477.80,   480.90,   470.31
  224.54,   224.73,   348.92
  222.24,   227.29,   474.19
  219.22,   231.41,   599.62
  222.61,   350.23,   345.88
  220.56,   352.60,   470.99
  218.89,   355.50,   596.18
  220.11,   475.35,   343.49
  218.20,   478.27,   467.81
  217.53,   480.72,   592.68
  347.94,   227.23,   350.67
  346.16,   229.73,   475.35
  343.78,   232.32,   601.13
  346.59,   351.67,   348.55
  344.42,   354.41,   473.35
  342.77,   357.43,   598.60
  345.19,   476.55,   346.03
  342.85,   479.71,   470.85
  341.42,   482.64,   595.70
  471.83,   229.17,   352.71
  470.34,   231.52,   477.29
  469.02,   233.78,   602.63
  471.15,   353.15,   350.44
  468.99,   356.39,   475.55
  467.64,   359.31,   601.19
  470.59,   477.63,   347.60
  467.93,   480.88,   473.08
  466.34,   484.43,   598.74
  225.43,   223.25,   474.39
  222.29,   221.43,   599.98
  219.03,   220.70,   725.22
  225.58,   348.68,   477.04
  223.69,   345.97,   602.10
  222.08,   343.35,   727.28
  225.38,   474.25,   479.69
  224.75,   470.90,   604.40
  224.39,   467.21,   729.76
  349.39,   223.56,   475.73
  347.10,   220.63,   601.33
  344.88,   217.97,   727.33
  349.15,   348.89,   479.85
  347.81,   345.66,   604.82
  346.37,   342.75,   730.25
  349.70,   473.53,   482.78
  348.53,   470.91,   607.67
  347.75,   468.12,   732.61
  473.94,   223.75,   477.48
  472.27,   220.26,   602.97
  470.36,   216.32,   729.66
  474.05,   348.40,   482.08
  472.61,   345.66,   607.54
  471.71,   342.49,   732.93
  474.91,   473.27,   485.07
  473.12,   471.01,   610.56
  472.05,   468.17,   736.00
  224.17,   224.15,   598.80
  223.41,   224.33,   723.93
  225.21,   222.70,   848.40
  227.29,   348.31,   599.79
  228.29,   346.78,   724.96
  229.58,   345.45,   849.56
  229.94,   473.47,   601.03
  232.34,   470.99,   726.54
  233.42,   469.67,   850.76
  348.79,   221.34,   597.28
  349.38,   219.65,   723.48
  350.47,   218.23,   848.27
  351.07,   346.63,   599.67
  352.89,   344.84,   725.02
  354.09,   343.06,   849.70
  353.67,   471.54,   601.14
  356.02,   470.01,   726.31
  357.18,   468.87,   851.39
  473.97,   219.06,   595.93
  474.77,   216.16,   722.17
  475.53,   214.85,   847.72
  476.23,   344.42,   599.16
  477.84,   342.45,   724.83
  478.71,   340.79,   849.89
  478.80,   469.84,   601.37
  480.69,   467.87,   726.77
  481.94,   466.59,   851.66
  224.68,   351.09,    98.96
  228.24,   350.80,   223.28
  231.33,   350.28,   348.09
  225.15,   475.88,    99.58
  228.11,   475.61,   224.32
  230.26,   475.58,   348.49
  225.06,   601.25,    99.20
  227.41,   601.64,   224.23
  229.74,   601.03,   348.87
  348.68,   351.46,    95.17
  352.28,   350.91,   220.77
  355.26,   350.36,   345.17
  348.98,   476.43,    95.48
  352.86,   475.60,   220.96
  355.69,   475.24,   345.82
  349.69,   601.11,    95.72
  353.32,   601.32,   220.76
  356.21,   600.86,   345.54
  473.70,   351.27,    91.92
  476.93,   350.34,   217.12
  479.81,   350.08,   341.91
  474.74,   476.54,    92.18
  478.22,   475.18,   217.33
  480.81,   474.57,   342.23
  474.98,   600.87,    92.97
  478.37,   601.04,   217.39
  481.63,   600.59,   341.52
  225.83,   348.58,   224.66
  225.16,   350.22,   349.15
  224.29,   351.46,   474.15
  224.22,   473.38,   223.28
  222.12,   475.33,   347.66
  221.31,   477.20,   471.87
  221.60,   599.09,   221.31
  219.69,   600.83,   346.00
  219.13,   602.58,   470.64
  350.17,   350.69,   225.97
  349.09,   351.99,   350.68
  347.87,   353.94,   475.39
  349.02,   475.26,   224.28
  347.53,   476.97,   349.02
  345.89,   479.06,   474.00
  347.36,   601.24,   221.63
  346.11,   602.33,   346.61
  345.03,   603.94,   471.15
  474.84,   352.27,   226.71
  473.53,   353.97,   351.51
  472.59,   356.10,   476.61
  474.06,   476.77,   224.88
  472.59,   478.53,   349.85
  471.40,   480.66,   475.07
  472.52,   602.66,   222.59
  471.59,   604.24,   346.90
  470.41,   605.74,   471.87
  226.08,   348.25,   349.86
  227.93,   348.35,   474.98
  229.47,   348.77,   600.32
  227.25,   473.63,   349.81
  228.57,   473.85,   474.31
  231.51,   473.58,   599.48
  228.23,   599.29,   350.07
  230.00,   599.32,   474.48
  233.04,   599.17,   599.15
  350.21,   346.78,   349.18
  351.33,   346.92,   474.18
  353.38,   347.07,   599.46
  352.02,   471.72,   349.00
  353.29,   472.18,   474.17
  355.17,   472.34,   599.12
  354.56,   597.13,   348.14
  355.67,   597.02,   472.97
  357.45,   597.28,   598.02
  474.62,   344.97,   347.86
  476.02,   345.26,   472.99
  478.43,   345.59,   598.14
  477.29,   469.33,   347.59
  478.29,   469.98,   472.82
  480.14,   470.81,   598.61
  480.10,   595.16,   346.42
  481.45,   595.27,   471.51
  482.44,   595.80,   597.30
  227.24,   350.73,   473.74
  225.37,   352.71,   599.00
  223.35,   354.39,   724.31
  224.93,   476.41,   471.64
  224.16,   477.51,   596.58
  223.58,   478.63,   722.02
  223.51,   602.01,   470.41
  222.38,   603.34,   594.95
  222.03,   605.23,   720.00
  350.98,   352.67,   476.83
  349.04,   354.18,   601.88
  347.69,   355.87,   727.23
  349.52,   477.80,   474.96
  348.20,   479.73,   599.99
  347.21,   481.64,   724.99
  349.18,   602.65,   472.70
  346.83,   604.43,   597.50
  345.36,   607.00,   723.06
  475.44,   354.22,   479.32
  473.87,   355.97,   604.78
  472.76,   357.58,   730.38
  474.77,   478.69,   477.55
  472.78,   481.34,   603.08
  471.49,   483.33,   728.55
  474.72,   603.84,   474.60
  471.99,   605.99,   600.52
  469.47,   607.38,   726.63
  226.38,   349.38,   599.80
  226.06,   347.80,   725.29
  225.66,   346.75,   849.17
  227.33,   474.47,   600.89
  228.14,   472.36,   726.49
  227.84,   470.37,   850.95
  227.15,   600.19,   602.76
  228.74,   598.53,   727.86
  228.22,   596.79,   852.65
  350.35,   349.43,   601.04
  350.58,   347.53,   726.43
  350.17,   345.92,   851.01
  350.88,   474.60,   602.45
  351.95,   472.89,   727.74
  351.76,   471.75,   852.73
  351.49,   599.51,   603.51
  352.00,   598.45,   729.20
  352.08,   596.96,   854.95
  474.98,   349.02,   601.87
  475.67,   347.44,   727.83
  475.26,   345.46,   852.46
  475.86,   474.36,   604.05
  476.46,   472.84,   729.55
  476.25,   471.53,   854.57
  476.49,   599.08,   604.81
  475.97,   597.00,   731.01
  476.31,   595.77,   856.78
  223.78,   474.12,   100.97
  226.56,   470.94,   225.49
  228.38,   467.96,   349.73
  220.42,   599.16,   103.42
  222.72,   596.55,   228.66
  224.40,   593.52,   353.17
  217.45,   725.22,   105.13
  219.09,   723.26,   231.30
  221.69,   719.07,   356.61
  347.75,   478.02,    97.36
  351.50,   474.61,   222.69
  353.46,   471.12,   347.68
  345.23,   602.75,   100.44
  348.13,   599.92,   225.21
  350.81,   596.53,   350.00
  342.03,   727.87,   102.84
  344.69,   726.03,   227.12
  347.88,   722.37,   352.25
  473.42,   481.47,    94.37
  476.50,   477.72,   219.72
  478.75,   474.06,   344.46
  470.00,   606.20,    97.92
  473.48,   603.09,   222.40
  476.26,   599.95,   346.66
  466.52,   731.17,   101.52
  469.47,   729.19,   224.69
  473.33,   725.86,   348.47
  223.81,   475.60,   223.73
  224.53,   476.09,   348.34
  226.78,   476.39,   472.46
  226.55,   601.32,   223.63
  227.66,   601.74,   347.99
  229.80,   601.42,   472.57
  230.08,   728.05,   222.69
  231.64,   727.08,   348.06
  234.01,   726.60,   473.06
  348.61,   472.43,   221.99
  349.99,   472.20,   346.77
  351.52,   472.89,   471.55
  352.00,   597.81,   221.12
  353.89,   597.78,   345.96
  355.51,   597.60,   470.40
  355.44,   723.92,   219.60
  357.67,   723.70,   344.42
  359.72,   722.33,   469.40
  473.52,   468.58,   219.41
  475.01,   468.32,   344.53
  476.58,   469.47,   469.69
  477.15,   594.45,   218.99
  478.99,   594.35,   343.26
  481.06,   594.61,   468.38
  479.78,   720.05,   218.16
  482.79,   720.41,   341.76
  485.36,   719.84,   466.02
  222.69,   474.72,   349.44
  219.35,   473.32,   474.01
  217.71,   471.37,   598.80
  225.51,   600.19,   351.48
  222.50,   598.86,   475.85
  220.47,   596.86,   600.50
  229.54,   725.76,   353.15
  226.56,   724.06,   478.06
  224.07,   722.61,   603.06
  347.71,   471.09,   353.35
  343.91,   469.62,   478.50
  341.50,   468.59,   603.24
  351.76,   596.50,   354.40
  347.69,   594.40,   479.21
  344.95,   593.43,   604.08
  355.85,   721.95,   354.91
  352.17,   719.48,   479.82
  348.37,   717.71,   604.83
  472.47,   466.80,   356.54
  468.86,   466.17,   482.24
  465.95,   465.31,   607.63
  476.81,   592.53,   357.40
  473.48,   591.30,   482.32
  469.57,   590.03,   608.34
  480.68,   718.63,   357.34
  477.68,   716.18,   481.86
  473.38,   713.92,   608.14
  225.63,   476.04,   472.96
  223.42,   478.60,   597.80
  221.50,   480.77,   722.80
  226.60,   601.51,   470.52
  224.28,   604.01,   595.34
  222.31,   606.76,   720.08
  228.38,   726.54,   468.15
  225.48,   729.82,   593.33
  222.18,   733.65,   717.62
  350.27,   474.66,   477.69
  347.10,   477.91,   602.31
  345.22,   480.98,   727.64
  352.24,   599.77,   473.93
  348.74,   602.73,   598.93
  345.76,   606.31,   724.25
  354.28,   724.74,   470.51
  350.18,   726.97,   595.38
  345.64,   730.90,   720.99
  475.25,   473.83,   481.90
  472.15,   477.35,   607.00
  469.56,   480.31,   732.65
  477.40,   598.94,   477.65
  473.72,   601.88,   603.14
  469.83,   604.25,   729.59
  479.63,   723.84,   472.83
  475.35,   725.64,   598.82
  469.69,   728.49,   726.05
  225.93,   476.20,   600.97
  226.30,   476.28,   726.41
  225.29,   477.51,   850.96
  225.53,   601.76,   600.58
  225.83,   602.47,   725.62
  224.78,   603.54,   850.12
  225.24,   727.41,   600.67
  224.31,   729.50,   724.69
  223.22,   731.03,   848.86
  349.67,   476.93,   603.46
  350.01,   477.72,   728.47
  349.22,   479.42,   853.77
  349.59,   601.78,   601.85
  349.17,   603.21,   727.21
  348.70,   604.50,   853.04
  349.73,   725.86,   600.09
  348.10,   727.84,   725.99
  347.62,   730.39,   852.17
  474.61,   477.12,   605.64
  474.42,   478.35,   731.12
  473.46,   479.71,   855.83
  474.74,   601.78,   603.61
  473.40,   602.64,   729.79
  472.98,   603.82,   855.47
  474.98,   725.93,   601.12
  472.44,   726.85,   728.57
  471.58,   728.51,   854.96
  226.85,   599.12,    99.88
  222.87,   602.41,   225.29
  218.29,   605.05,   349.55
  226.40,   725.32,    95.92
  222.26,   728.94,   221.80
  218.42,   730.80,   347.20
  226.69,   850.73,    92.05
  222.97,   854.64,   218.64
  219.34,   856.09,   344.40
  351.74,   600.09,   103.03
  348.19,   603.29,   227.96
  344.76,   605.45,   352.70
  351.05,   725.33,   100.08
  347.62,   729.49,   224.26
  344.50,   731.09,   349.01
  350.45,   850.52,    96.94
  346.55,   854.76,   221.55
  343.88,   855.46,   346.37
  476.91,   600.84,   107.00
  473.48,   603.75,   231.19
  470.07,   606.14,   355.75
  475.59,   726.09,   104.78
  472.15,   729.80,   227.78
  469.69,   732.36,   351.51
  474.26,   851.03,   102.88
  470.39,   855.20,   225.90
  468.67,   855.72,   349.25
  222.96,   601.93,   226.75
  218.43,   600.44,   351.42
  215.38,   599.11,   475.92
  219.42,   728.49,   227.41
  215.37,   726.25,   352.75
  212.45,   724.56,   477.77
  216.83,   854.02,   228.43
  213.36,   851.20,   354.11
  210.10,   849.39,   479.11
  348.58,   605.86,   229.65
  344.83,   603.89,   354.39
  341.13,   602.34,   479.04
  344.85,   731.63,   229.65
  341.52,   729.41,   354.54
  337.93,   727.24,   479.73
  340.46,   856.92,   230.99
  338.17,   853.68,   355.94
  334.60,   851.07,   481.00
  473.59,   609.41,   232.96
  470.31,   607.54,   357.57
  466.38,   606.49,   482.27
  469.46,   735.25,   233.34
  466.61,   733.54,   357.33
  463.63,   731.36,   481.48
  464.58,   860.45,   235.39
  462.48,   856.87,   358.79
  460.01,   853.38,   482.72
  222.96,   602.05,   350.34
  223.21,   600.17,   474.84
  224.81,   597.51,   599.68
  225.25,   727.74,   352.55
  225.84,   725.36,   477.82
  226.05,   723.50,   602.69
  228.45,   852.91,   354.59
  228.55,   850.10,   479.83
  227.84,   848.57,   605.59
  349.33,   600.29,   350.43
  348.99,   597.92,   475.03
  348.97,   596.12,   599.88
  351.68,   726.07,   351.36
  351.23,   722.66,   476.06
  350.53,   720.55,   601.42
  353.11,   850.17,   353.05
  353.19,   846.51,   478.31
  352.49,   844.83,   604.14
  475.03,   598.61,   349.63
  474.44,   596.56,   474.94
  474.05,   595.04,   600.63
  476.73,   724.81,   350.41
  476.84,   721.61,   474.93
  475.81,   718.92,   600.94
  477.88,   848.64,   352.69
  478.78,   844.21,   476.46
  477.89,   841.88,   602.26
  222.87,   598.49,   476.18
  222.29,   598.60,   600.86
  221.60,   599.00,   725.80
  224.90,   723.92,   476.39
  222.85,   724.24,   601.81
  221.05,   725.72,   725.80
  227.34,   848.63,   476.38
  224.31,   849.32,   602.21
  221.60,   850.61,   726.40
  348.65,   596.93,   478.47
  346.38,   597.52,   603.37
  344.76,   598.35,   728.80
  350.38,   721.59,   477.44
  347.66,   721.87,   602.31
  344.72,   723.36,   728.20
  352.16,   845.39,   477.10
  349.04,   845.91,   602.61
  345.84,   848.38,   728.37
  474.12,   596.01,   480.70
  471.41,   596.77,   606.33
  469.10,   596.88,   732.52
  476.28,   721.06,   478.35
  472.60,   720.44,   604.23
  468.74,   720.86,   731.83
  477.70,   843.81,   477.38
  474.40,   843.67,   603.66
  470.24,   846.59,   730.58
  223.32,   599.64,   598.71
  223.57,   598.97,   723.76
  222.33,   598.17,   848.16
  221.86,   725.73,   600.36
  220.58,   725.90,   724.54
  218.87,   725.38,   848.84
  220.70,   850.82,   602.21
  218.57,   850.50,   726.10
  216.03,   850.21,   849.08
  347.60,   601.19,   600.23
  346.91,   600.95,   725.60
  346.01,   600.54,   851.77
  346.44,   725.41,   600.65
  344.42,   725.90,   725.96
  343.53,   726.19,   852.14
  345.49,   849.88,   601.89
  342.63,   850.72,   727.33
  341.01,   852.54,   851.39
  472.83,   602.83,   602.58
  471.20,   601.97,   728.58
  470.31,   601.40,   854.38
  471.61,   726.78,   601.71
  468.25,   725.81,   729.09
  467.46,   726.00,   855.56
  470.59,   849.81,   602.04
  467.21,   851.55,   729.02
  465.06,   854.11,   854.55
  350.79,   101.41,    99.48
  349.49,   101.52,   224.00
  348.36,   101.65,   347.52
  350.90,   226.65,    98.54
  349.86,   227.26,   223.50
  348.58,   226.90,   347.70
  351.34,   351.54,    98.20
  350.56,   351.13,   223.59
  348.91,   351.69,   348.28
  475.09,   101.07,   100.93
  474.06,   101.06,   225.04
  473.75,   101.41,   348.61
  475.24,   226.03,   100.29
  474.01,   226.76,   225.43
  473.12,   227.24,   349.28
  476.75,   351.17,    99.31
  475.42,   350.70,   224.59
  473.65,   351.28,   349.60
  600.98,   100.30,   101.97
  600.04,   100.32,   226.23
  599.17,   101.54,   350.48
  600.90,   225.06,   101.50
  599.72,   225.42,   226.51
  598.76,   225.98,   350.58
  602.61,   349.74,   100.55
  601.09,   349.84,   225.29
  599.23,   350.12,   349.87
  348.67,   100.36,   225.25
  351.61,   103.49,   348.82
  354.32,   106.60,   473.20
  348.54,   225.84,   221.88
  351.38,   228.76,   346.12
  354.09,   231.75,   471.13
  349.17,   349.98,   218.88
  351.02,   353.15,   343.65
  353.73,   356.41,   468.59
  473.29,   100.15,   222.19
  476.58,   103.64,   345.67
  479.59,   107.32,   470.10
  472.66,   225.55,   219.91
  475.73,   229.17,   343.51
  478.77,   232.37,   467.85
  473.63,   349.96,   216.47
  475.98,   353.26,   341.03
  478.45,   356.74,   466.04
  598.90,    99.56,   219.45
  602.16,   103.79,   343.95
  604.91,   107.50,   468.81
  598.20,   224.85,   217.17
  601.37,   227.93,   341.08
  604.84,   231.44,   465.08
  599.07,   349.04,   212.96
  601.74,   352.20,   337.36
  604.62,   355.87,   462.81
  347.99,   100.89,   348.68
  350.37,    98.84,   473.20
  352.52,    97.03,   598.81
  349.97,   225.83,   351.18
  352.39,   223.29,   476.04
  354.85,   221.33,   601.60
  352.06,   350.32,   353.75
  354.16,   348.40,   478.94
  357.07,   346.45,   604.19
  472.88,    98.51,   345.84
  475.50,    96.82,   470.15
  477.83,    94.49,   596.24
  474.43,   224.12,   348.92
  477.14,   221.90,   473.37
  479.85,   219.36,   598.98
  476.76,   348.04,   351.78
  478.92,   346.46,   476.70
  482.01,   344.88,   602.25
  598.60,    96.41,   344.39
  601.06,    95.15,   469.43
  602.65,    92.25,   595.03
  600.14,   221.09,   346.39
  603.16,   218.87,   470.88
  605.48,   217.23,   596.12
  602.83,   345.02,   348.26
  605.33,   343.27,   473.40
  608.10,   342.23,   599.44
  351.58,    97.89,   473.97
  353.07,    98.54,   599.45
  353.82,    99.21,   726.24
  352.84,   222.68,   474.38
  353.86,   222.82,   600.15
  354.91,   223.38,   726.27
  353.30,   347.92,   474.97
  354.96,   348.29,   600.21
  357.22,   348.59,   725.60
  477.01,    97.47,   472.29
  478.14,    97.63,   597.93
  478.93,    97.34,   724.64
  477.49,   222.59,   472.69
  478.97,   222.13,   598.63
  480.88,   221.82,   724.76
  478.06,   347.06,   474.08
  479.71,   347.71,   599.45
  482.12,   347.85,   725.20
  602.43,    96.94,   472.34
  602.92,    96.12,   597.70
  603.78,    95.40,   723.11
  603.39,   220.71,   471.34
  604.58,   221.06,   596.99
  605.35,   222.04,   723.10
  604.25,   345.52,   472.02
  605.95,   346.58,   597.99
  607.97,   347.59,   724.00
  350.13,    98.38,   599.51
  347.74,   100.02,   726.09
  346.40,   101.35,   851.92
  349.90,   222.63,   599.28
  347.63,   224.30,   725.49
  346.03,   225.28,   850.15
  349.99,   348.02,   598.52
  348.83,   348.81,   723.85
  346.99,   350.25,   848.80
  475.19,    98.35,   601.33
  472.55,    98.84,   727.95
  470.96,    99.79,   853.50
  475.13,   222.81,   601.11
  473.39,   223.37,   727.64
  471.04,   224.67,   852.75
  475.09,   348.35,   601.09
  473.68,   349.58,   727.05
  471.63,   350.40,   851.92
  600.15,    97.76,   604.37
  597.62,    97.86,   729.53
  595.20,    98.96,   854.71
  600.83,   222.97,   603.11
  598.17,   224.16,   729.23
  594.93,   226.15,   854.48
  601.15,   348.32,   603.26
  599.72,   350.31,   729.55
  596.46,   351.13,   854.23
  350.87,   226.06,   101.70
  351.42,   224.91,   226.36
  352.70,   223.15,   350.82
  348.53,   350.65,   102.70
  349.66,   349.07,   227.68
  349.96,   347.63,   352.52
  346.41,   475.34,   103.59
  347.49,   473.80,   228.91
  347.76,   472.38,   354.02
  475.25,   228.25,   100.98
  476.00,   227.27,   226.15
  477.16,   226.38,   349.85
  473.35,   352.82,   101.49
  474.45,   351.34,   226.84
  474.89,   350.06,   351.66
  471.90,   478.00,   102.91
  472.61,   476.13,   227.82
  472.92,   474.63,   353.00
  600.73,   229.96,   100.10
  601.60,   228.83,   225.12
  602.84,   227.63,   349.23
  599.34,   354.57,   100.61
  599.95,   352.85,   225.36
  600.51,   351.61,   350.01
  597.79,   479.56,   101.78
  597.80,   478.10,   226.32
  598.33,   476.87,   351.16
  347.81,   225.97,   224.74
  346.82,   227.47,   349.20
  345.75,   228.82,   473.94
  351.99,   350.06,   223.27
  350.37,   352.17,   348.07
  348.51,   353.87,   473.12
  355.77,   474.73,   221.42
  353.75,   476.86,   346.11
  351.89,   478.77,   471.31
  472.21,   222.49,   226.48
  471.11,   224.64,   350.68
  470.07,   226.29,   475.15
  476.66,   346.59,   224.77
  474.97,   348.60,   349.54
  473.17,   350.63,   474.34
  480.84,   471.39,   222.40
  479.21,   472.97,   347.32
  477.16,   475.45,   473.08
  597.60,   217.97,   227.97
  597.09,   219.95,   351.90
  595.99,   222.13,   476.37
  601.96,   342.24,   225.37
  600.83,   343.97,   350.10
  599.41,   346.50,   475.33
  606.29,   467.18,   222.90
  604.36,   468.99,   347.94
  603.33,   471.65,   473.79
  348.44,   224.04,   349.70
  348.18,   221.81,   474.81
  348.16,   220.13,   600.19
  346.88,   348.52,   352.32
  346.51,   347.02,   477.19
  346.98,   345.21,   602.27
  345.49,   473.14,   353.80
  345.17,   471.69,   479.03
  345.44,   470.51,   603.83
  472.63,   226.04,   350.14
  472.75,   223.99,   474.55
  473.31,   221.63,   600.11
  471.39,   349.74,   352.49
  471.02,   348.32,   477.52
  471.84,   347.15,   602.98
  470.71,   474.44,   354.28
  469.98,   473.43,   479.67
  470.52,   472.28,   604.86
  598.59,   226.18,   350.13
  599.00,   224.25,   474.49
  598.78,   222.92,   600.01
  597.45,   350.21,   351.76
  597.51,   349.05,   476.92
  597.86,   348.19,   603.00
  596.35,   475.23,   353.15
  596.01,   474.22,   478.96
  596.84,   473.33,   605.42
  351.07,   225.89,   473.58
  354.12,   222.23,   598.91
  357.02,   218.93,   724.92
  349.50,   351.02,   478.19
  353.00,   347.47,   603.16
  356.95,   343.50,   728.59
  348.08,   475.83,   481.70
  351.71,   472.69,   606.77
  356.30,   469.07,   731.79
  475.91,   228.05,   470.12
  479.19,   223.55,   595.75
  482.74,   219.38,   721.75
  474.04,   352.47,   475.39
  477.94,   349.27,   600.89
  481.94,   345.47,   726.36
  473.13,   477.55,   479.39
  476.57,   474.39,   604.94
  480.48,   471.08,   730.00
  601.88,   228.42,   467.02
  605.02,   225.07,   592.43
  607.20,   221.59,   718.37
  600.37,   353.26,   471.58
  603.93,   350.33,   597.60
  607.37,   347.31,   723.68
  599.24,   478.32,   475.69
  603.00,   475.45,   602.11
  606.85,   471.81,   728.05
  347.93,   224.76,   600.81
  346.52,   224.55,   726.99
  346.22,   224.39,   851.84
  350.21,   350.15,   601.94
  350.17,   349.63,   727.26
  349.44,   349.48,   851.96
  352.13,   475.27,   602.41
  352.81,   474.90,   727.31
  352.08,   475.05,   852.32
  472.98,   222.79,   601.24
  472.40,   221.43,   727.76
  470.94,   221.36,   852.93
  475.04,   348.49,   603.23
  475.17,   347.73,   729.06
  474.03,   347.23,   853.59
  477.13,   473.49,   604.08
  477.19,   473.45,   729.45
  476.85,   473.00,   854.56
  598.61,   220.70,   601.91
  597.20,   220.23,   728.16
  595.20,   220.35,   853.69
  601.24,   345.85,   603.86
  600.82,   346.17,   729.98
  599.10,   345.87,   854.90
  603.29,   471.19,   605.34
  603.59,   470.69,   731.42
  602.51,   469.92,   855.60
  349.58,   351.00,    98.64
  348.23,   349.79,   223.76
  345.86,   349.15,   348.51
  351.85,   475.78,    99.24
  350.95,   474.54,   224.58
  348.31,   474.03,   349.28
  354.84,   600.41,    99.74
  353.21,   600.47,   224.29
  350.79,   599.49,   349.09
  474.65,   348.74,   100.31
  473.18,   347.63,   225.70
  470.55,   347.20,   350.32
  477.68,   473.69,   100.73
  476.04,   472.31,   226.27
  473.17,   471.47,   351.01
  479.89,   598.37,   101.91
  478.13,   597.89,   226.18
  476.23,   597.22,   350.84
  600.75,   345.89,   102.24
  598.52,   344.60,   226.68
  596.31,   344.02,   351.69
  603.66,   470.53,   102.84
  600.95,   469.77,   227.27
  598.73,   469.09,   351.76
  604.85,   595.59,   104.06
  602.29,   595.95,   228.71
  600.93,   595.60,   352.32
  348.51,   350.76,   227.20
  349.53,   351.55,   351.86
  351.11,   351.95,   476.79
  351.47,   475.66,   226.70
  352.34,   476.11,   351.42
  353.62,   476.94,   476.16
  354.34,   601.30,   225.46
  355.35,   601.72,   349.94
  356.66,   601.83,   474.85
  473.43,   348.05,   225.58
  474.24,   348.84,   350.42
  475.79,   349.72,   475.43
  476.68,   472.73,   224.90
  477.71,   473.04,   349.57
  478.62,   474.32,   475.03
  479.32,   598.65,   223.73
  481.02,   599.14,   348.28
  482.19,   599.76,   473.30
  598.95,   344.62,   223.18
  600.03,   345.28,   348.15
  601.76,   346.19,   473.41
  601.76,   469.74,   222.65
  603.02,   470.19,   347.18
  604.66,   471.53,   473.20
  603.67,   596.01,   222.79
  605.66,   596.54,   346.26
  607.51,   597.61,   471.65
  349.87,   350.84,   349.10
  352.18,   352.30,   474.29
  355.25,   353.50,   599.31
  347.70,   475.69,   348.06
  349.37,   476.86,   473.08
  352.60,   478.72,   597.91
  345.19,   601.19,   346.49
  347.40,   601.96,   471.20
  349.91,   603.36,   596.15
  474.50,   353.33,   347.01
  476.86,   355.09,   472.13
  480.04,   356.34,   597.59
  472.53,   477.75,   345.44
  474.57,   479.50,   471.07
  477.46,   481.80,   596.52
  470.76,   603.55,   343.52
  472.91,   604.79,   468.44
  475.21,   606.31,   594.01
  600.63,   354.90,   343.52
  603.08,   356.52,   468.89
  606.25,   358.81,   594.66
  597.91,   480.08,   342.01
  600.67,   482.14,   467.80
  603.75,   484.04,   594.26
  595.20,   606.73,   340.61
  598.16,   608.08,   465.47
  601.14,   608.91,   592.41
  350.05,   347.86,   477.31
  352.51,   344.85,   602.42
  355.09,   341.82,   727.78
  350.26,   473.05,   480.54
  352.44,   470.15,   605.37
  355.82,   467.13,   730.38
  350.58,   597.80,   482.61
  352.51,   594.94,   607.53
  355.20,   592.68,   733.29
  474.84,   348.21,   475.48
  477.38,   345.09,   600.99
  480.14,   341.97,   726.54
  475.18,   473.13,   478.92
  477.48,   470.36,   604.67
  480.33,   467.72,   729.85
  476.25,   597.92,   480.78
  477.53,   595.16,   606.68
  479.29,   591.84,   732.99
  601.01,   347.22,   473.13
  603.40,   344.88,   599.00
  605.67,   342.59,   725.20
  601.46,   472.56,   476.54
  603.64,   469.95,   603.16
  606.71,   467.04,   728.97
  601.53,   598.65,   478.97
  603.83,   595.33,   605.47
  606.04,   590.85,   731.62
  348.29,   349.95,   600.93
  348.25,   351.52,   726.31
  347.87,   353.35,   850.75
  346.89,   475.17,   599.43
  347.63,   477.08,   724.51
  346.94,   478.96,   849.63
  345.47,   600.21,   596.91
  345.55,   602.23,   722.49
  345.55,   604.41,   848.37
  473.03,   351.68,   602.11
  473.38,   353.13,   727.72
  472.52,   354.56,   852.59
  471.94,   477.16,   601.09
  471.81,   478.63,   726.27
  471.72,   480.61,   851.28
  470.74,   601.86,   598.33
  469.65,   602.83,   724.73
  469.90,   604.83,   850.21
  599.44,   353.06,   602.65
  599.14,   355.08,   728.95
  597.81,   356.31,   853.77
  598.01,   477.92,   601.97
  598.12,   479.42,   727.96
  597.55,   480.56,   852.51
  596.57,   603.35,   600.07
  596.37,   603.07,   726.40
  595.50,   604.37,   851.19
  350.25,   475.09,   100.44
  351.83,   475.91,   225.81
  351.64,   477.19,   350.67
  350.63,   600.03,    99.14
  351.68,   601.57,   224.10
  351.91,   602.49,   348.80
  350.99,   725.32,    97.58
  351.41,   727.76,   221.95
  352.67,   728.26,   346.70
  476.14,   475.27,    99.77
  476.82,   475.64,   224.99
  476.92,   476.77,   349.80
  476.07,   600.20,    98.86
  476.89,   601.57,   223.23
  477.56,   602.71,   347.48
  475.28,   725.32,    98.47
  476.04,   727.26,   221.39
  477.74,   728.89,   345.40
  601.95,   474.36,    98.74
  601.88,   475.58,   223.32
  602.37,   476.73,   347.93
  600.94,   599.55,    98.20
  601.03,   601.86,   223.19
  602.21,   602.97,   346.59
  599.44,   725.65,    98.66
  600.54,   727.19,   222.44
  602.35,   729.40,   344.88
  351.33,   473.06,   224.85
  349.15,   476.65,   349.54
  346.90,   479.89,   474.38
  350.24,   598.93,   220.77
  348.34,   601.84,   345.69
  346.27,   604.95,   470.41
  348.52,   724.86,   216.49
  347.53,   727.50,   341.44
  345.77,   729.50,   466.43
  476.48,   474.52,   226.24
  474.46,   477.34,   351.35
  472.05,   481.58,   476.60
  475.23,   600.33,   222.47
  473.58,   603.16,   347.01
  471.68,   606.74,   471.78
  473.27,   725.93,   218.41
  472.42,   729.54,   342.27
  471.21,   731.74,   466.29
  601.81,   475.58,   226.81
  599.59,   478.84,   351.49
  598.26,   482.66,   477.57
  599.63,   601.47,   224.30
  598.28,   605.04,   348.07
  597.17,   608.81,   473.00
  597.63,   727.16,   221.73
  597.07,   731.32,   344.22
  596.42,   733.97,   467.84
  351.30,   474.55,   349.93
  351.48,   478.33,   474.55
  353.37,   482.38,   599.51
  354.04,   600.16,   345.65
  354.67,   603.11,   470.25
  355.68,   607.21,   594.96
  357.09,   725.85,   340.72
  358.15,   727.97,   465.62
  358.51,   731.49,   590.95
  476.20,   471.69,   348.75
  476.95,   476.03,   474.28
  478.30,   480.35,   599.93
  479.65,   597.43,   344.11
  480.23,   600.98,   469.04
  480.78,   604.91,   594.79
  482.01,   723.77,   339.53
  483.45,   726.17,   463.49
  483.58,   728.89,   589.22
  601.80,   469.01,   346.89
  602.68,   473.27,   472.95
  604.29,   477.42,   599.09
  604.30,   595.12,   343.16
  605.67,   599.31,   468.38
  606.93,   602.65,   594.83
  606.88,   721.50,   339.11
  608.68,   724.87,   462.86
  609.23,   727.31,   588.93
  347.87,   473.95,   476.62
  346.35,   472.50,   601.75
  345.05,   470.99,   726.73
  348.41,   598.70,   477.72
  346.15,   597.11,   602.49
  344.80,   596.15,   728.05
  349.71,   723.59,   478.57
  346.44,   721.68,   603.80
  343.32,   721.07,   729.48
  473.05,   473.81,   479.55
  471.05,   472.62,   605.06
  469.33,   471.24,   730.54
  473.96,   598.86,   479.82
  471.43,   597.55,   605.83
  468.79,   595.52,   732.05
  475.40,   724.01,   479.49
  471.79,   721.25,   605.78
  467.62,   719.45,   733.23
  599.05,   473.56,   481.62
  597.44,   472.08,   608.07
  595.83,   470.50,   733.84
  599.73,   599.35,   482.45
  597.11,   597.33,   609.07
  595.02,   594.16,   735.10
  600.34,   724.91,   482.16
  597.24,   721.80,   608.84
  593.52,   718.75,   736.12
  349.52,   475.89,   601.16
  347.23,   479.49,   726.44
  344.42,   483.36,   851.51
  347.45,   600.44,   596.94
  344.98,   604.71,   722.22
  342.00,   608.76,   848.14
  345.87,   725.10,   593.13
  341.74,   729.57,   718.37
  339.14,   734.68,   844.19
  474.23,   478.23,   605.79
  471.61,   481.99,   731.09
  468.64,   485.88,   855.88
  472.55,   602.92,   601.27
  468.94,   606.18,   727.05
  466.22,   610.02,   853.00
  471.19,   726.83,   595.60
  466.11,   730.20,   722.85
  463.00,   734.93,   849.59
  600.46,   479.73,   609.43
  597.74,   483.34,   735.26
  594.52,   486.34,   859.66
  598.54,   604.67,   605.24
  595.46,   607.02,   731.54
  592.19,   610.00,   856.02
  596.68,   729.35,   599.44
  591.50,   731.24,   726.83
  587.94,   734.80,   852.82
  351.84,   598.60,   102.00
  352.10,   600.93,   227.12
  351.42,   603.00,   351.72
  351.16,   723.91,    99.74
  350.92,   727.17,   223.97
  351.58,   728.34,   348.82
  350.31,   848.80,    97.08
  349.79,   852.52,   221.75
  350.70,   852.93,   346.66
  476.91,   599.13,   102.49
  477.30,   601.74,   226.76
  476.87,   603.60,   351.42
  475.84,   724.35,   100.91
  475.82,   727.32,   224.06
  476.41,   729.74,   348.14
  474.44,   849.37,    99.57
  473.91,   853.29,   222.88
  475.19,   853.44,   346.15
  601.88,   599.35,   102.70
  601.35,   602.40,   227.47
  601.88,   604.91,   350.86
  599.79,   725.26,   102.07
  600.06,   727.95,   225.93
  601.23,   730.79,   348.34
  599.31,   850.51,    99.22
  599.40,   853.39,   224.05
  600.84,   854.55,   346.31
  350.97,   599.90,   225.81
  350.88,   596.44,   350.69
  351.09,   593.10,   475.35
  349.08,   725.61,   227.78
  349.62,   721.96,   352.56
  350.30,   717.91,   477.53
  346.62,   851.04,   230.90
  347.91,   846.18,   355.57
  348.62,   841.72,   480.74
  476.24,   601.23,   225.23
  476.41,   598.31,   349.92
  476.59,   595.29,   474.85
  473.63,   727.19,   227.61
  475.12,   724.12,   351.64
  475.61,   719.93,   475.67
  470.63,   852.66,   231.36
  472.88,   847.91,   354.55
  474.30,   842.86,   478.64
  600.30,   603.31,   225.48
  600.98,   600.18,   348.98
  602.11,   597.60,   474.31
  598.11,   729.09,   228.96
  599.61,   726.74,   351.56
  600.87,   722.85,   475.32
  596.18,   854.34,   232.05
  598.40,   850.55,   354.24
  599.48,   845.69,   477.73
  350.99,   598.51,   351.79
  348.18,   597.22,   476.48
  345.66,   596.87,   601.40
  350.18,   724.25,   351.40
  347.68,   722.01,   476.32
  344.53,   721.23,   601.41
  348.83,   848.32,   352.12
  346.47,   846.12,   477.16
  343.44,   845.65,   603.10
  476.42,   599.84,   353.80
  473.48,   599.04,   478.64
  470.90,   598.52,   604.59
  475.37,   725.79,   353.28
  473.25,   724.03,   477.36
  469.72,   722.61,   603.74
  473.35,   849.29,   353.94
  471.92,   846.34,   477.99
  468.79,   845.60,   603.95
  600.91,   601.39,   355.60
  599.08,   600.97,   480.89
  596.92,   599.77,   607.79
  600.17,   727.51,   355.83
  598.36,   726.44,   479.77
  595.12,   724.28,   606.39
  598.94,   851.38,   356.34
  597.43,   848.95,   479.87
  593.82,   847.80,   606.02
  350.16,   600.62,   473.49
  349.30,   601.73,   598.29
  348.52,   603.65,   723.79
  349.95,   725.35,   471.60
  347.94,   726.47,   596.64
  346.39,   728.40,   722.35
  349.01,   849.27,   470.66
  347.19,   850.47,   596.24
  344.85,   853.57,   721.80
  475.96,   602.22,   474.56
  474.12,   603.42,   600.37
  472.68,   604.16,   726.44
  475.69,   727.11,   471.41
  473.54,   727.55,   597.20
  470.66,   728.30,   724.79
  474.59,   849.74,   470.11
  472.74,   850.35,   595.93
  469.76,   854.01,   722.80
  601.34,   603.95,   475.76
  600.42,   604.76,   602.41
  599.12,   604.66,   728.54
  600.52,   729.45,   472.47
  598.91,   729.27,   598.80
  596.20,   728.97,   726.40
  600.07,   851.89,   470.80
  597.74,   852.67,   596.56
  594.66,   855.30,   724.38
  350.53,   598.97,   597.89
  352.30,   597.45,   723.18
  353.96,   595.95,   849.03
  347.23,   723.12,   599.41
  347.86,   722.27,   725.03
  349.65,   721.38,   851.23
  344.08,   847.21,   602.08
  344.12,   847.43,   727.49
  344.99,   847.94,   851.65
  475.46,   602.48,   597.25
  476.47,   600.20,   723.76
  478.50,   598.80,   849.15
  472.33,   726.54,   597.76
  471.86,   724.46,   725.00
  473.34,   723.42,   851.78
  469.53,   849.49,   599.48
  468.76,   849.89,   726.39
  469.09,   851.23,   852.14
  601.62,   606.04,   597.01
  603.03,   602.55,   723.36
  604.26,   600.23,   848.22
  597.86,   730.48,   596.79
  597.55,   727.17,   724.57
  598.83,   725.06,   850.02
  594.60,   853.63,   597.76
  593.89,   853.36,   725.36
  593.76,   853.59,   851.78
  472.95,    99.92,   100.63
  475.05,    99.63,   224.84
  477.16,   100.35,   348.15
  470.17,   225.11,    99.95
  471.33,   225.44,   225.04
  473.24,   225.98,   348.87
  467.65,   350.03,    99.02
  469.48,   349.67,   224.64
  470.67,   350.15,   349.46
  599.04,   102.41,    98.61
  600.56,   102.37,   222.90
  602.61,   103.74,   347.66
  595.28,   227.22,    98.22
  596.95,   227.38,   223.56
  599.31,   227.82,   347.54
  593.90,   352.00,    97.78
  595.23,   351.85,   222.11
  596.53,   352.11,   347.14
  724.78,   105.05,    95.70
  726.34,   105.43,   221.78
  728.01,   106.62,   347.76
  721.44,   229.79,    96.76
  722.86,   229.29,   221.34
  725.83,   228.32,   345.35
  719.25,   354.24,    96.06
  720.27,   354.03,   219.40
  722.57,   353.64,   344.01
  475.89,    99.39,   223.46
  477.55,    96.23,   346.59
  478.53,    93.67,   471.37
  474.48,   225.08,   226.97
  475.52,   222.19,   351.03
  477.13,   218.64,   475.26
  474.72,   349.29,   230.17
  475.13,   346.05,   354.91
  475.96,   343.38,   479.93
  601.67,   100.02,   222.13
  603.15,    97.42,   346.71
  603.84,    94.94,   471.96
  599.86,   225.08,   226.15
  601.83,   221.75,   350.19
  603.23,   218.72,   474.20
  600.13,   349.37,   228.59
  600.89,   346.06,   353.25
  602.47,   343.18,   478.57
  726.96,   101.12,   221.62
  728.24,    98.99,   347.53
  728.51,    95.22,   473.07
  726.16,   224.65,   224.82
  728.70,   220.25,   348.99
  729.92,   217.16,   473.01
  725.72,   349.43,   226.05
  727.56,   345.11,   350.84
  729.37,   341.90,   476.35
  476.44,   100.87,   348.57
  474.41,   101.08,   473.29
  471.32,   100.97,   598.83
  475.33,   226.89,   349.69
  473.29,   226.43,   473.99
  471.40,   225.68,   599.67
  475.16,   350.69,   350.48
  472.60,   350.94,   475.60
  471.01,   350.99,   601.16
  602.21,   101.49,   351.89
  599.66,   101.83,   477.29
  596.40,   100.64,   602.53
  601.54,   225.84,   352.24
  599.52,   225.66,   476.46
  596.81,   225.82,   601.91
  601.12,   349.83,   352.03
  598.86,   350.41,   477.27
  597.07,   351.18,   603.49
  727.29,   102.17,   356.56
  724.26,   101.48,   481.62
  720.78,   100.52,   605.87
  728.31,   223.73,   354.57
  726.31,   223.85,   478.61
  722.33,   225.81,   604.43
  727.83,   348.68,   353.26
  725.75,   348.81,   479.00
  723.36,   350.41,   605.19
  476.42,   101.01,   473.50
  478.42,   101.66,   599.45
  480.22,   102.05,   725.99
  477.30,   226.01,   473.86
  480.03,   226.46,   599.37
  482.77,   226.45,   725.61
  478.80,   350.56,   474.24
  481.91,   351.81,   599.47
  484.76,   352.94,   725.38
  601.90,    99.71,   473.06
  603.08,    99.58,   598.22
  604.87,    99.40,   723.33
  603.66,   223.66,   471.52
  605.93,   224.52,   596.72
  607.67,   225.87,   723.24
  605.11,   348.02,   471.16
  608.02,   349.67,   597.20
  610.74,   351.62,   723.29
  726.38,    97.58,   472.64
  727.66,    97.16,   597.14
  729.69,    97.55,   720.93
  730.46,   219.53,   468.83
  731.29,   222.13,   594.15
  731.55,   225.81,   720.13
  731.88,   344.21,   467.84
  734.48,   346.81,   594.02
  736.65,   349.85,   719.88
  475.88,   101.58,   600.86
  475.22,    99.63,   727.33
  475.17,    98.36,   852.67
  477.04,   226.43,   603.07
  477.22,   224.31,   729.26
  476.44,   223.00,   854.70
  477.81,   351.95,   605.78
  478.73,   350.44,   731.62
  478.64,   348.85,   856.24
  600.73,   100.15,   601.88
  600.02,    97.77,   727.07
  599.97,    96.18,   851.63
  602.64,   225.30,   602.73
  601.82,   224.30,   729.15
  600.48,   223.17,   854.50
  604.12,   350.74,   605.88
  604.40,   350.13,   732.02
  603.59,   348.76,   856.63
  725.24,    98.66,   602.91
  724.75,    96.80,   726.71
  725.24,    95.98,   851.23
  728.05,   224.10,   602.85
  725.78,   224.88,   728.85
  724.62,   224.18,   853.61
  730.65,   348.53,   605.15
  730.33,   348.93,   731.00
  729.29,   348.93,   855.85
  474.62,   226.80,   101.99
  476.02,   230.22,   227.25
  477.71,   233.93,   350.92
  476.05,   351.91,    98.41
  477.52,   354.51,   223.78
  478.31,   357.73,   348.38
  477.35,   476.81,    95.10
  478.89,   479.27,   220.10
  479.60,   481.99,   345.10
  600.06,   225.68,   100.65
  601.49,   228.91,   225.76
  603.79,   231.94,   349.44
  601.87,   350.20,    96.89
  603.43,   353.06,   221.52
  604.27,   356.06,   345.97
  603.69,   475.01,    93.72
  604.08,   478.21,   218.08
  604.94,   481.49,   342.46
  726.33,   224.55,    99.19
  727.83,   227.10,   223.90
  730.51,   229.12,   347.91
  727.59,   349.02,    95.79
  728.38,   351.58,   218.86
  730.74,   354.21,   343.06
  728.47,   473.29,    92.32
  728.38,   478.37,   215.72
  730.14,   480.86,   340.01
  472.02,   225.72,   224.14
  473.66,   223.65,   347.89
  475.48,   220.33,   472.13
  469.48,   350.19,   226.61
  470.23,   347.20,   351.47
  471.34,   345.02,   476.37
  466.59,   474.74,   229.20
  467.23,   471.70,   353.98
  468.12,   469.56,   479.57
  597.53,   228.65,   222.92
  599.40,   225.99,   346.67
  601.67,   223.16,   470.70
  595.10,   352.83,   224.52
  595.87,   350.07,   349.17
  597.53,   347.74,   474.65
  591.85,   477.95,   226.95
  592.53,   475.06,   351.93
  594.26,   473.02,   477.80
  723.54,   231.13,   221.12
  726.27,   227.18,   345.05
  728.13,   224.57,   469.11
  720.31,   355.80,   221.67
  722.33,   352.10,   346.54
  724.39,   349.63,   471.97
  715.93,   482.13,   224.84
  717.62,   478.79,   349.59
  719.96,   475.93,   475.84
  474.70,   227.64,   348.74
  474.33,   224.74,   472.91
  473.55,   220.95,   598.74
  476.99,   351.45,   351.95
  475.61,   349.20,   477.01
  475.13,   346.57,   602.47
  479.43,   475.86,   354.88
  477.69,   473.88,   479.95
  477.13,   471.64,   605.52
  601.00,   224.53,   349.74
  600.19,   221.96,   473.88
  599.10,   219.37,   599.52
  602.74,   348.60,   352.11
  602.07,   346.41,   477.67
  601.34,   344.61,   603.35
  604.64,   473.92,   354.82
  603.81,   471.56,   480.77
  603.57,   469.67,   607.21
  727.59,   220.46,   350.28
  726.84,   217.67,   474.77
  724.63,   217.13,   600.11
  729.17,   345.16,   351.79
  728.68,   342.41,   477.22
  727.59,   341.75,   603.78
  730.01,   471.68,   354.82
  729.82,   468.95,   480.96
  730.06,   466.58,   607.73
  475.44,   226.62,   475.38
  474.09,   226.10,   600.96
  472.56,   225.68,   727.39
  471.67,   350.90,   476.60
  470.94,   351.41,   601.84
  469.94,   351.89,   727.79
  469.17,   475.84,   476.35
  467.80,   476.75,   601.72
  467.06,   477.19,   727.10
  601.18,   228.63,   477.12
  599.60,   229.13,   602.40
  597.80,   229.62,   728.98
  597.95,   353.31,   477.54
  596.99,   354.23,   603.30
  595.61,   355.36,   729.77
  595.14,   478.68,   477.51
  593.96,   479.65,   603.92
  593.14,   479.89,   729.77
  728.12,   229.69,   478.36
  725.35,   231.98,   604.00
  721.68,   234.89,   729.92
  724.88,   354.59,   478.11
  723.23,   356.48,   604.57
  721.91,   358.75,   730.26
  721.14,   481.23,   478.57
  720.38,   481.80,   605.21
  720.43,   481.30,   730.57
  475.72,   223.61,   599.05
  473.70,   222.88,   725.61
  471.00,   223.24,   850.85
  478.56,   349.08,   600.52
  477.20,   348.84,   726.00
  475.08,   349.01,   851.01
  481.92,   474.16,   600.71
  480.21,   474.63,   725.99
  478.57,   474.73,   851.21
  601.18,   220.36,   601.20
  598.44,   220.40,   727.59
  594.89,   221.39,   852.81
  604.75,   345.44,   602.44
  602.84,   346.54,   728.56
  599.63,   346.58,   853.32
  608.29,   470.68,   603.33
  606.83,   470.91,   729.12
  604.14,   470.82,   853.66
  726.47,   216.67,   603.11
  722.10,   219.19,   729.29
  718.60,   220.04,   854.27
  731.04,   341.39,   603.99
  728.58,   343.47,   729.86
  725.32,   344.90,   854.59
  734.58,   466.39,   605.10
  734.00,   466.21,   730.13
  731.69,   467.93,   855.13
  475.63,   349.30,    98.94
  477.17,   345.11,   224.10
  477.85,   341.17,   349.20
  473.86,   473.99,   102.78
  475.59,   469.61,   227.81
  476.05,   465.42,   352.85
  471.97,   598.66,   106.68
  473.24,   595.30,   231.32
  474.77,   591.38,   355.70
  601.26,   350.90,    97.77
  602.56,   346.51,   221.90
  603.72,   342.79,   346.68
  600.08,   475.42,   101.39
  600.82,   471.70,   225.44
  601.67,   467.67,   350.21
  597.02,   600.40,   105.82
  597.83,   597.47,   230.06
  599.36,   594.11,   353.65
  727.12,   352.10,    96.36
  727.80,   348.08,   219.42
  730.26,   343.29,   344.00
  724.98,   476.63,    99.83
  725.17,   474.19,   223.29
  727.08,   470.04,   347.85
  721.65,   602.55,   104.61
  721.90,   600.80,   229.57
  723.70,   596.98,   352.82
  473.30,   350.18,   227.12
  469.96,   348.94,   351.92
  467.15,   348.47,   476.84
  473.41,   474.90,   227.96
  470.01,   473.54,   353.22
  466.93,   473.25,   478.44
  472.63,   600.48,   228.55
  469.92,   599.25,   353.27
  467.10,   598.12,   478.11
  598.95,   349.99,   228.83
  595.95,   348.99,   353.83
  593.35,   348.27,   478.99
  598.31,   475.36,   229.93
  595.51,   473.98,   354.49
  592.72,   473.77,   480.63
  596.87,   601.36,   231.65
  594.59,   600.49,   355.47
  592.58,   599.71,   480.43
  724.33,   350.18,   230.06
  722.48,   348.05,   354.77
  720.35,   347.37,   480.45
  722.68,   476.52,   231.30
  720.76,   474.75,   356.13
  718.97,   473.72,   482.43
  721.20,   603.00,   234.65
  718.93,   601.62,   358.17
  717.39,   600.50,   483.70
  472.86,   348.80,   351.98
  469.10,   347.73,   476.96
  466.46,   346.66,   602.73
  474.06,   473.15,   353.52
  470.07,   472.54,   478.88
  466.76,   471.68,   604.29
  475.44,   599.06,   353.84
  471.52,   597.71,   479.08
  467.73,   596.58,   604.69
  598.39,   347.40,   354.77
  595.42,   346.48,   480.11
  592.15,   345.83,   606.05
  599.45,   472.37,   356.13
  596.07,   471.83,   481.93
  593.05,   471.00,   608.09
  600.20,   598.74,   357.01
  596.94,   597.43,   482.29
  593.44,   596.00,   609.02
  724.98,   344.90,   356.88
  722.22,   343.77,   482.31
  718.80,   344.18,   608.51
  724.54,   471.48,   358.12
  722.14,   469.96,   484.69
  719.87,   468.91,   611.43
  724.63,   598.38,   360.97
  721.88,   597.31,   486.70
  720.06,   594.42,   612.35
  474.66,   350.86,   474.88
  472.55,   347.78,   600.43
  470.84,   344.01,   725.94
  472.13,   475.73,   478.63
  469.77,   472.98,   604.23
  467.95,   469.52,   729.36
  469.83,   600.89,   480.59
  466.89,   597.41,   606.30
  464.16,   593.99,   732.49
  600.69,   353.16,   477.22
  598.70,   350.13,   602.74
  596.60,   347.70,   729.05
  597.79,   478.15,   480.85
  595.97,   475.36,   607.06
  594.16,   472.36,   732.96
  595.14,   604.29,   483.19
  592.91,   600.25,   609.74
  590.42,   595.83,   736.14
  727.43,   353.80,   478.83
  724.91,   352.14,   604.79
  722.48,   350.65,   730.78
  723.83,   480.31,   482.85
  722.43,   477.26,   609.70
  721.45,   473.47,   734.55
  720.38,   607.42,   486.55
  718.90,   602.92,   612.78
  717.61,   597.17,   737.66
  475.71,   351.37,   600.02
  475.59,   348.99,   725.55
  474.50,   346.70,   850.53
  478.53,   476.60,   602.63
  478.16,   474.60,   728.10
  477.43,   472.70,   853.13
  481.44,   601.06,   604.02
  479.92,   598.70,   730.42
  479.86,   597.05,   855.80
  601.79,   348.46,   600.77
  601.21,   346.80,   726.90
  599.35,   344.79,   852.02
  604.51,   473.53,   604.07
  604.48,   471.24,   730.04
  603.43,   468.91,   854.43
  607.44,   598.28,   605.72
  606.54,   594.78,   732.06
  605.92,   592.55,   856.46
  728.28,   344.46,   601.08
  727.12,   344.53,   727.12
  725.00,   343.18,   851.76
  731.43,   469.55,   604.69
  731.98,   466.93,   729.73
  730.87,   466.52,   854.70
  733.60,   595.08,   606.73
  733.77,   590.67,   731.76
  733.33,   590.20,   856.42
  476.08,   477.33,    98.40
  479.60,   477.49,   223.75
  482.70,   477.73,   348.33
  478.66,   601.91,    98.13
  482.09,   602.86,   222.32
  485.42,   603.58,   346.55
  480.22,   727.02,    98.05
  483.52,   728.75,   220.95
  488.15,   729.98,   344.61
  602.04,   473.93,    95.02
  604.72,   474.65,   219.36
  608.00,   475.21,   343.78
  603.58,   599.32,    94.69
  606.22,   600.94,   219.27
  610.30,   601.74,   342.77
  604.30,   724.93,    95.03
  607.88,   726.27,   219.37
  612.49,   727.68,   341.77
  726.96,   470.56,    91.34
  729.36,   472.85,   214.91
  733.14,   473.01,   339.40
  728.11,   596.33,    91.53
  730.69,   599.53,   216.61
  734.37,   599.86,   340.12
  728.98,   722.80,    91.03
  732.81,   723.95,   217.67
  736.76,   725.29,   340.38
  475.62,   473.19,   223.55
  475.08,   472.90,   348.74
  474.72,   473.08,   474.03
  474.82,   598.94,   223.37
  474.89,   598.66,   347.83
  474.59,   598.16,   472.73
  473.27,   724.75,   222.92
  474.49,   724.55,   346.79
  475.00,   723.27,   471.21
  600.84,   473.73,   222.41
  600.33,   473.46,   347.23
  600.60,   473.52,   473.33
  599.12,   599.79,   223.62
  599.42,   599.51,   347.21
  600.23,   599.84,   472.64
  597.98,   725.26,   224.28
  599.16,   726.12,   346.99
  600.00,   725.13,   470.73
  725.17,   475.12,   221.60
  725.49,   474.25,   345.92
  726.62,   473.53,   472.40
  723.43,   601.49,   224.23
  723.99,   600.96,   347.46
  725.08,   600.85,   473.02
  722.43,   726.00,   226.45
  723.32,   726.70,   348.80
  724.24,   726.43,   472.15
  475.70,   474.66,   349.98
  472.09,   475.40,   474.96
  469.81,   476.68,   600.68
  476.60,   600.33,   348.65
  473.66,   600.74,   473.49
  470.25,   601.12,   599.35
  477.57,   726.49,   346.95
  474.99,   725.62,   471.27
  471.20,   724.99,   597.06
  600.94,   473.69,   351.40
  598.10,   474.54,   477.63
  595.80,   475.56,   603.73
  601.29,   599.92,   351.13
  599.26,   600.52,   476.23
  596.36,   600.91,   602.85
  602.50,   726.30,   350.12
  600.25,   726.06,   474.07
  596.65,   725.60,   600.60
  726.02,   473.17,   353.30
  724.14,   473.17,   479.80
  722.49,   473.96,   606.41
  726.01,   599.91,   354.43
  723.94,   600.34,   479.91
  722.45,   599.77,   605.71
  726.41,   725.39,   354.90
  724.46,   726.14,   478.20
  721.62,   725.54,   603.93
  473.21,   474.72,   474.20
  475.31,   474.27,   599.64
  478.10,   473.80,   725.16
  473.15,   600.04,   473.75
  474.71,   599.00,   599.44
  476.20,   597.82,   725.87
  472.95,   724.89,   472.57
  473.88,   723.10,   598.90
  474.24,   721.97,   726.40
  599.10,   475.37,   471.49
  601.76,   474.94,   597.91
  604.61,   474.48,   724.03
  598.38,   601.45,   471.58
  600.78,   600.20,   598.41
  602.99,   597.82,   724.75
  597.95,   727.03,   470.98
  599.18,   724.87,   597.37
  599.96,   722.33,   724.60
  725.20,   475.64,   469.16
  728.20,   475.14,   595.76
  731.89,   473.58,   720.61
  723.17,   602.86,   470.54
  726.47,   600.76,   596.54
  729.95,   597.60,   721.69
  722.02,   728.49,   470.46
  724.11,   726.90,   595.88
  726.04,   723.35,   721.99
  474.89,   474.17,   602.37
  474.60,   474.88,   727.80
  473.74,   475.40,   852.61
  471.76,   598.56,   600.62
  470.17,   598.84,   726.96
  469.93,   599.93,   852.53
  468.40,   722.81,   598.61
  465.43,   723.22,   725.85
  464.45,   724.30,   852.18
  601.43,   477.24,   604.04
  600.79,   477.71,   729.89
  599.75,   478.14,   854.18
  597.49,   602.37,   602.72
  596.50,   601.29,   728.98
  595.50,   601.63,   853.94
  593.81,   726.77,   599.94
  591.03,   725.83,   727.73
  589.75,   726.55,   853.27
  728.15,   479.87,   604.62
  728.54,   479.45,   729.94
  726.85,   482.08,   854.98
  723.74,   605.32,   603.82
  723.87,   603.72,   729.15
  722.87,   605.64,   853.80
  718.51,   731.44,   601.83
  717.23,   729.59,   728.12
  715.88,   729.98,   852.63
  473.68,   601.93,   100.97
  475.61,   602.20,   225.61
  477.65,   602.21,   349.89
  473.19,   726.85,   101.52
  475.09,   728.41,   224.43
  477.99,   728.58,   348.28
  472.52,   851.94,   101.87
  474.05,   854.08,   225.12
  477.37,   852.21,   348.39
  598.62,   601.15,    99.65
  600.11,   602.45,   224.12
  602.44,   602.74,   347.59
  597.32,   727.01,   100.66
  599.46,   727.85,   224.14
  602.58,   728.85,   347.16
  597.48,   852.10,    99.41
  599.72,   853.39,   224.31
  603.08,   852.65,   346.74
  723.52,   600.73,    97.65
  724.29,   603.22,   222.57
  726.72,   603.33,   346.25
  721.97,   727.47,    98.45
  724.23,   727.47,   224.41
  726.63,   728.50,   347.17
  721.60,   851.62,    96.14
  723.90,   852.18,   224.07
  727.44,   852.82,   345.79
  474.58,   600.59,   224.96
  477.61,   598.03,   349.46
  480.32,   595.44,   474.40
  473.10,   726.45,   226.79
  476.86,   723.87,   350.46
  480.68,   720.44,   474.94
  471.22,   851.98,   229.85
  476.05,   847.72,   352.95
  480.14,   843.41,   477.11
  598.56,   601.54,   222.61
  602.32,   598.99,   345.85
  605.79,   596.79,   471.16
  597.30,   727.22,   225.30
  601.58,   725.51,   347.85
  605.69,   722.54,   471.84
  596.69,   852.48,   228.11
  601.27,   849.42,   350.00
  605.39,   845.65,   473.34
  722.84,   603.13,   219.93
  726.38,   600.44,   343.38
  730.45,   597.90,   468.78
  721.84,   727.49,   224.35
  725.99,   725.85,   346.72
  729.74,   724.00,   469.92
  720.89,   852.23,   226.32
  725.46,   850.15,   348.20
  729.50,   847.69,   470.77
  475.88,   599.45,   350.10
  477.96,   601.02,   474.70
  479.90,   602.87,   600.73
  479.13,   725.61,   346.93
  481.63,   726.13,   471.04
  482.96,   726.89,   597.20
  481.15,   849.52,   345.26
  484.33,   848.82,   469.10
  485.63,   849.91,   595.01
  600.78,   597.24,   347.65
  603.46,   599.10,   472.59
  606.02,   600.60,   599.20
  603.57,   723.34,   345.51
  606.53,   724.47,   469.15
  608.26,   725.15,   595.52
  606.53,   847.55,   343.69
  609.56,   847.59,   466.50
  611.09,   848.57,   592.27
  725.25,   595.18,   345.58
  728.36,   596.51,   471.01
  731.70,   597.52,   597.25
  727.60,   720.28,   345.03
  730.53,   722.63,   468.52
  733.17,   723.56,   593.70
  730.91,   844.76,   342.71
  733.94,   846.47,   465.09
  735.66,   848.27,   590.56
  476.81,   600.77,   475.31
  477.86,   602.05,   600.94
  479.38,   602.49,   727.58
  479.63,   726.10,   472.42
  480.35,   725.81,   598.68
  480.05,   726.44,   726.04
  482.28,   848.57,   471.31
  483.13,   848.70,   597.40
  482.80,   851.99,   724.51
  602.38,   599.30,   473.53
  603.96,   599.83,   600.02
  605.72,   599.47,   726.52
  605.02,   724.71,   470.75
  605.88,   724.66,   597.16
  606.17,   723.58,   724.87
  607.70,   847.73,   469.52
  608.36,   847.99,   595.09
  607.52,   849.81,   723.08
  727.08,   597.47,   472.86
  730.11,   597.20,   598.52
  732.93,   595.62,   723.66
  728.75,   723.46,   470.82
  730.70,   723.10,   596.21
  732.09,   721.74,   722.29
  731.67,   847.20,   468.72
  732.74,   848.18,   593.83
  732.58,   847.89,   721.11
  474.98,   600.02,   600.03
  474.10,   597.06,   726.21
  474.11,   594.62,   851.84
  476.45,   724.12,   601.15
  473.92,   721.25,   728.63
  473.52,   718.89,   855.01
  477.81,   847.44,   603.77
  474.88,   846.74,   730.74
  473.49,   846.86,   856.71
  601.17,   599.39,   601.38
  600.42,   595.18,   727.88
  599.98,   591.78,   852.31
  601.76,   724.05,   602.45
  599.65,   719.23,   730.06
  598.98,   716.31,   855.45
  603.01,   847.48,   604.12
  600.00,   845.81,   731.91
  598.10,   844.52,   857.99
  727.30,   597.76,   602.49
  727.82,   592.43,   727.41
  727.50,   591.24,   851.95
  726.91,   723.72,   603.86
  725.85,   718.18,   729.95
  725.33,   715.36,   854.42
  727.35,   848.40,   605.27
  724.80,   844.63,   732.65
  722.70,   841.94,   858.00
  598.95,    99.49,    98.83
  600.51,    97.29,   222.79
  602.53,    96.36,   347.55
  595.96,   224.46,   100.67
  597.22,   222.35,   225.64
  599.53,   220.78,   349.37
  594.60,   349.02,   101.94
  596.07,   346.98,   226.50
  597.10,   344.94,   351.30
  724.88,   101.66,    95.73
  726.05,   100.11,   221.84
  727.83,    99.60,   348.10
  721.98,   226.35,    99.02
  723.40,   224.04,   223.85
  726.43,   221.06,   347.84
  720.26,   350.57,   100.69
  721.43,   348.42,   223.75
  723.44,   345.61,   348.27
  848.65,   104.12,    95.51
  849.63,   102.77,   221.62
  852.04,   101.38,   347.02
  847.17,   229.15,    98.43
  847.39,   226.42,   221.89
  851.04,   222.15,   345.14
  846.76,   354.04,    98.70
  846.42,   351.96,   221.44
  848.72,   348.03,   346.19
  601.04,    99.78,   226.46
  603.27,   103.43,   350.97
  604.93,   106.75,   475.94
  596.81,   224.66,   224.43
  598.84,   227.92,   348.25
  601.25,   230.49,   472.48
  594.35,   348.94,   220.76
  595.59,   351.93,   345.37
  597.30,   355.16,   470.43
  726.80,   103.54,   225.52
  728.32,   107.32,   351.23
  729.85,   109.34,   476.01
  722.84,   227.26,   222.27
  725.89,   229.03,   346.41
  727.95,   232.02,   470.61
  719.61,   351.66,   217.68
  721.80,   354.12,   342.27
  723.96,   356.91,   467.72
  850.00,   107.41,   224.73
  852.82,   109.73,   349.59
  855.60,   112.29,   473.71
  846.68,   231.04,   220.01
  850.58,   231.58,   343.41
  853.32,   233.83,   467.55
  844.73,   356.64,   215.18
  846.96,   357.53,   339.91
  848.92,   359.17,   465.56
  598.72,   101.43,   348.48
  597.01,    98.80,   473.47
  594.55,    94.83,   598.78
  595.80,   225.55,   351.82
  594.43,   222.56,   475.98
  592.52,   219.85,   601.35
  593.66,   349.62,   354.53
  591.79,   347.46,   479.62
  590.46,   345.16,   605.54
  723.99,   103.78,   352.18
  721.71,   100.67,   477.29
  718.69,    96.54,   602.12
  722.50,   225.51,   353.18
  721.03,   222.93,   477.47
  718.24,   222.02,   603.04
  719.87,   350.59,   354.77
  718.70,   347.66,   480.47
  717.03,   346.56,   606.69
  848.48,   105.55,   354.43
  847.50,   102.07,   478.84
  845.28,    98.33,   603.03
  847.59,   226.84,   353.71
  847.05,   223.31,   478.43
  843.48,   223.17,   604.33
  845.25,   352.20,   356.17
  844.01,   348.67,   481.81
  841.96,   348.17,   608.50
  600.58,   102.07,   475.33
  597.57,   102.40,   600.74
  594.98,   102.29,   725.85
  603.69,   225.91,   473.67
  601.86,   227.11,   599.51
  599.11,   228.75,   725.66
  607.18,   350.68,   473.57
  605.35,   352.50,   599.61
  603.58,   354.42,   725.94
  724.95,    98.22,   479.85
  721.84,    98.01,   604.31
  719.28,    98.98,   727.74
  730.66,   220.32,   475.74
  727.15,   223.39,   601.14
  723.15,   227.17,   727.25
  733.77,   345.23,   474.50
  731.69,   348.07,   601.14
  729.63,   351.18,   726.87
  850.73,    94.49,   481.93
  848.51,    94.40,   605.78
  846.10,    95.60,   729.51
  855.97,   215.42,   476.67
  852.19,   218.99,   602.65
  846.92,   224.06,   728.66
  858.55,   340.59,   476.49
  856.08,   343.93,   602.83
  853.74,   347.37,   727.70
  599.33,   100.38,   600.89
  598.33,    98.60,   726.42
  597.88,    98.05,   850.96
  598.22,   225.68,   601.30
  597.10,   225.12,   727.57
  595.63,   225.03,   852.88
  596.31,   350.79,   603.42
  596.27,   351.03,   729.39
  595.09,   350.10,   854.59
  723.90,   101.95,   602.48
  722.84,   101.03,   726.28
  722.88,   101.03,   850.78
  723.65,   227.39,   601.67
  721.20,   229.11,   727.45
  719.68,   228.96,   852.70
  722.73,   351.79,   603.02
  722.45,   353.18,   729.20
  721.07,   353.37,   854.13
  850.54,   103.13,   602.05
  849.16,   103.13,   726.31
  848.12,   103.69,   851.87
  848.85,   227.84,   601.24
  845.18,   231.00,   727.49
  843.38,   231.56,   852.30
  847.38,   352.97,   603.55
  847.21,   354.51,   728.08
  846.87,   354.63,   851.33
  600.66,   223.19,   101.07
  600.68,   225.63,   226.16
  601.87,   228.32,   350.01
  598.76,   348.19,    98.29
  598.76,   349.98,   222.81
  598.82,   352.25,   347.42
  596.97,   472.82,    95.60
  596.13,   475.06,   219.92
  596.15,   477.66,   344.85
  726.46,   226.06,   100.46
  726.92,   227.66,   225.34
  728.39,   229.02,   349.34
  724.50,   350.36,    98.05
  724.04,   352.18,   221.11
  725.24,   353.83,   345.76
  721.67,   474.32,    95.35
  720.67,   478.38,   218.93
  721.13,   480.51,   343.41
  851.66,   229.10,   101.10
  850.81,   230.78,   224.38
  853.18,   230.58,   347.84
  850.81,   353.70,    97.35
  849.12,   356.48,   220.21
  850.03,   356.44,   344.86
  848.66,   478.98,    95.38
  846.94,   483.23,   218.46
  846.09,   483.94,   343.61
  599.87,   226.58,   227.26
  599.06,   226.37,   350.98
  598.02,   226.13,   475.16
  602.63,   350.66,   226.43
  601.29,   350.37,   351.35
  599.75,   350.59,   476.59
  605.10,   475.89,   226.47
  603.17,   475.68,   351.33
  601.88,   475.66,   477.10
  725.84,   223.63,   228.04
  725.88,   222.11,   352.26
  724.87,   221.77,   476.55
  728.04,   347.86,   226.57
  727.68,   346.82,   351.22
  726.92,   346.83,   476.74
  729.53,   474.43,   227.16
  728.38,   473.50,   351.54
  727.96,   473.12,   478.18
  849.73,   221.67,   228.94
  851.00,   218.99,   352.38
  850.52,   218.21,   476.98
  852.99,   347.13,   227.38
  852.48,   344.48,   351.81
  851.59,   343.48,   477.92
  855.42,   474.17,   228.47
  853.35,   471.86,   353.89
  851.86,   470.43,   480.18
  601.03,   226.51,   349.42
  598.08,   227.83,   473.59
  594.89,   229.08,   599.06
  600.90,   350.30,   347.64
  597.78,   352.15,   473.17
  594.74,   354.31,   599.10
  600.92,   475.73,   346.41
  597.63,   477.51,   472.20
  594.53,   479.76,   598.67
  727.90,   224.17,   352.41
  724.91,   225.80,   476.92
  720.25,   229.10,   602.07
  727.35,   349.06,   349.99
  724.69,   350.69,   475.59
  721.45,   353.77,   601.80
  726.22,   475.68,   348.75
  723.53,   476.95,   474.85
  721.28,   478.99,   601.61
  853.05,   223.41,   354.63
  850.77,   224.22,   479.01
  845.63,   228.59,   605.26
  852.60,   348.96,   352.79
  849.50,   349.44,   478.62
  845.90,   353.42,   604.94
  850.95,   476.52,   352.68
  847.80,   476.34,   478.85
  846.03,   478.26,   604.67
  600.40,   223.63,   473.55
  603.31,   222.93,   598.94
  606.00,   222.64,   725.03
  602.60,   348.24,   474.89
  606.38,   348.36,   600.75
  609.78,   348.44,   726.83
  605.13,   473.45,   475.88
  608.80,   473.24,   602.10
  612.76,   472.85,   728.20
  727.04,   219.05,   470.16
  729.00,   220.20,   595.58
  729.89,   222.40,   721.50
  729.64,   343.48,   470.66
  732.47,   344.78,   596.94
  735.53,   346.48,   722.82
  731.02,   469.93,   471.92
  735.24,   469.76,   598.71
  739.93,   468.87,   723.90
  853.00,   214.81,   466.20
  854.17,   216.60,   592.04
  853.91,   219.43,   717.83
  854.34,   340.06,   467.12
  856.85,   341.56,   593.82
  859.62,   343.80,   718.43
  855.18,   466.71,   469.79
  859.38,   466.75,   595.84
  864.10,   466.35,   719.24
  600.37,   225.98,   598.76
  597.30,   228.74,   724.97
  593.72,   232.21,   850.49
  602.27,   351.01,   597.55
  600.28,   354.76,   723.73
  596.95,   357.35,   848.46
  603.93,   476.35,   595.69
  602.25,   479.26,   721.54
  599.70,   481.42,   846.12
  725.53,   223.94,   601.24
  721.04,   229.15,   726.94
  717.57,   232.89,   852.10
  728.48,   348.40,   599.53
  726.02,   353.19,   725.32
  722.98,   357.00,   850.15
  730.65,   473.53,   597.92
  729.87,   475.90,   722.93
  727.32,   480.05,   848.04
  850.99,   221.44,   603.23
  845.18,   227.67,   729.10
  841.48,   231.18,   854.28
  853.11,   346.09,   601.73
  850.52,   351.21,   726.55
  848.03,   354.22,   849.42
  855.04,   471.00,   600.25
  854.53,   473.53,   724.19
  852.73,   477.72,   846.49
  602.56,   349.72,    98.73
  599.12,   345.77,   223.23
  596.30,   342.00,   348.28
  605.00,   474.69,   102.59
  601.22,   470.65,   226.99
  598.12,   466.79,   351.53
  605.58,   599.76,   107.03
  601.98,   596.84,   231.22
  599.62,   593.11,   355.19
  727.99,   347.55,   101.79
  724.57,   343.28,   224.68
  722.74,   338.56,   349.52
  729.78,   471.79,   104.98
  725.77,   469.39,   228.47
  723.45,   465.12,   352.98
  730.38,   597.68,   110.25
  726.61,   596.24,   234.72
  724.12,   592.06,   358.12
  854.26,   346.45,   103.93
  849.58,   342.30,   226.89
  847.75,   336.37,   351.61
  856.82,   471.97,   107.86
  851.86,   469.46,   231.22
  848.26,   463.61,   356.55
  856.70,   596.60,   112.69
  852.73,   594.67,   237.46
  848.43,   590.37,   362.40
  601.59,   350.79,   226.75
  600.76,   353.02,   351.46
  599.87,   355.68,   476.78
  601.08,   475.91,   224.60
  599.81,   478.07,   349.32
  599.00,   481.02,   475.22
  599.68,   602.13,   222.95
  599.01,   604.28,   346.59
  598.38,   606.85,   471.95
  727.12,   350.78,   226.39
  726.99,   352.09,   350.84
  726.73,   354.35,   476.78
  725.58,   477.27,   224.38
  724.87,   478.94,   348.91
  724.98,   480.84,   475.54
  724.20,   603.76,   224.85
  723.25,   606.00,   348.16
  723.37,   608.23,   473.43
  852.29,   352.83,   226.85
  851.84,   353.02,   351.24
  851.70,   354.13,   477.30
  851.73,   479.84,   225.20
  850.13,   480.20,   350.68
  849.01,   480.82,   477.01
  850.11,   604.96,   225.71
  847.96,   606.81,   350.73
  847.20,   608.57,   475.60
  601.91,   347.93,   348.10
  598.32,   351.10,   473.56
  595.54,   354.05,   599.17
  604.95,   473.08,   345.50
  601.51,   476.12,   471.35
  598.70,   479.41,   597.87
  608.15,   599.35,   343.13
  604.90,   602.27,   468.14
  601.49,   604.48,   594.44
  728.40,   343.25,   350.36
  725.49,   346.12,   475.95
  721.81,   350.31,   602.37
  730.19,   469.99,   348.08
  727.54,   472.60,   474.33
  725.20,   475.46,   600.82
  732.47,   597.03,   347.05
  729.56,   599.33,   472.26
  727.72,   601.04,   598.16
  853.02,   339.90,   353.19
  850.34,   341.59,   478.97
  846.69,   346.61,   605.60
  855.01,   467.18,   352.08
  851.70,   468.50,   478.51
  849.79,   471.60,   604.21
  856.70,   594.21,   351.88
  853.31,   595.81,   477.15
  852.04,   597.39,   601.28
  601.50,   349.83,   473.79
  600.12,   350.40,   599.50
  598.64,   350.97,   726.03
  602.42,   474.99,   474.31
  600.97,   475.56,   600.84
  600.11,   475.81,   726.82
  603.81,   601.12,   473.57
  601.64,   600.65,   600.39
  599.97,   599.18,   726.50
  728.62,   346.92,   474.45
  726.78,   348.55,   600.90
  724.47,   350.38,   727.04
  728.40,   473.50,   475.80
  727.83,   473.89,   602.19
  727.26,   473.34,   727.51
  728.35,   600.60,   476.44
  727.73,   599.38,   602.36
  727.29,   597.04,   727.42
  853.60,   344.74,   476.21
  851.23,   346.89,   602.76
  849.29,   349.20,   727.52
  852.75,   471.58,   478.51
  852.28,   471.96,   604.02
  852.33,   471.39,   727.78
  852.38,   598.93,   479.43
  852.29,   597.98,   603.92
  851.67,   596.95,   728.55
  600.73,   350.69,   602.39
  604.04,   348.14,   728.67
  606.09,   344.82,   853.30
  600.28,   475.94,   606.63
  604.30,   472.70,   732.60
  606.84,   469.02,   857.07
  599.67,   600.88,   609.35
  603.16,   596.08,   735.80
  606.27,   592.34,   860.33
  726.81,   349.84,   598.86
  730.09,   348.79,   724.69
  732.02,   346.50,   849.67
  727.15,   475.06,   603.56
  731.29,   471.48,   728.53
  734.38,   469.79,   853.23
  725.74,   600.53,   606.78
  730.09,   595.12,   731.59
  733.89,   593.64,   856.18
  851.58,   349.59,   595.95
  854.13,   348.88,   720.29
  857.17,   345.81,   843.31
  851.40,   474.85,   600.48
  856.16,   471.11,   724.08
  859.90,   469.27,   846.29
  850.11,   600.64,   603.30
  854.22,   596.51,   728.10
  857.46,   593.92,   850.20
  600.48,   476.62,    98.94
  598.33,   475.96,   223.35
  596.40,   475.07,   348.13
  599.46,   601.80,   100.61
  597.30,   601.96,   224.94
  596.18,   601.11,   348.48
  598.13,   727.68,   102.57
  596.81,   727.53,   226.24
  596.52,   727.37,   348.70
  725.30,   475.29,   100.25
  722.50,   476.27,   224.09
  721.59,   474.99,   348.49
  724.11,   601.39,   102.15
  721.52,   602.88,   226.98
  720.54,   602.11,   350.68
  722.41,   727.88,   104.04
  721.18,   727.51,   229.64
  720.44,   727.53,   352.23
  852.16,   477.24,   101.62
  848.78,   478.27,   225.38
  846.48,   475.32,   350.27
  850.72,   602.11,   103.82
  847.99,   603.49,   228.80
  845.25,   602.17,   353.21
  848.30,   727.32,   105.25
  846.01,   727.15,   231.41
  844.58,   726.88,   354.90
  602.47,   473.72,   224.15
  599.59,   475.54,   348.89
  596.81,   477.95,   474.65
  599.12,   599.63,   222.78
  597.03,   601.81,   346.65
  594.65,   603.90,   471.76
  595.93,   725.21,   221.52
  594.55,   727.88,   344.07
  592.82,   729.51,   467.57
  726.80,   476.90,   225.73
  724.75,   478.20,   350.18
  722.74,   479.96,   476.78
  723.45,   603.38,   226.07
  721.16,   605.16,   349.77
  719.38,   607.11,   474.71
  720.47,   727.75,   226.08
  718.61,   730.35,   348.55
  716.84,   732.62,   471.58
  852.85,   481.24,   228.30
  849.54,   480.95,   353.39
  847.02,   481.84,   479.97
  849.45,   606.13,   228.85
  845.72,   607.60,   353.39
  843.43,   609.21,   478.41
  845.54,   729.61,   228.75
  842.41,   732.36,   352.44
  840.61,   735.17,   475.06
  598.61,   473.47,   347.66
  596.57,   471.88,   473.76
  595.44,   470.54,   600.03
  600.71,   599.81,   349.66
  599.51,   597.86,   474.87
  597.79,   595.46,   601.47
  603.51,   726.37,   351.68
  602.48,   723.31,   475.16
  599.86,   720.16,   601.79
  723.86,   471.08,   348.60
  722.63,   468.75,   474.77
  722.03,   466.96,   601.24
  725.45,   598.18,   352.06
  724.35,   595.79,   477.41
  723.80,   592.74,   603.40
  727.55,   723.52,   355.02
  726.40,   721.73,   478.53
  724.62,   718.63,   604.33
  848.86,   469.10,   350.83
  846.96,   465.41,   476.91
  846.75,   463.75,   602.89
  849.67,   595.94,   355.42
  848.32,   592.89,   480.33
  848.32,   589.48,   604.91
  851.54,   720.68,   358.35
  850.22,   719.09,   481.55
  849.15,   716.48,   605.83
  599.90,   475.10,   475.95
  603.90,   472.99,   602.24
  608.14,   470.50,   728.26
  601.72,   600.88,   477.91
  605.11,   598.03,   604.18
  608.45,   594.36,   730.38
  603.77,   726.47,   478.10
  606.14,   722.91,   604.78
  608.20,   718.83,   732.24
  725.94,   472.97,   472.12
  730.53,   470.78,   598.98
  735.09,   467.86,   724.01
  726.70,   599.91,   475.08
  731.24,   596.18,   601.10
  735.86,   591.70,   726.05
  727.81,   725.78,   476.72
  730.93,   722.37,   601.99
  733.98,   717.39,   728.31
  850.24,   470.86,   469.58
  854.79,   468.55,   595.63
  859.49,   466.11,   718.97
  850.28,   598.13,   473.01
  855.16,   594.64,   597.55
  859.72,   591.01,   722.30
  851.51,   724.14,   474.57
  855.44,   721.33,   598.57
  858.43,   717.88,   724.61
  601.17,   476.65,   603.16
  601.57,   477.58,   729.22
  601.10,   477.87,   853.98
  601.38,   601.82,   601.79
  601.61,   601.28,   728.18
  601.32,   601.38,   852.93
  601.68,   726.54,   599.14
  599.87,   725.77,   726.52
  599.51,   726.45,   852.20
  728.02,   475.11,   603.36
  729.15,   475.47,   728.36
  728.94,   478.07,   853.11
  727.71,   600.97,   602.31
  728.49,   599.15,   727.19
  728.97,   601.40,   851.90
  726.71,   726.64,   599.96
  725.89,   725.24,   726.21
  726.04,   725.97,   850.87
  852.39,   473.81,   603.41
  853.98,   474.21,   727.12
  854.36,   476.68,   849.55
  851.85,   599.64,   602.16
  852.80,   599.74,   727.05
  852.96,   601.44,   849.39
  851.15,   726.74,   599.97
  850.70,   726.57,   725.92
  849.45,   726.65,   850.51
  601.18,   599.83,    99.71
  602.36,   602.16,   224.53
  604.51,   603.72,   348.04
  600.13,   725.51,    99.72
  602.26,   727.71,   223.70
  605.32,   729.91,   346.20
  600.70,   850.46,    97.11
  602.46,   853.21,   222.34
  606.03,   853.83,   344.58
  725.93,   598.35,    98.25
  726.78,   602.22,   223.48
  728.55,   603.70,   346.76
  724.95,   725.29,    97.52
  726.88,   726.85,   223.76
  729.16,   728.82,   346.23
  724.94,   849.11,    93.81
  726.98,   851.02,   221.99
  730.32,   853.41,   343.92
  852.51,   598.60,    96.72
  852.73,   602.24,   221.47
  853.49,   603.15,   346.26
  850.50,   723.89,    95.42
  851.54,   725.59,   222.02
  853.40,   727.96,   345.64
  850.93,   849.35,    93.58
  853.47,   850.37,   220.48
  855.43,   851.80,   342.72
  598.35,   598.85,   226.28
  594.70,   599.29,   350.19
  591.55,   599.71,   475.33
  600.02,   724.70,   226.96
  597.41,   725.67,   349.33
  594.37,   725.41,   472.97
  601.80,   850.38,   226.98
  600.02,   849.68,   349.16
  597.13,   848.26,   472.33
  722.38,   597.91,   230.81
  719.31,   597.62,   354.19
  716.44,   597.92,   479.67
  724.32,   722.22,   232.62
  721.66,   723.40,   355.08
  718.55,   723.67,   478.12
  726.21,   846.49,   232.42
  724.08,   847.29,   354.02
  721.27,   847.79,   476.70
  848.58,   595.97,   234.22
  843.83,   595.49,   359.33
  840.42,   595.16,   484.36
  849.21,   719.66,   236.58
  845.32,   720.45,   359.91
  841.90,   721.28,   483.17
  852.29,   844.34,   236.05
  848.87,   844.35,   358.35
  845.19,   845.50,   480.55
  600.19,   602.25,   350.93
  598.61,   599.58,   475.93
  596.95,   596.13,   602.71
  601.12,   728.72,   353.14
  599.85,   724.94,   477.11
  597.25,   720.72,   603.66
  601.94,   852.17,   356.09
  600.65,   847.78,   479.38
  597.55,   844.09,   605.46
  724.59,   602.18,   353.09
  723.71,   599.12,   478.49
  723.13,   595.16,   604.57
  725.29,   727.91,   356.95
  724.02,   724.87,   480.41
  722.29,   720.85,   606.02
  726.19,   851.86,   359.21
  724.93,   848.79,   481.91
  722.36,   845.60,   607.84
  848.92,   602.04,   356.53
  847.78,   598.25,   481.55
  847.73,   593.83,   606.16
  849.24,   726.83,   360.36
  847.70,   724.32,   483.25
  846.78,   720.64,   607.78
  851.18,   850.63,   361.49
  848.87,   848.25,   484.10
  846.52,   846.78,   609.69
  599.46,   599.94,   475.26
  598.18,   595.85,   601.57
  596.71,   590.87,   727.96
  597.97,   725.35,   476.70
  595.61,   720.36,   603.27
  592.84,   715.39,   731.00
  596.54,   847.77,   479.83
  594.12,   843.76,   605.86
  590.37,   841.46,   733.48
  724.34,   601.88,   477.49
  723.94,   597.18,   603.31
  724.07,   591.47,   728.46
  722.12,   727.73,   479.81
  720.65,   723.00,   605.54
  719.21,   717.03,   731.45
  720.85,   851.41,   481.87
  718.61,   847.57,   607.66
  715.30,   843.39,   735.02
  848.08,   603.49,   480.04
  848.65,   598.68,   604.58
  848.59,   593.70,   729.06
  845.70,   729.19,   482.38
  845.32,   725.33,   606.76
  843.82,   720.61,   732.88
  844.79,   853.59,   483.59
  843.00,   851.16,   609.16
  839.86,   846.38,   737.04
  600.96,   599.51,   602.81
  602.13,   596.07,   729.09
  603.16,   593.76,   853.83
  601.07,   724.45,   602.74
  600.47,   720.65,   730.55
  601.46,   718.39,   855.87
  601.46,   847.75,   603.99
  600.00,   846.98,   731.73
  600.12,   846.68,   857.63
  727.29,   599.04,   601.91
  729.46,   594.45,   726.98
  730.95,   593.75,   851.76
  725.95,   724.76,   602.65
  726.61,   720.08,   728.71
  728.09,   718.36,   853.38
  726.27,   849.79,   603.13
  725.21,   846.79,   730.79
  724.52,   844.60,   856.04
  851.56,   598.19,   600.77
  853.87,   595.08,   725.53
  854.93,   593.67,   848.05
  850.66,   725.02,   601.33
  851.48,   721.63,   727.52
  851.52,   718.79,   851.75
  850.43,   850.70,   602.50
  849.68,   847.99,   730.32
  848.40,   845.02,   855.30
