27, 125, pa2-debug-e-output1.txt
  199.84,   205.79,   207.91
  407.65,   390.85,   209.73
  100.10,   100.90,   100.62
   97.92,   104.56,   225.69
   95.69,   107.50,   349.78
  100.85,   226.59,    97.54
   98.45,   230.00,   222.58
   96.96,   232.52,   346.53
  103.52,   350.39,    93.01
  100.25,   353.69,   218.00
   97.60,   357.36,   342.42
  224.16,    99.19,   103.80
  222.19,   102.94,   228.25
  221.28,   106.92,   351.74
  225.28,   224.66,   100.62
  222.89,   228.26,   225.71
  222.06,   231.93,   348.59
  228.97,   348.81,    96.50
  225.67,   352.08,   221.32
  221.90,   355.54,   345.10
  350.38,    98.83,   105.02
  347.34,   102.71,   230.18
  344.30,   105.62,   355.02
  351.43,   223.09,   102.08
  348.92,   226.95,   227.10
  346.13,   230.63,   350.91
  353.37,   346.94,    99.93
  350.99,   350.62,   224.37
  347.63,   354.86,   347.50
   99.55,    98.49,   227.74
  103.37,   100.90,   351.76
  106.64,   103.59,   475.97
  102.08,   224.02,   225.46
  106.78,   225.91,   349.29
  110.69,   228.31,   473.46
  106.03,   347.74,   221.45
  109.24,   350.52,   345.85
  112.10,   353.28,   471.22
  223.81,    94.58,   224.31
  228.56,    97.86,   347.96
  232.23,   100.95,   472.56
  226.43,   220.05,   222.58
  231.67,   223.02,   345.43
  235.79,   226.08,   469.48
  231.35,   343.87,   218.86
  233.78,   346.65,   342.52
  236.81,   349.97,   467.08
  348.86,    92.20,   220.47
  351.60,    94.37,   345.37
  354.70,    96.79,   470.82
  352.46,   216.51,   217.92
  355.62,   219.41,   341.83
  358.59,   222.09,   466.71
  356.68,   340.10,   215.91
  359.43,   343.63,   339.03
  362.30,   346.89,   462.83
  101.17,    99.98,   351.30
   97.55,   100.43,   475.67
   93.61,   101.32,   600.72
  104.14,   225.01,   351.10
  101.32,   225.13,   475.39
   97.21,   226.23,   600.38
  106.14,   349.74,   349.94
  102.59,   350.41,   475.34
  100.05,   351.66,   601.26
  226.51,    97.56,   353.97
  223.52,    98.52,   478.60
  218.63,    99.37,   604.65
  229.19,   222.78,   353.67
  226.68,   223.73,   477.87
  221.59,   224.58,   604.43
  230.61,   346.45,   353.07
  227.08,   347.69,   477.87
  223.86,   349.29,   604.15
  349.47,    94.59,   357.98
  346.18,    95.02,   483.44
  343.49,    96.15,   609.39
  352.99,   219.74,   356.65
  349.51,   220.34,   481.69
  346.17,   220.99,   608.21
  356.22,   344.09,   355.97
  352.50,   345.13,   480.05
  349.12,   345.46,   605.80
   99.18,    99.46,   476.22
   95.93,   100.59,   601.32
   92.37,   101.88,   726.55
   97.75,   224.04,   475.64
   94.46,   225.41,   600.58
   90.77,   227.26,   726.43
   94.19,   349.48,   475.16
   92.34,   350.81,   601.03
   89.70,   352.23,   726.68
  225.24,   102.65,   478.42
  221.04,   103.73,   604.53
  216.21,   103.92,   731.34
  223.18,   227.81,   477.33
  218.84,   228.92,   603.89
  214.22,   229.47,   731.55
  218.39,   351.74,   477.07
  215.99,   353.67,   603.35
  214.92,   355.51,   729.69
  347.86,   104.29,   482.50
  345.85,   105.63,   608.56
  343.58,   106.46,   734.69
  346.14,   229.57,   480.25
  343.47,   230.44,   606.76
  340.47,   231.32,   733.95
  343.91,   354.33,   478.41
  341.26,   355.00,   604.11
  338.96,   355.45,   730.66
   99.42,   101.38,   600.65
   97.88,   101.92,   726.04
   96.95,   101.51,   851.80
  103.74,   226.33,   600.76
  102.06,   227.33,   726.97
  102.43,   227.03,   852.37
  107.28,   351.70,   602.03
  107.37,   352.83,   727.94
  107.69,   352.80,   852.81
  224.52,    98.57,   601.53
  222.28,    98.20,   728.27
  222.20,    97.25,   853.88
  228.26,   223.74,   601.64
  225.93,   223.53,   729.39
  226.06,   222.19,   854.57
  231.24,   348.40,   601.63
  232.24,   349.34,   728.11
  233.49,   349.51,   852.84
  349.31,    94.48,   603.16
  349.71,    94.84,   729.12
  349.54,    94.64,   853.96
  352.79,   219.31,   602.31
  352.32,   219.55,   729.43
  351.19,   218.94,   854.39
  356.57,   343.79,   600.21
  356.41,   343.43,   726.87
  355.91,   343.39,   852.08
   99.61,   227.57,   102.44
  100.14,   227.33,   227.55
  101.64,   226.29,   351.54
   99.76,   351.32,   101.52
   99.51,   351.14,   226.50
   99.73,   351.15,   351.04
   99.30,   475.85,   101.37
   99.05,   475.29,   226.29
   98.44,   475.89,   351.21
  224.08,   227.93,   102.59
  224.62,   227.95,   227.70
  226.71,   228.06,   350.64
  225.42,   352.14,   102.02
  224.90,   351.81,   226.86
  224.11,   351.73,   350.72
  225.36,   477.59,   100.89
  224.92,   476.34,   226.08
  222.69,   475.99,   351.14
  350.27,   228.65,   101.15
  350.68,   228.94,   226.19
  350.73,   229.05,   350.07
  349.85,   352.57,   102.55
  350.31,   352.68,   227.00
  349.86,   353.36,   350.18
  348.76,   477.58,   102.39
  349.27,   477.26,   226.90
  348.80,   478.30,   350.82
   98.16,   226.69,   226.28
   96.58,   226.24,   350.29
   94.21,   226.15,   474.65
   95.56,   350.48,   224.52
   92.91,   351.21,   349.03
   89.95,   351.71,   474.42
   93.09,   474.58,   223.62
   89.77,   476.05,   348.45
   86.52,   477.21,   474.10
  222.58,   229.25,   229.42
  221.68,   230.00,   352.34
  219.68,   230.85,   476.53
  220.88,   353.08,   227.84
  217.05,   353.63,   351.71
  213.95,   354.74,   476.65
  218.97,   477.58,   226.34
  213.69,   477.83,   351.42
  209.80,   478.83,   476.98
  348.55,   232.19,   230.91
  345.64,   232.96,   354.73
  342.69,   233.52,   479.61
  346.22,   355.92,   230.95
  342.72,   357.22,   354.13
  339.49,   358.23,   478.19
  343.26,   480.51,   230.08
  339.68,   482.11,   354.06
  336.39,   483.30,   478.20
  101.02,   225.60,   351.69
   98.01,   227.95,   475.98
   93.90,   231.34,   600.92
   98.27,   350.45,   348.11
   94.62,   353.36,   473.46
   91.95,   356.70,   599.31
   96.18,   475.15,   345.16
   92.17,   478.65,   470.80
   89.78,   481.72,   596.66
  226.08,   228.33,   354.32
  223.37,   231.54,   478.51
  218.19,   234.69,   605.04
  222.55,   351.95,   351.36
  218.78,   355.42,   476.22
  215.57,   359.39,   602.44
  220.30,   476.15,   348.70
  215.76,   479.51,   474.17
  213.58,   483.96,   599.67
  349.98,   230.27,   357.33
  346.38,   233.17,   482.22
  342.84,   236.05,   608.65
  348.22,   354.54,   354.37
  344.36,   357.90,   478.37
  340.85,   360.59,   603.97
  346.30,   479.42,   351.96
  342.40,   483.01,   476.00
  339.01,   485.54,   600.59
  101.45,   225.76,   473.53
  100.16,   222.49,   598.49
   98.26,   219.57,   724.50
  101.17,   351.03,   477.83
  101.42,   347.89,   603.72
  100.98,   344.95,   729.48
  101.79,   476.05,   482.04
  102.67,   472.88,   608.00
  103.88,   469.91,   733.75
  226.87,   225.89,   473.12
  224.72,   222.36,   599.59
  222.00,   218.16,   727.29
  225.65,   349.82,   477.49
  225.30,   347.04,   603.70
  225.99,   344.05,   730.16
  225.88,   473.97,   482.16
  226.66,   471.71,   607.58
  229.33,   469.29,   732.37
  349.79,   224.08,   473.99
  349.26,   220.30,   600.47
  348.50,   216.58,   727.62
  351.19,   348.83,   476.77
  350.64,   344.78,   602.46
  350.25,   340.56,   729.14
  352.63,   473.98,   480.93
  352.15,   469.62,   605.51
  352.10,   464.48,   730.63
   99.22,   226.75,   599.48
   94.87,   230.72,   725.41
   92.34,   233.52,   850.70
  101.15,   352.11,   597.86
   98.25,   355.93,   723.60
   95.25,   358.71,   848.40
  102.94,   477.07,   595.26
  101.67,   480.84,   720.98
   98.52,   484.19,   846.07
  223.64,   225.99,   603.37
  218.45,   228.71,   731.00
  215.92,   230.37,   855.98
  225.00,   350.65,   600.58
  223.25,   354.61,   726.92
  221.83,   357.81,   851.57
  226.93,   475.21,   597.66
  226.91,   479.75,   722.44
  225.72,   483.45,   847.07
  348.23,   223.31,   606.99
  344.72,   226.40,   734.06
  340.74,   228.59,   858.81
  350.31,   347.79,   602.08
  347.33,   350.38,   728.61
  344.16,   353.30,   853.60
  352.54,   472.72,   598.38
  349.84,   474.46,   723.37
  347.17,   477.33,   848.09
  100.70,   350.42,    99.04
   96.56,   348.92,   223.98
   93.08,   347.66,   348.45
   99.54,   474.92,   100.18
   95.38,   473.02,   225.06
   91.15,   472.49,   349.87
   97.23,   600.60,   101.78
   94.04,   598.74,   227.17
   89.86,   597.10,   351.82
  226.26,   351.85,   103.45
  221.86,   350.21,   228.20
  217.26,   348.80,   352.01
  225.57,   477.24,   103.59
  221.19,   474.69,   228.70
  215.06,   472.98,   353.71
  221.98,   603.38,   104.23
  219.15,   600.68,   230.07
  214.71,   598.49,   355.69
  350.70,   352.92,   107.87
  347.22,   351.74,   232.14
  342.88,   351.05,   355.28
  348.94,   477.82,   108.95
  345.53,   476.32,   233.33
  341.11,   475.94,   357.19
  346.07,   603.55,   108.86
  342.86,   602.00,   233.67
  339.49,   601.97,   359.26
   99.92,   350.76,   225.22
  102.07,   352.02,   349.73
  103.88,   353.17,   475.18
   96.99,   474.85,   223.79
   98.40,   476.72,   348.67
   99.77,   478.26,   474.46
   93.85,   600.58,   223.42
   95.54,   601.40,   348.14
   97.40,   602.47,   473.31
  225.31,   353.85,   223.58
  226.43,   355.03,   347.42
  228.28,   356.78,   472.20
  222.91,   478.36,   221.54
  222.65,   479.27,   346.61
  223.73,   480.91,   472.03
  218.95,   604.41,   220.36
  220.48,   604.86,   346.06
  222.35,   606.00,   471.43
  350.63,   357.11,   221.78
  352.16,   359.07,   344.94
  353.90,   360.78,   468.82
  347.12,   481.66,   220.38
  348.64,   483.98,   344.36
  350.42,   485.95,   468.35
  342.56,   607.31,   218.00
  345.08,   609.97,   343.74
  347.41,   611.90,   468.89
  100.61,   348.47,   351.41
  100.68,   348.31,   476.86
  101.69,   348.81,   602.84
   99.87,   473.19,   351.57
   99.47,   473.47,   477.39
  101.04,   473.83,   603.42
  100.07,   597.85,   352.26
  100.06,   597.70,   477.51
  101.06,   598.37,   603.00
  225.03,   348.51,   350.93
  225.14,   348.98,   475.76
  225.57,   349.82,   602.02
  224.16,   472.74,   351.36
  223.46,   473.13,   476.80
  225.00,   474.49,   602.30
  224.99,   598.34,   352.05
  224.95,   598.25,   477.45
  225.69,   599.05,   602.34
  350.75,   349.53,   350.26
  350.67,   349.87,   474.28
  350.94,   349.45,   599.94
  350.29,   474.45,   350.89
  350.22,   475.05,   474.87
  350.57,   474.43,   599.48
  349.80,   600.50,   351.60
  350.22,   601.03,   476.58
  350.40,   599.96,   600.69
   99.57,   351.19,   475.25
  100.44,   348.49,   601.16
  100.68,   346.04,   726.94
  101.89,   476.18,   478.97
  103.37,   473.48,   604.96
  105.31,   471.05,   730.73
  106.17,   600.26,   482.27
  107.04,   597.95,   607.70
  108.70,   596.00,   733.21
  224.01,   348.24,   474.23
  224.29,   345.94,   600.43
  225.58,   343.44,   726.92
  225.94,   472.36,   478.39
  227.31,   470.56,   603.83
  230.60,   468.62,   728.65
  230.99,   597.48,   482.20
  231.54,   595.09,   606.98
  233.03,   593.00,   731.21
  349.50,   345.55,   472.84
  349.59,   342.01,   598.52
  349.86,   338.28,   725.23
  352.67,   470.66,   476.49
  352.85,   466.84,   601.08
  353.42,   462.16,   726.23
  356.24,   596.59,   481.30
  356.24,   592.22,   605.27
  356.25,   586.99,   728.90
  101.59,   349.32,   600.86
   98.10,   350.10,   726.58
   94.68,   349.77,   851.35
  102.92,   474.34,   601.33
  101.05,   475.04,   727.07
   97.29,   475.28,   852.03
  105.01,   598.84,   600.78
  102.79,   600.07,   726.25
   99.25,   600.49,   852.07
  225.44,   348.34,   604.04
  223.13,   349.23,   730.47
  221.04,   349.28,   855.11
  226.91,   473.01,   604.13
  226.46,   474.49,   728.96
  224.58,   475.13,   853.66
  229.57,   597.57,   604.02
  227.19,   598.88,   728.33
  224.11,   599.15,   853.42
  350.73,   345.91,   606.01
  347.23,   345.51,   732.65
  343.50,   345.43,   857.64
  352.41,   470.83,   605.26
  349.26,   469.56,   730.36
  346.06,   469.60,   855.13
  354.23,   596.33,   606.24
  350.45,   594.56,   729.89
  347.04,   593.93,   854.29
  100.43,   472.60,    99.39
   99.64,   473.19,   224.33
   98.52,   474.99,   349.23
  103.26,   598.35,    98.36
  103.51,   598.96,   223.94
  102.59,   599.55,   348.76
  105.86,   724.65,    97.97
  106.20,   725.54,   223.79
  107.29,   724.50,   348.29
  226.42,   469.79,    99.58
  225.46,   469.77,   224.70
  222.71,   470.62,   349.70
  228.00,   595.84,    97.69
  228.53,   595.69,   223.46
  227.41,   596.20,   349.19
  229.60,   720.78,    98.21
  230.21,   722.44,   223.03
  232.61,   722.47,   348.39
  349.81,   465.30,   101.64
  349.81,   466.21,   226.11
  348.79,   468.41,   349.90
  352.21,   590.98,    99.30
  352.25,   591.71,   223.92
  352.19,   594.39,   349.41
  354.60,   716.06,    97.16
  354.39,   718.11,   221.42
  355.46,   720.58,   348.61
  101.90,   472.32,   225.78
   98.34,   472.31,   350.66
   95.00,   472.09,   476.41
  101.03,   598.10,   227.19
   97.69,   596.98,   351.95
   94.63,   596.31,   477.13
   99.18,   724.58,   228.82
   97.48,   721.77,   353.25
   95.20,   720.17,   477.58
  227.66,   473.57,   228.54
  222.50,   472.60,   353.54
  218.75,   472.37,   479.01
  226.05,   599.54,   229.17
  222.57,   598.17,   354.84
  219.45,   597.42,   480.21
  223.25,   726.35,   230.64
  223.35,   724.35,   355.80
  221.88,   722.90,   480.56
  352.01,   474.73,   232.28
  348.61,   475.14,   356.10
  345.43,   475.04,   480.11
  349.78,   600.39,   231.88
  347.37,   601.19,   357.47
  344.69,   600.96,   482.40
  347.35,   726.93,   231.41
  346.20,   727.35,   358.58
  344.31,   726.84,   484.77
   98.90,   473.97,   347.84
   94.95,   476.01,   473.55
   92.77,   477.78,   599.45
   96.90,   598.66,   346.85
   93.26,   600.21,   471.97
   90.51,   602.34,   597.37
   95.17,   723.51,   345.91
   92.33,   724.05,   470.22
   88.80,   726.72,   595.00
  223.06,   475.72,   351.28
  218.67,   477.69,   476.74
  216.60,   480.72,   602.26
  221.77,   601.29,   350.29
  218.12,   602.73,   475.64
  215.20,   605.15,   600.55
  221.04,   727.47,   348.98
  219.22,   728.17,   473.64
  214.53,   729.50,   598.62
  349.09,   479.70,   354.43
  345.32,   481.86,   478.46
  342.02,   482.90,   603.07
  346.46,   605.71,   353.49
  343.24,   607.76,   478.51
  339.76,   608.36,   602.64
  343.90,   731.80,   352.20
  341.55,   733.55,   478.47
  337.57,   734.11,   602.98
   99.43,   473.43,   474.55
  100.35,   476.87,   600.54
  101.84,   480.56,   726.32
  101.23,   597.58,   471.57
  101.59,   601.33,   597.00
  102.65,   605.50,   722.46
  104.20,   721.52,   468.22
  103.64,   725.43,   592.95
  101.94,   730.22,   718.12
  223.41,   471.87,   474.60
  224.30,   476.32,   600.09
  227.16,   480.74,   724.83
  226.09,   596.96,   472.14
  226.23,   600.81,   597.03
  227.02,   605.04,   721.33
  230.43,   722.57,   468.92
  228.96,   725.38,   593.91
  225.67,   728.33,   718.98
  350.18,   472.57,   473.32
  349.90,   475.10,   597.91
  350.07,   476.70,   722.88
  351.39,   598.53,   471.90
  350.97,   600.63,   596.05
  350.46,   601.83,   719.68
  352.78,   724.46,   470.60
  352.04,   726.53,   595.14
  350.18,   727.85,   718.60
   98.28,   476.94,   599.78
  100.28,   479.48,   725.60
  100.58,   481.80,   850.71
   95.78,   601.43,   597.32
   97.38,   604.34,   722.86
   97.85,   606.71,   848.72
   93.87,   725.70,   594.51
   93.04,   729.45,   719.56
   92.59,   731.40,   845.47
  222.17,   480.08,   598.76
  225.60,   483.46,   723.51
  227.73,   485.89,   848.13
  220.46,   604.54,   596.80
  221.77,   607.78,   721.17
  222.46,   609.87,   846.22
  219.54,   728.97,   594.62
  216.70,   730.96,   719.83
  214.74,   732.33,   845.83
  347.73,   482.63,   595.97
  348.50,   483.16,   720.86
  349.20,   484.67,   845.59
  345.12,   608.15,   595.31
  345.16,   608.37,   718.91
  345.49,   609.19,   843.13
  342.60,   733.93,   595.38
  341.06,   734.29,   719.02
  340.38,   734.32,   843.20
   99.93,   600.21,   100.46
   99.60,   598.75,   225.96
   98.16,   597.34,   350.73
   98.35,   726.63,   102.08
   98.13,   725.24,   227.88
   98.33,   722.16,   352.34
   96.43,   852.09,   101.98
   95.79,   849.94,   228.28
   97.73,   847.43,   352.85
  224.67,   602.12,   100.20
  224.69,   599.87,   226.02
  223.07,   598.20,   351.73
  221.88,   727.26,   102.89
  222.17,   726.67,   227.82
  224.14,   724.40,   353.01
  220.88,   852.13,   103.30
  219.88,   851.84,   229.34
  223.88,   849.41,   352.95
  348.88,   601.57,   102.15
  348.43,   600.28,   226.86
  347.88,   600.80,   352.48
  346.88,   726.78,   102.14
  346.31,   726.83,   226.66
  347.02,   726.98,   353.83
  346.27,   852.48,   102.61
  345.56,   853.36,   227.96
  346.55,   851.44,   354.44
   99.98,   600.72,   226.65
  101.99,   601.55,   351.42
  104.23,   602.72,   476.63
  101.00,   727.25,   226.21
  104.89,   726.48,   350.66
  108.29,   726.75,   474.80
  101.03,   851.90,   224.33
  106.84,   851.81,   348.59
  111.35,   852.39,   472.81
  225.05,   599.26,   223.27
  226.88,   599.97,   348.96
  229.11,   601.34,   474.32
  224.94,   726.06,   222.65
  230.31,   726.25,   347.88
  234.30,   726.99,   472.76
  225.13,   851.29,   221.84
  232.35,   851.25,   345.56
  237.51,   851.57,   469.83
  348.76,   596.99,   220.73
  351.60,   599.89,   346.29
  354.28,   601.98,   471.27
  349.10,   723.48,   218.03
  353.10,   726.08,   345.15
  356.48,   727.91,   471.64
  350.86,   850.11,   216.88
  355.09,   850.72,   343.45
  358.46,   851.25,   469.61
  100.66,   597.47,   349.18
   99.72,   600.89,   474.36
   99.74,   605.12,   599.75
  102.76,   722.39,   346.34
  102.85,   724.80,   470.52
  101.92,   729.24,   595.24
  103.94,   847.66,   342.29
  105.12,   850.38,   466.48
  103.47,   854.19,   591.24
  225.54,   596.55,   349.94
  224.60,   600.05,   475.30
  224.40,   604.40,   600.16
  228.30,   722.79,   346.75
  229.18,   725.62,   471.55
  227.28,   728.91,   596.54
  229.64,   847.86,   342.38
  231.78,   850.26,   466.50
  229.02,   853.30,   592.81
  350.36,   597.25,   350.48
  349.83,   601.42,   475.43
  349.06,   603.99,   599.56
  351.22,   723.39,   347.25
  351.47,   727.32,   473.64
  350.34,   729.87,   598.16
  352.49,   848.04,   343.39
  352.83,   850.68,   469.43
  351.38,   854.30,   594.83
  100.18,   597.48,   477.06
  100.21,   596.21,   602.54
  101.03,   595.21,   728.11
  103.53,   721.41,   478.73
  102.49,   720.43,   603.58
  100.66,   720.13,   728.84
  106.10,   846.93,   480.22
  104.15,   845.31,   605.01
  100.18,   845.00,   730.15
  225.02,   596.41,   477.93
  224.80,   595.27,   602.81
  225.53,   594.53,   727.14
  229.76,   721.99,   479.77
  227.68,   719.78,   604.78
  224.30,   717.82,   729.81
  232.67,   846.66,   480.37
  229.42,   844.18,   606.79
  223.38,   841.45,   732.96
  350.31,   597.54,   477.94
  349.54,   594.49,   602.00
  348.81,   590.63,   725.67
  352.14,   723.48,   481.77
  350.94,   720.35,   606.09
  348.81,   716.47,   729.43
  353.67,   846.98,   483.29
  352.02,   845.17,   608.75
  349.06,   843.20,   734.40
   99.50,   599.21,   601.66
   97.95,   603.54,   727.12
   95.13,   607.19,   852.88
  101.65,   723.34,   597.34
   97.44,   728.53,   722.43
   93.80,   731.91,   848.30
  103.27,   848.22,   593.42
   97.28,   853.39,   718.36
   92.17,   857.94,   843.68
  224.11,   598.56,   604.29
  222.42,   603.18,   728.61
  219.88,   606.65,   853.73
  226.88,   723.02,   600.86
  221.05,   726.34,   725.90
  216.09,   729.05,   851.85
  228.67,   847.42,   597.36
  220.34,   850.10,   723.59
  213.97,   852.61,   849.39
  348.76,   598.01,   605.82
  345.71,   599.62,   729.46
  342.99,   602.19,   853.84
  350.01,   723.90,   604.58
  345.49,   725.51,   728.03
  341.87,   727.03,   852.23
  351.02,   848.57,   601.71
  345.77,   852.13,   727.55
  341.47,   854.32,   852.92
  224.16,   101.35,   100.77
  222.78,   101.17,   225.26
  222.34,   101.24,   348.82
  223.90,   226.83,   101.43
  222.07,   226.59,   226.57
  221.90,   226.43,   349.49
  226.21,   351.04,   101.14
  223.37,   350.46,   225.97
  220.26,   350.11,   349.81
  350.39,   102.24,   101.34
  347.97,   102.31,   226.60
  345.45,   101.34,   351.53
  350.07,   226.57,   102.33
  348.11,   226.60,   227.36
  345.89,   226.43,   351.23
  350.66,   350.48,   104.00
  348.75,   350.35,   228.40
  345.96,   350.73,   351.58
  476.31,   102.95,   102.73
  473.63,   102.89,   227.93
  469.23,   101.19,   353.82
  476.21,   226.55,   103.65
  474.33,   226.88,   228.26
  470.50,   226.61,   353.05
  475.97,   350.35,   106.14
  473.98,   350.12,   230.45
  471.45,   351.18,   353.61
  225.14,   101.30,   227.18
  228.22,   103.64,   350.78
  230.07,   105.80,   475.37
  227.19,   226.65,   226.22
  230.47,   228.72,   349.14
  232.67,   230.90,   473.32
  231.28,   350.48,   223.44
  231.72,   352.37,   347.22
  232.84,   354.81,   471.95
  350.31,    99.66,   225.01
  351.24,   100.91,   349.97
  352.54,   102.48,   475.50
  353.23,   223.92,   223.47
  354.49,   225.96,   347.39
  355.62,   227.76,   472.31
  356.63,   347.57,   222.37
  357.47,   350.23,   345.52
  358.47,   352.58,   469.44
  475.95,    97.47,   222.92
  475.15,    98.00,   348.71
  475.99,    99.05,   474.70
  479.49,   221.46,   220.83
  479.21,   223.39,   345.66
  479.40,   224.69,   471.25
  481.86,   344.54,   220.85
  482.87,   347.79,   344.09
  483.96,   350.18,   468.12
  224.88,    99.26,   350.74
  227.52,    96.37,   475.36
  228.44,    93.42,   601.39
  221.01,   224.39,   354.23
  224.24,   221.55,   478.39
  224.83,   218.59,   604.95
  215.71,   347.99,   357.44
  217.99,   345.47,   482.30
  220.53,   343.30,   608.55
  347.93,   103.01,   349.01
  350.19,    99.53,   474.49
  353.23,    96.76,   600.47
  344.86,   227.98,   351.57
  347.06,   224.81,   476.48
  349.38,   221.60,   602.98
  341.32,   352.18,   354.75
  343.37,   349.50,   478.79
  345.73,   346.08,   604.49
  471.81,   106.56,   346.69
  473.53,   102.53,   472.75
  477.92,    99.74,   598.39
  469.52,   231.77,   348.91
  470.72,   228.09,   474.42
  473.77,   224.39,   600.53
  466.82,   356.24,   352.38
  468.90,   353.49,   476.33
  471.32,   349.00,   601.55
  226.43,   100.12,   473.89
  226.96,    97.48,   599.95
  227.21,    94.17,   726.55
  226.34,   225.31,   476.58
  226.69,   222.68,   603.12
  226.63,   219.37,   730.84
  223.52,   349.28,   480.06
  225.74,   347.41,   606.27
  229.05,   345.29,   732.69
  349.06,    99.85,   473.28
  351.74,    97.40,   599.27
  354.56,    94.73,   725.15
  349.27,   225.16,   474.90
  351.28,   222.27,   601.39
  353.15,   219.46,   728.51
  349.03,   349.94,   476.79
  351.07,   346.79,   602.45
  353.25,   343.41,   729.07
  472.46,    99.42,   471.81
  476.52,    96.95,   597.45
  480.91,    94.87,   722.36
  472.98,   225.04,   473.13
  475.70,   221.67,   599.25
  479.21,   219.36,   725.23
  474.58,   350.51,   474.66
  476.68,   346.35,   599.91
  478.84,   342.03,   726.00
  225.41,   100.02,   600.79
  222.87,   102.71,   727.59
  222.43,   104.67,   853.24
  222.28,   225.16,   597.66
  219.72,   228.15,   725.35
  219.73,   230.08,   850.61
  218.22,   349.77,   594.70
  219.10,   354.01,   721.08
  220.48,   357.45,   845.85
  350.17,   102.91,   602.60
  350.18,   106.25,   728.70
  349.48,   108.94,   853.57
  346.76,   227.69,   598.34
  346.01,   231.01,   725.46
  344.78,   233.56,   850.52
  343.52,   352.23,   593.29
  343.30,   355.04,   719.77
  342.95,   358.10,   844.96
  474.88,   105.38,   603.22
  476.53,   109.47,   728.27
  475.96,   112.92,   852.38
  471.20,   229.99,   598.62
  472.04,   233.67,   724.64
  470.61,   237.26,   849.34
  469.19,   354.74,   593.06
  468.70,   356.34,   719.03
  467.25,   359.24,   844.58
  222.17,   223.52,   100.51
  223.69,   221.61,   225.65
  226.92,   219.79,   348.55
  222.88,   347.71,   101.92
  223.37,   345.47,   226.78
  223.75,   343.47,   350.55
  222.38,   473.06,   102.76
  222.82,   469.89,   227.92
  221.59,   467.62,   352.91
  348.33,   224.85,    98.01
  349.76,   223.22,   223.10
  350.85,   221.36,   347.00
  347.35,   348.76,   101.40
  348.82,   346.93,   225.87
  349.41,   345.65,   349.03
  345.75,   473.70,   103.24
  347.25,   471.45,   227.74
  347.75,   470.50,   351.58
  474.36,   226.36,    96.07
  476.06,   225.09,   220.69
  475.58,   223.16,   345.46
  472.63,   350.26,   100.23
  474.07,   348.26,   224.63
  474.88,   347.63,   347.79
  470.42,   474.98,   102.80
  471.63,   472.76,   227.25
  473.37,   472.82,   350.42
  224.39,   224.79,   227.04
  228.44,   225.73,   349.94
  231.36,   226.77,   474.12
  225.62,   348.67,   225.39
  226.82,   349.42,   349.18
  228.69,   350.74,   473.95
  226.64,   473.17,   223.75
  226.35,   473.68,   348.75
  227.43,   474.91,   474.13
  350.44,   224.85,   223.57
  352.43,   225.77,   347.46
  354.27,   226.44,   472.38
  351.04,   348.57,   223.58
  352.55,   350.08,   346.75
  354.26,   351.29,   470.69
  350.96,   473.10,   222.69
  352.45,   475.00,   346.54
  354.21,   476.50,   470.46
  476.73,   225.17,   220.22
  477.20,   226.02,   344.98
  478.07,   226.21,   470.55
  476.27,   348.33,   221.40
  478.01,   350.48,   344.59
  479.80,   351.72,   468.58
  475.32,   472.80,   221.26
  477.97,   475.65,   344.46
  480.56,   477.48,   468.02
  224.89,   227.09,   349.24
  225.78,   230.48,   473.37
  224.19,   233.79,   599.88
  222.20,   350.72,   346.13
  221.96,   354.35,   470.92
  222.20,   358.44,   597.10
  220.75,   474.93,   343.30
  219.68,   478.44,   468.74
  220.87,   482.99,   594.23
  348.92,   228.20,   348.73
  348.80,   231.27,   473.58
  348.80,   234.28,   599.95
  347.93,   352.43,   345.70
  347.59,   356.02,   469.62
  347.60,   358.85,   595.12
  346.77,   477.28,   343.13
  346.42,   481.15,   467.13
  346.52,   483.87,   591.66
  473.66,   229.51,   348.27
  472.60,   232.08,   473.76
  473.33,   234.58,   599.76
  473.43,   353.94,   345.51
  473.24,   357.56,   469.42
  473.35,   359.37,   594.48
  472.31,   479.08,   343.05
  472.85,   483.30,   466.59
  472.75,   484.81,   590.86
  226.10,   225.96,   472.86
  226.58,   225.01,   599.37
  226.64,   223.44,   727.10
  223.22,   349.92,   474.65
  225.51,   349.73,   600.85
  228.93,   349.33,   727.26
  221.77,   474.07,   476.74
  225.16,   474.40,   602.19
  230.44,   474.59,   726.93
  349.02,   225.83,   471.07
  351.11,   224.60,   597.52
  353.07,   223.47,   724.66
  348.75,   350.62,   471.32
  350.86,   349.18,   596.91
  353.15,   347.43,   723.50
  348.51,   475.79,   472.98
  350.72,   474.16,   597.53
  353.30,   471.54,   722.53
  472.74,   225.73,   469.20
  475.50,   224.01,   595.30
  479.08,   223.30,   721.32
  474.31,   351.23,   469.11
  476.49,   348.81,   594.30
  478.73,   346.05,   720.36
  474.93,   476.98,   470.42
  476.91,   474.13,   594.75
  478.25,   469.61,   719.86
  225.28,   227.39,   598.98
  226.72,   225.43,   726.67
  230.49,   222.31,   851.93
  225.75,   352.09,   600.84
  230.56,   351.27,   727.18
  235.50,   349.60,   851.86
  226.99,   476.76,   602.52
  233.57,   476.47,   727.18
  238.76,   475.29,   851.70
  349.79,   225.46,   595.73
  353.09,   223.90,   722.85
  355.76,   221.62,   847.95
  351.08,   350.02,   595.52
  354.71,   347.83,   722.05
  357.96,   345.93,   847.32
  352.51,   474.99,   596.51
  356.37,   471.88,   721.46
  360.08,   469.79,   846.28
  474.09,   223.34,   592.19
  479.03,   222.20,   718.19
  481.92,   221.10,   842.85
  476.66,   348.15,   591.57
  480.27,   344.98,   717.60
  482.84,   343.15,   843.17
  478.68,   473.48,   592.42
  481.38,   468.54,   717.51
  484.10,   465.72,   842.94
  226.19,   350.41,    99.40
  224.18,   350.22,   224.27
  221.90,   350.26,   348.11
  229.32,   475.85,    98.22
  227.50,   474.73,   223.37
  223.75,   474.50,   348.39
  229.62,   601.89,    97.48
  229.23,   600.72,   223.23
  227.24,   600.14,   348.96
  350.59,   347.61,   101.41
  349.55,   347.86,   225.88
  347.60,   348.63,   349.07
  352.76,   472.54,   101.27
  351.79,   472.37,   225.74
  349.82,   473.54,   349.58
  353.91,   598.24,    99.95
  352.97,   597.96,   224.58
  351.98,   599.58,   350.15
  475.92,   345.27,   102.67
  474.80,   345.39,   227.07
  473.05,   346.81,   350.28
  477.54,   469.98,   103.24
  476.19,   469.84,   227.70
  475.40,   471.98,   350.87
  478.88,   595.34,   101.58
  477.28,   595.49,   226.11
  476.77,   598.06,   351.33
  223.47,   348.64,   226.51
  223.12,   347.60,   350.33
  223.49,   347.11,   475.14
  222.15,   473.11,   226.68
  220.27,   471.78,   351.72
  219.80,   471.21,   477.19
  219.42,   599.08,   227.72
  219.17,   597.30,   353.40
  219.33,   596.24,   478.80
  348.89,   350.86,   226.27
  348.81,   350.55,   349.45
  348.96,   349.94,   473.46
  346.52,   475.41,   227.14
  346.38,   475.43,   351.05
  346.52,   475.06,   475.06
  343.14,   601.05,   227.10
  343.99,   601.44,   352.74
  344.62,   600.96,   477.72
  474.09,   352.93,   225.70
  474.30,   353.31,   348.85
  474.53,   352.69,   472.86
  470.87,   477.48,   227.28
  471.99,   478.54,   350.51
  472.97,   478.42,   474.09
  467.35,   603.18,   226.66
  468.72,   604.65,   352.07
  469.90,   604.57,   476.92
  222.31,   348.69,   351.32
  225.57,   347.76,   476.07
  229.09,   347.16,   602.24
  219.51,   472.87,   353.23
  221.96,   471.88,   478.63
  226.64,   471.84,   604.02
  218.50,   598.39,   355.42
  221.53,   596.91,   480.76
  225.41,   596.38,   605.57
  347.98,   351.61,   347.60
  351.01,   350.57,   471.53
  354.39,   348.72,   597.07
  345.59,   476.49,   349.70
  348.65,   475.70,   473.63
  352.13,   473.68,   598.13
  343.26,   602.50,   351.89
  346.77,   601.62,   476.82
  350.06,   599.17,   600.84
  473.43,   354.32,   344.18
  476.54,   353.32,   468.09
  479.98,   350.51,   593.24
  471.13,   479.54,   346.35
  475.02,   479.04,   469.86
  478.28,   475.82,   594.16
  467.91,   605.65,   348.35
  471.99,   605.19,   473.18
  475.36,   601.86,   597.13
  224.93,   350.32,   475.71
  227.76,   351.63,   601.90
  231.80,   352.73,   728.25
  221.08,   474.43,   476.36
  225.02,   476.27,   601.80
  230.83,   477.97,   726.50
  220.43,   599.48,   476.59
  223.55,   600.79,   601.46
  227.38,   602.39,   725.73
  350.44,   353.40,   471.83
  353.09,   353.43,   597.36
  355.93,   353.11,   723.86
  347.78,   478.54,   472.09
  350.54,   478.43,   596.60
  353.65,   477.29,   721.52
  345.63,   604.47,   473.40
  348.21,   603.96,   597.50
  350.68,   602.48,   721.07
  476.01,   356.40,   469.06
  478.74,   355.46,   594.19
  481.47,   354.05,   720.18
  474.16,   482.14,   468.99
  476.70,   480.84,   593.29
  478.56,   477.77,   718.31
  470.80,   608.30,   470.45
  473.45,   606.95,   594.48
  475.46,   603.73,   717.92
  222.50,   350.64,   602.37
  222.29,   352.87,   728.77
  222.31,   354.26,   853.45
  225.01,   475.25,   601.15
  226.58,   478.05,   725.96
  226.80,   479.96,   850.63
  228.81,   599.78,   599.73
  228.35,   602.36,   724.05
  227.25,   603.89,   849.08
  347.81,   347.19,   602.29
  346.37,   348.07,   728.90
  344.70,   349.23,   853.98
  350.57,   472.11,   600.29
  349.44,   472.12,   725.35
  348.26,   473.27,   850.14
  353.50,   597.61,   600.00
  351.71,   597.13,   723.66
  350.25,   597.58,   847.98
  473.39,   343.80,   603.46
  471.81,   343.71,   729.56
  469.08,   344.97,   854.94
  476.71,   469.03,   601.28
  474.22,   467.10,   726.44
  471.85,   467.61,   851.77
  478.89,   595.10,   601.23
  476.49,   592.84,   724.81
  474.59,   592.73,   849.16
  225.47,   473.38,   101.52
  227.97,   474.83,   226.61
  228.77,   477.19,   351.59
  222.68,   599.50,    98.19
  226.69,   600.83,   223.95
  229.20,   602.83,   349.62
  220.01,   724.49,    97.42
  224.03,   727.65,   222.16
  230.07,   729.07,   347.34
  348.80,   473.21,   100.00
  352.29,   475.51,   224.47
  354.87,   479.28,   348.29
  346.85,   598.99,    96.20
  350.36,   601.11,   220.71
  353.87,   605.30,   346.29
  345.00,   723.92,    92.93
  348.18,   727.61,   216.84
  352.82,   731.41,   343.93
  473.55,   473.77,    97.48
  476.63,   475.95,   221.96
  480.34,   480.66,   345.15
  471.86,   599.23,    93.40
  474.60,   601.57,   217.66
  478.51,   606.69,   342.96
  470.59,   724.77,    88.90
  473.09,   727.87,   212.58
  476.30,   732.36,   340.42
  226.35,   471.94,   223.09
  220.28,   474.46,   348.04
  215.53,   477.67,   473.49
  226.99,   597.92,   220.18
  222.65,   600.06,   345.85
  218.69,   602.76,   471.19
  226.19,   724.72,   218.14
  225.41,   726.33,   343.39
  223.42,   728.32,   468.07
  350.62,   470.84,   227.79
  346.28,   474.73,   351.55
  342.17,   478.18,   475.56
  350.67,   596.39,   223.90
  347.34,   600.73,   349.40
  343.80,   604.13,   474.38
  350.43,   722.84,   219.79
  348.32,   726.89,   346.88
  345.68,   730.03,   473.21
  475.01,   469.59,   232.05
  471.89,   474.51,   355.14
  468.62,   478.17,   478.67
  474.94,   595.19,   227.77
  472.09,   600.54,   352.93
  469.03,   604.34,   477.71
  475.26,   721.40,   222.57
  471.77,   726.23,   350.41
  468.44,   729.90,   477.34
  224.66,   472.54,   348.95
  222.28,   471.96,   474.38
  222.15,   472.37,   599.92
  223.55,   598.10,   350.57
  221.84,   597.02,   475.96
  220.96,   596.90,   600.89
  223.12,   724.27,   351.89
  223.15,   722.50,   476.67
  220.45,   721.32,   601.70
  350.73,   476.16,   350.14
  349.01,   475.79,   474.12
  347.72,   474.25,   598.74
  348.32,   602.17,   351.77
  347.11,   601.71,   476.76
  345.67,   599.71,   600.87
  346.00,   728.32,   353.14
  345.58,   727.56,   479.44
  343.66,   725.51,   603.88
  476.30,   479.19,   351.45
  475.43,   479.07,   475.04
  473.89,   476.22,   599.38
  473.05,   605.31,   352.97
  472.38,   605.22,   477.82
  470.96,   602.27,   601.78
  469.35,   731.03,   354.33
  468.38,   730.77,   481.26
  467.39,   728.55,   605.23
  220.84,   474.23,   475.53
  223.12,   475.31,   601.02
  227.34,   476.30,   725.80
  225.96,   599.37,   476.42
  227.42,   599.84,   601.29
  229.64,   600.63,   725.59
  232.65,   724.99,   476.59
  232.30,   724.41,   601.64
  230.44,   723.94,   726.68
  347.53,   472.56,   472.82
  348.65,   471.70,   597.43
  350.20,   469.91,   722.49
  351.15,   598.53,   474.76
  352.09,   597.17,   598.86
  352.98,   594.88,   722.50
  354.88,   724.49,   476.90
  355.44,   723.07,   601.32
  355.06,   720.85,   724.64
  473.94,   470.33,   471.30
  474.82,   468.22,   595.68
  475.06,   464.51,   720.86
  476.50,   596.46,   473.33
  477.49,   594.24,   597.37
  477.79,   590.17,   720.99
  477.94,   722.05,   476.08
  479.33,   720.49,   600.16
  480.56,   717.79,   722.42
  222.97,   475.31,   600.90
  223.92,   480.32,   725.66
  223.49,   484.41,   850.29
  224.11,   599.77,   597.30
  223.01,   604.60,   721.62
  221.19,   608.34,   846.67
  226.10,   724.29,   593.60
  220.89,   727.82,   718.66
  216.42,   730.78,   844.56
  348.53,   474.88,   600.66
  346.81,   477.10,   725.61
  345.04,   480.43,   850.29
  348.83,   600.38,   598.24
  346.40,   602.20,   721.86
  344.26,   604.79,   846.13
  349.17,   726.26,   596.77
  345.28,   728.13,   720.26
  342.13,   729.80,   844.42
  474.68,   474.50,   602.24
  471.50,   474.70,   727.27
  468.52,   477.36,   852.46
  474.16,   600.63,   600.07
  471.12,   600.61,   723.53
  468.59,   602.62,   847.72
  472.90,   726.95,   599.02
  470.79,   728.39,   721.27
  468.67,   730.27,   844.78
  226.23,   602.40,    97.07
  227.90,   600.51,   222.84
  227.93,   599.22,   348.57
  223.01,   727.43,    99.48
  224.72,   727.31,   224.30
  228.29,   725.45,   349.54
  221.56,   852.34,    99.38
  221.85,   852.48,   225.54
  227.36,   850.42,   349.20
  350.49,   602.50,    97.48
  351.60,   601.44,   222.09
  352.69,   602.35,   347.73
  348.02,   727.56,    97.23
  348.89,   727.99,   221.49
  351.13,   728.52,   348.68
  346.87,   853.18,    97.22
  347.59,   854.57,   222.52
  350.09,   853.02,   349.00
  475.52,   603.35,    97.03
  475.89,   602.61,   221.48
  477.41,   604.48,   346.87
  473.69,   729.03,    95.56
  473.79,   728.97,   219.74
  474.60,   730.22,   347.73
  473.01,   855.41,    96.61
  473.70,   856.15,   221.16
  473.62,   854.52,   348.32
  226.40,   598.92,   226.07
  223.37,   601.85,   351.73
  220.80,   605.34,   477.06
  225.90,   725.71,   223.27
  226.45,   728.07,   348.49
  225.69,   730.86,   473.19
  225.62,   850.93,   220.32
  227.97,   853.03,   343.98
  228.40,   855.48,   468.04
  350.14,   597.27,   228.46
  348.10,   602.38,   353.98
  345.88,   606.50,   478.97
  350.11,   723.70,   223.63
  349.30,   728.49,   350.75
  347.89,   732.36,   477.09
  351.44,   850.26,   220.30
  350.87,   852.97,   346.83
  349.53,   855.58,   472.65
  474.44,   595.88,   231.03
  472.88,   601.99,   356.21
  471.11,   606.47,   481.02
  474.94,   722.05,   225.12
  472.74,   727.62,   352.99
  470.69,   731.98,   479.92
  477.45,   849.10,   221.98
  474.36,   851.83,   349.29
  471.48,   854.82,   476.56
  225.17,   600.71,   350.51
  225.83,   603.55,   475.87
  227.12,   607.21,   600.71
  227.86,   726.96,   347.96
  230.29,   729.13,   472.77
  229.86,   731.75,   597.81
  229.06,   851.95,   344.16
  232.69,   853.72,   468.32
  231.41,   856.14,   594.77
  349.93,   601.47,   349.47
  350.98,   605.00,   474.49
  351.76,   606.88,   598.61
  350.70,   727.62,   346.88
  352.50,   730.88,   473.33
  352.90,   732.78,   597.88
  351.92,   852.19,   343.68
  353.75,   854.13,   469.68
  353.83,   857.16,   595.13
  474.69,   601.25,   348.43
  476.24,   605.17,   473.30
  477.07,   606.24,   597.36
  474.21,   726.93,   345.73
  475.41,   730.68,   472.80
  476.63,   732.50,   597.00
  475.52,   851.32,   342.74
  475.83,   853.57,   470.16
  476.88,   856.91,   594.66
  225.49,   599.50,   474.31
  226.71,   597.11,   599.16
  228.86,   595.12,   723.42
  226.56,   724.96,   477.30
  225.96,   721.58,   602.32
  224.05,   718.44,   727.35
  225.76,   849.54,   479.04
  224.02,   845.88,   605.48
  219.43,   841.99,   731.63
  350.73,   604.45,   473.01
  351.46,   600.22,   597.04
  352.15,   595.08,   720.60
  348.90,   730.23,   477.95
  349.17,   725.99,   602.35
  348.49,   720.96,   725.68
  346.86,   853.45,   480.35
  346.63,   850.53,   605.98
  345.03,   847.50,   731.84
  475.93,   608.15,   471.98
  476.79,   603.10,   595.92
  476.95,   596.18,   719.37
  471.69,   733.59,   477.61
  472.93,   729.24,   601.58
  474.01,   723.74,   723.74
  468.76,   856.39,   481.04
  469.78,   853.89,   605.40
  471.47,   851.72,   728.61
  226.48,   601.04,   601.90
  229.00,   602.01,   726.20
  230.90,   601.85,   851.17
  225.39,   725.51,   602.05
  223.80,   725.30,   727.18
  223.34,   724.43,   853.04
  223.16,   849.84,   602.16
  219.06,   849.02,   728.44
  217.23,   847.95,   854.45
  351.15,   604.46,   599.25
  352.31,   602.33,   722.83
  353.81,   601.02,   847.08
  348.54,   730.28,   601.57
  348.30,   728.35,   725.04
  349.07,   726.21,   849.09
  345.73,   854.74,   602.02
  344.67,   854.91,   728.14
  344.79,   853.57,   853.46
  476.41,   607.66,   597.56
  477.12,   603.83,   721.00
  478.24,   601.88,   845.23
  472.22,   733.88,   600.26
  473.85,   731.58,   722.47
  475.44,   729.66,   845.99
  468.80,   858.38,   600.95
  471.02,   859.42,   724.30
  472.74,   858.96,   850.12
  349.33,   101.38,    98.76
  350.38,   102.01,   224.01
  351.22,   101.54,   348.99
  350.78,   225.72,    99.16
  352.34,   226.26,   224.23
  353.49,   226.60,   348.14
  353.13,   349.62,   100.34
  354.76,   349.97,   224.83
  355.47,   350.92,   347.99
  475.16,   100.26,    96.76
  476.10,   100.82,   221.91
  475.16,    99.63,   347.77
  476.81,   223.88,    97.03
  478.60,   224.78,   221.69
  478.23,   225.02,   346.49
  478.44,   347.79,    98.94
  479.99,   347.93,   223.42
  480.91,   349.49,   346.63
  600.17,    98.08,    96.06
  601.88,    98.91,   220.37
  601.31,    97.82,   346.06
  602.14,   222.51,    96.05
  603.77,   223.30,   220.35
  603.76,   223.55,   345.25
  603.85,   346.47,    96.44
  605.04,   346.01,   221.32
  605.63,   347.31,   345.49
  348.63,   100.65,   223.20
  349.55,   101.68,   348.14
  350.79,   103.00,   473.65
  350.26,   224.92,   221.97
  351.52,   226.73,   345.85
  352.62,   228.31,   470.73
  352.42,   348.62,   221.09
  353.19,   351.01,   344.26
  354.13,   353.12,   468.17
  474.34,    99.76,   221.08
  473.48,   100.06,   346.88
  474.20,   100.85,   472.90
  476.56,   223.71,   219.35
  476.28,   225.43,   344.14
  476.40,   226.51,   469.70
  477.66,   346.84,   219.65
  478.64,   349.85,   342.85
  479.68,   352.01,   466.84
  600.13,    98.12,   219.48
  599.60,    98.54,   345.14
  600.20,    99.40,   470.73
  601.76,   222.51,   217.96
  601.79,   224.23,   342.86
  602.02,   225.35,   468.38
  602.74,   345.20,   217.50
  603.37,   347.96,   341.64
  604.58,   350.34,   466.58
  347.95,    99.93,   351.25
  346.61,    97.40,   476.74
  345.93,    95.58,   602.71
  346.08,   224.99,   352.79
  344.65,   222.73,   477.76
  343.28,   220.48,   604.30
  343.78,   349.26,   354.95
  342.12,   347.46,   479.05
  340.78,   345.00,   604.85
  471.78,   102.13,   352.67
  470.01,    99.09,   478.71
  470.81,    97.28,   604.37
  470.69,   227.49,   353.78
  468.27,   224.67,   479.40
  467.75,   221.96,   605.57
  469.28,   352.05,   356.17
  467.66,   350.13,   480.22
  466.40,   346.55,   605.52
  597.85,   104.52,   353.56
  595.84,   101.48,   479.21
  595.38,    99.54,   604.33
  596.16,   230.09,   355.16
  593.77,   227.30,   480.74
  592.63,   224.27,   606.48
  594.03,   354.04,   357.72
  592.70,   352.41,   482.64
  591.87,   349.09,   608.35
  349.67,   101.51,   473.95
  348.43,    99.17,   599.93
  347.16,    96.52,   725.87
  351.87,   226.79,   475.50
  350.01,   224.00,   601.98
  347.87,   221.27,   729.15
  353.74,   351.59,   477.31
  351.83,   348.49,   602.98
  350.10,   345.24,   729.64
  473.10,    98.94,   476.40
  473.30,    96.60,   602.03
  473.69,    94.59,   726.98
  475.59,   224.53,   477.66
  474.47,   221.27,   603.80
  474.00,   219.09,   729.81
  479.26,   350.00,   479.11
  477.44,   345.88,   604.38
  475.61,   341.69,   730.50
  599.06,    97.06,   477.39
  597.99,    94.65,   602.45
  597.81,    92.47,   727.00
  601.16,   222.93,   479.50
  599.35,   219.40,   605.20
  598.75,   216.85,   730.33
  604.19,   347.98,   482.10
  602.84,   344.26,   607.86
  601.86,   340.04,   733.49
  349.68,    99.38,   602.72
  350.45,   102.54,   728.78
  350.54,   105.05,   853.65
  347.11,   224.21,   598.79
  347.07,   227.31,   725.91
  346.52,   229.61,   850.95
  344.72,   348.76,   593.96
  345.17,   351.34,   720.48
  345.45,   354.14,   845.67
  474.47,   101.00,   602.67
  476.84,   104.86,   727.70
  477.07,   108.07,   851.79
  471.53,   225.65,   598.42
  473.12,   229.15,   724.41
  472.44,   232.53,   849.08
  470.37,   350.42,   593.09
  470.64,   351.85,   719.08
  469.89,   354.55,   844.63
  599.04,   103.20,   600.95
  600.71,   106.91,   725.49
  601.60,   110.53,   849.50
  596.48,   227.98,   597.78
  598.00,   231.05,   723.02
  598.52,   234.74,   847.40
  595.79,   352.94,   594.37
  596.92,   354.35,   720.09
  596.81,   357.19,   845.04
  348.77,   225.87,   101.52
  350.48,   224.60,   226.52
  351.82,   223.10,   350.43
  351.31,   349.75,   104.50
  353.04,   348.31,   228.89
  353.92,   347.43,   352.04
  353.15,   474.63,   105.97
  354.91,   472.84,   230.43
  355.81,   472.36,   354.21
  474.83,   223.92,    99.15
  476.73,   223.01,   223.76
  476.49,   221.39,   348.59
  476.60,   347.76,   102.92
  478.29,   346.17,   227.27
  479.35,   345.90,   350.47
  477.87,   472.43,   105.11
  479.35,   470.64,   229.54
  481.39,   471.08,   352.70
  600.16,   222.42,    97.94
  601.93,   221.42,   222.21
  602.04,   219.82,   347.14
  602.00,   346.29,   100.22
  603.33,   344.13,   225.01
  604.09,   343.63,   349.16
  603.32,   471.06,   101.99
  604.30,   468.51,   227.07
  605.76,   468.34,   351.22
  349.71,   226.65,   223.52
  352.95,   230.36,   347.29
  356.01,   233.82,   472.07
  348.48,   350.31,   220.81
  351.24,   354.57,   343.92
  354.18,   358.61,   467.73
  346.61,   474.78,   217.14
  349.30,   479.42,   340.99
  352.29,   483.78,   464.89
  475.96,   228.68,   218.91
  477.76,   232.36,   343.53
  479.92,   235.39,   468.90
  473.65,   351.78,   217.41
  476.68,   356.70,   340.49
  479.80,   360.85,   464.31
  470.85,   476.19,   214.49
  474.72,   481.81,   337.67
  478.59,   486.57,   461.16
  601.12,   230.70,   215.46
  603.21,   234.40,   340.21
  605.53,   237.55,   465.59
  598.69,   353.39,   213.22
  601.36,   358.04,   337.21
  604.62,   362.43,   462.00
  595.78,   477.85,   210.14
  599.12,   482.84,   334.18
  603.13,   487.64,   458.82
  349.19,   224.54,   349.03
  351.08,   221.54,   473.97
  353.18,   218.54,   600.46
  349.59,   348.83,   351.93
  351.34,   346.33,   475.92
  353.42,   343.06,   601.59
  349.81,   473.74,   355.37
  351.59,   471.48,   479.27
  353.77,   467.95,   603.83
  473.90,   224.50,   346.54
  474.76,   220.98,   472.14
  477.56,   217.51,   598.27
  475.07,   348.99,   349.73
  476.83,   346.45,   473.77
  479.00,   342.20,   599.04
  475.44,   474.21,   353.22
  478.00,   472.15,   476.76
  479.93,   467.37,   601.14
  599.43,   224.58,   344.45
  600.40,   221.11,   469.97
  602.49,   217.37,   595.66
  599.82,   348.38,   347.79
  601.79,   346.12,   472.72
  604.36,   342.31,   598.50
  599.86,   473.20,   351.13
  602.69,   471.32,   475.90
  605.74,   467.49,   601.55
  347.75,   226.16,   472.65
  345.88,   228.01,   599.06
  343.73,   229.91,   726.23
  351.08,   350.91,   469.88
  349.20,   352.52,   595.44
  347.57,   353.87,   721.98
  354.53,   476.08,   468.51
  352.68,   477.48,   593.06
  351.29,   477.96,   718.04
  471.35,   222.42,   474.89
  470.28,   223.82,   600.97
  469.80,   226.17,   727.00
  476.54,   347.89,   471.71
  474.79,   348.51,   596.89
  473.00,   348.81,   722.92
  480.84,   473.58,   469.99
  478.85,   473.82,   594.34
  476.16,   472.37,   719.39
  596.83,   219.33,   476.76
  595.13,   220.46,   602.48
  594.63,   222.50,   727.68
  601.44,   344.39,   474.67
  600.12,   345.38,   600.41
  599.22,   345.71,   726.08
  605.43,   469.53,   473.07
  604.57,   470.63,   598.68
  603.18,   470.13,   724.11
  349.84,   227.25,   599.80
  352.00,   230.82,   726.84
  353.57,   233.65,   851.78
  349.68,   351.80,   594.43
  352.25,   354.73,   720.84
  354.53,   357.94,   845.99
  349.64,   476.79,   590.39
  352.45,   478.91,   715.25
  355.18,   481.86,   839.94
  474.26,   226.46,   597.34
  478.02,   230.40,   723.25
  479.55,   234.29,   847.87
  475.33,   351.26,   591.57
  477.78,   353.09,   717.48
  479.22,   356.21,   843.00
  475.87,   476.68,   587.36
  477.44,   476.89,   712.33
  479.04,   478.94,   837.61
  599.19,   226.57,   594.62
  602.81,   230.08,   719.83
  605.58,   234.22,   844.17
  600.69,   351.58,   590.83
  604.03,   353.54,   716.59
  606.20,   356.81,   841.53
  601.56,   476.90,   587.31
  604.46,   478.15,   712.82
  606.49,   480.43,   837.53
  348.55,   348.05,   102.37
  350.10,   347.43,   226.83
  350.76,   347.36,   350.00
  350.61,   472.96,   103.02
  352.19,   471.94,   227.52
  352.84,   472.27,   351.33
  351.59,   598.65,   102.49
  353.24,   597.55,   227.20
  354.85,   598.33,   352.76
  473.85,   345.86,   101.02
  475.36,   345.09,   225.43
  476.21,   345.64,   348.64
  475.35,   470.58,   102.40
  476.61,   469.53,   226.88
  478.42,   470.80,   350.04
  476.54,   595.92,   101.57
  477.55,   595.19,   226.10
  479.65,   596.89,   351.31
  599.25,   344.20,    98.58
  600.41,   342.85,   223.40
  600.97,   343.19,   347.53
  600.79,   468.99,    99.53
  601.56,   467.22,   224.64
  602.82,   467.91,   348.76
  602.26,   594.41,    99.56
  602.67,   593.15,   224.52
  604.28,   593.72,   349.85
  349.13,   348.87,   224.79
  348.64,   348.70,   347.98
  348.38,   348.26,   471.99
  345.92,   473.38,   225.50
  345.34,   473.54,   349.40
  345.05,   473.33,   473.41
  341.69,   598.99,   225.28
  342.09,   599.49,   350.91
  342.28,   599.18,   475.90
  474.32,   351.79,   224.63
  474.10,   352.31,   347.79
  473.91,   351.86,   471.80
  470.23,   476.30,   226.07
  470.93,   477.51,   349.29
  471.49,   477.57,   472.85
  465.86,   601.97,   225.28
  466.80,   603.60,   350.67
  467.57,   603.70,   475.51
  599.32,   354.80,   223.78
  598.81,   355.14,   347.86
  598.87,   354.97,   472.78
  595.10,   479.35,   225.07
  595.36,   480.05,   349.18
  596.24,   480.26,   473.91
  590.87,   605.31,   224.89
  591.43,   605.96,   350.37
  592.46,   605.93,   475.83
  351.67,   350.89,   350.53
  352.82,   351.02,   474.53
  354.32,   350.34,   600.15
  348.56,   475.77,   351.42
  349.74,   476.15,   475.41
  351.33,   475.30,   599.98
  345.48,   601.75,   352.40
  347.12,   602.05,   477.39
  348.54,   600.79,   601.48
  477.12,   354.30,   348.95
  478.38,   354.43,   472.96
  479.96,   352.77,   598.16
  474.13,   479.52,   349.90
  476.13,   480.16,   473.49
  477.48,   478.07,   597.84
  470.17,   605.61,   350.72
  472.35,   606.31,   475.61
  473.82,   604.14,   599.61
  601.81,   356.90,   347.60
  603.29,   357.33,   472.55
  605.37,   356.15,   598.38
  598.52,   481.80,   348.37
  600.80,   482.60,   473.16
  603.27,   481.40,   598.77
  594.79,   607.71,   348.99
  597.21,   608.25,   474.50
  599.51,   607.05,   599.44
  349.28,   350.13,   472.75
  346.91,   352.62,   598.34
  344.83,   354.86,   724.85
  346.64,   475.21,   470.47
  344.35,   477.58,   595.07
  342.66,   479.13,   720.00
  344.51,   601.09,   469.24
  342.11,   603.06,   593.43
  339.68,   604.27,   717.09
  474.82,   353.13,   474.92
  472.58,   354.56,   600.04
  470.20,   355.64,   726.03
  473.05,   478.84,   472.26
  470.51,   479.90,   596.55
  467.30,   479.33,   721.52
  469.75,   604.97,   471.21
  467.34,   606.03,   595.23
  464.30,   605.30,   718.63
  599.78,   355.64,   478.29
  598.04,   357.44,   603.98
  596.57,   358.48,   729.61
  597.79,   480.90,   475.68
  596.34,   482.72,   601.11
  594.26,   482.87,   726.35
  594.63,   606.54,   473.85
  593.00,   608.44,   598.69
  590.80,   608.87,   722.48
  350.17,   349.57,   597.94
  353.68,   349.32,   724.45
  356.82,   349.37,   849.63
  348.84,   474.56,   597.08
  352.65,   473.48,   722.02
  356.29,   473.36,   846.78
  347.75,   600.08,   597.87
  350.93,   598.63,   721.44
  354.36,   597.88,   845.62
  475.78,   350.35,   594.07
  479.22,   349.05,   720.08
  481.62,   349.13,   845.62
  475.01,   475.71,   593.05
  477.56,   472.71,   718.11
  480.16,   471.82,   843.49
  473.06,   601.82,   594.15
  475.71,   598.60,   717.64
  478.76,   597.16,   841.85
  601.13,   352.03,   592.35
  605.42,   350.83,   718.15
  608.55,   351.02,   843.09
  600.74,   477.34,   592.05
  604.58,   475.36,   717.61
  607.56,   474.62,   842.37
  598.72,   603.01,   592.13
  602.43,   601.22,   716.21
  605.95,   600.14,   840.60
  350.89,   475.45,   100.43
  351.66,   474.31,   224.95
  351.45,   474.58,   348.81
  351.57,   601.14,    99.99
  352.37,   599.93,   224.65
  353.13,   600.65,   350.26
  352.28,   726.27,    99.81
  352.89,   726.45,   224.21
  354.76,   726.84,   351.45
  475.68,   473.36,   100.67
  476.06,   472.21,   225.18
  477.02,   473.44,   348.38
  476.57,   598.72,    99.89
  476.69,   597.89,   224.41
  477.91,   599.54,   349.69
  477.97,   724.47,    98.51
  477.76,   724.20,   222.87
  478.29,   725.29,   350.81
  601.13,   472.08,    98.66
  601.03,   470.23,   223.81
  601.45,   470.88,   347.94
  602.29,   597.50,    98.76
  601.82,   596.18,   223.71
  602.57,   596.72,   349.08
  603.62,   723.55,    98.62
  603.38,   722.74,   223.02
  603.61,   722.33,   350.10
  349.71,   472.14,   227.60
  348.85,   471.14,   351.43
  348.24,   469.71,   475.38
  351.54,   597.72,   228.61
  351.66,   597.18,   354.16
  351.54,   595.65,   479.03
  353.16,   724.20,   229.45
  354.42,   723.37,   356.68
  354.98,   721.60,   482.96
  474.12,   468.97,   228.41
  474.46,   468.95,   351.54
  474.66,   467.75,   475.08
  475.84,   594.62,   228.97
  476.49,   595.03,   354.15
  476.96,   593.86,   478.82
  477.94,   720.88,   228.74
  477.92,   720.78,   356.65
  478.11,   719.47,   483.36
  599.06,   465.88,   227.64
  598.90,   465.34,   351.71
  599.38,   464.32,   476.46
  600.93,   591.77,   228.84
  601.13,   591.12,   354.13
  601.86,   589.86,   479.51
  603.52,   718.26,   229.44
  603.19,   716.68,   356.49
  603.34,   714.87,   482.78
  350.35,   475.11,   350.63
  350.08,   477.71,   474.62
  350.22,   479.09,   599.20
  349.57,   601.12,   349.34
  349.80,   603.69,   474.36
  349.78,   604.65,   598.50
  348.76,   727.27,   347.70
  349.77,   729.57,   474.12
  349.35,   730.53,   598.67
  475.95,   476.50,   350.50
  476.51,   479.37,   474.10
  476.41,   479.50,   598.45
  474.32,   602.56,   349.07
  475.07,   605.54,   473.96
  475.09,   605.65,   598.02
  472.24,   728.27,   347.35
  472.64,   731.07,   474.42
  473.06,   731.93,   598.58
  600.39,   476.44,   350.38
  601.23,   479.45,   475.19
  602.26,   480.45,   600.78
  599.00,   602.29,   348.76
  599.98,   605.08,   474.26
  600.84,   606.15,   599.23
  597.50,   727.88,   346.95
  597.80,   730.07,   473.51
  598.24,   731.71,   597.72
  347.69,   474.98,   472.28
  348.72,   475.12,   596.87
  350.18,   474.31,   721.87
  344.60,   600.86,   473.32
  345.47,   600.59,   597.47
  346.30,   599.46,   721.12
  341.95,   726.68,   474.34
  342.33,   726.36,   598.91
  341.60,   725.32,   722.46
  474.08,   479.51,   470.88
  474.88,   478.39,   595.22
  475.00,   475.59,   720.28
  469.83,   605.64,   472.07
  470.73,   604.47,   596.11
  471.00,   601.48,   719.58
  464.66,   731.17,   473.87
  465.94,   730.69,   598.03
  467.07,   729.16,   720.31
  598.77,   482.44,   471.05
  600.65,   482.16,   596.61
  602.02,   480.31,   722.07
  594.67,   608.10,   471.47
  596.38,   607.83,   596.41
  597.62,   606.17,   720.37
  589.59,   733.10,   472.15
  590.93,   733.39,   596.39
  592.27,   733.27,   718.93
  347.84,   474.11,   598.87
  349.34,   470.98,   723.90
  350.70,   468.89,   848.73
  348.23,   599.59,   601.70
  349.07,   596.02,   725.31
  350.23,   593.32,   849.61
  348.56,   725.44,   605.46
  347.97,   721.92,   728.86
  348.48,   718.32,   852.90
  474.04,   473.71,   597.18
  474.18,   468.61,   722.32
  474.42,   465.82,   847.73
  473.58,   599.75,   600.30
  473.83,   594.33,   723.82
  474.54,   590.99,   848.17
  472.41,   726.02,   604.44
  473.56,   722.00,   726.65
  474.74,   718.54,   850.23
  599.87,   473.87,   598.58
  601.25,   469.66,   724.09
  601.71,   466.93,   848.83
  599.38,   599.52,   600.72
  600.67,   595.47,   724.80
  601.73,   592.31,   849.30
  597.62,   725.11,   602.84
  598.98,   722.56,   725.46
  600.08,   720.35,   850.11
  347.62,   599.24,    98.23
  346.68,   596.06,   222.86
  345.57,   594.76,   348.39
  349.88,   724.26,    99.99
  348.73,   722.52,   224.40
  348.87,   720.98,   351.53
  353.47,   849.91,   102.16
  352.20,   849.05,   227.38
  352.52,   845.55,   354.03
  472.56,   595.13,    99.93
  470.93,   592.39,   224.44
  470.39,   592.15,   349.56
  475.49,   720.78,   100.37
  473.51,   718.64,   224.82
  472.35,   717.94,   352.67
  479.64,   847.33,   103.32
  478.01,   845.65,   227.92
  475.78,   842.27,   355.46
  598.19,   592.22,   100.51
  595.98,   589.05,   225.48
  595.03,   587.84,   350.70
  601.12,   718.21,   102.13
  599.04,   715.51,   226.67
  597.52,   713.40,   353.70
  604.22,   844.61,   105.33
  603.57,   841.79,   229.57
  601.35,   837.82,   356.47
  351.37,   601.38,   224.77
  352.62,   599.48,   350.34
  353.62,   596.66,   475.21
  349.19,   727.90,   227.01
  351.60,   725.64,   354.18
  353.27,   722.54,   480.45
  348.43,   854.39,   230.82
  351.06,   850.04,   357.31
  352.72,   846.02,   483.37
  475.66,   602.09,   224.01
  477.39,   601.15,   349.33
  478.99,   598.72,   474.07
  474.03,   728.43,   225.13
  475.06,   726.90,   353.11
  476.32,   724.28,   479.92
  474.39,   855.46,   229.29
  474.41,   851.09,   356.56
  474.69,   847.38,   483.86
  600.79,   603.18,   222.87
  602.04,   601.10,   348.28
  603.85,   598.50,   473.71
  599.66,   729.72,   224.78
  600.34,   726.70,   351.92
  601.51,   723.50,   478.30
  600.06,   855.83,   228.72
  600.08,   850.97,   355.35
  600.16,   846.93,   481.49
  350.21,   599.64,   350.63
  347.88,   603.13,   475.61
  345.33,   605.06,   599.74
  350.86,   725.78,   348.05
  349.37,   729.02,   474.43
  346.43,   730.91,   598.93
  351.94,   850.37,   344.84
  350.54,   852.35,   470.78
  347.27,   855.34,   596.21
  474.99,   599.68,   352.94
  473.16,   603.54,   477.74
  470.58,   604.54,   601.73
  474.37,   725.36,   350.34
  472.24,   729.10,   477.29
  470.11,   730.86,   601.37
  475.47,   849.68,   347.34
  472.49,   852.04,   474.70
  470.25,   855.44,   599.09
  599.66,   597.96,   355.22
  598.11,   601.70,   480.64
  596.36,   603.61,   605.48
  599.62,   723.49,   352.55
  597.39,   726.67,   478.98
  595.26,   729.26,   603.08
  601.11,   847.87,   349.58
  597.86,   850.00,   475.80
  595.22,   853.46,   599.82
  350.91,   603.23,   474.98
  352.86,   601.79,   599.05
  354.71,   599.38,   722.63
  355.16,   729.14,   477.12
  356.70,   727.68,   601.56
  357.32,   725.41,   724.86
  359.08,   852.43,   476.87
  360.27,   852.29,   602.33
  360.37,   852.30,   728.05
  476.16,   600.62,   472.54
  478.19,   598.36,   596.57
  479.54,   594.25,   720.13
  478.12,   726.15,   475.30
  480.53,   724.57,   599.39
  482.83,   721.89,   721.60
  481.16,   849.15,   476.09
  483.43,   849.25,   600.47
  486.50,   849.81,   723.34
  601.00,   595.75,   470.84
  603.92,   594.48,   595.93
  606.40,   591.84,   720.15
  603.32,   720.69,   472.40
  605.83,   719.92,   596.65
  608.26,   718.75,   719.38
  606.71,   844.11,   472.48
  608.57,   844.12,   596.46
  610.51,   845.07,   719.66
  348.09,   599.73,   600.24
  351.59,   595.49,   723.76
  355.38,   592.06,   847.95
  345.58,   725.49,   604.70
  347.63,   721.39,   728.03
  350.84,   717.15,   851.94
  342.81,   850.07,   607.52
  343.91,   847.95,   733.40
  346.53,   844.24,   858.26
  473.36,   602.95,   596.31
  476.33,   596.93,   719.74
  479.69,   592.79,   843.98
  469.28,   729.12,   601.18
  473.12,   724.53,   723.31
  476.98,   720.42,   846.74
  465.88,   853.78,   604.20
  470.33,   852.50,   727.38
  474.31,   849.64,   852.76
  598.98,   605.67,   594.06
  603.03,   601.11,   718.09
  606.89,   597.28,   842.52
  594.30,   731.17,   596.96
  598.36,   728.05,   719.47
  602.17,   725.27,   843.91
  590.71,   855.33,   598.97
  594.58,   854.46,   721.95
  598.09,   853.33,   846.97
  475.79,   102.98,    98.24
  478.43,   101.88,   223.38
  479.16,    99.02,   349.23
  472.52,   226.57,   100.37
  475.94,   225.80,   224.94
  477.28,   224.39,   349.70
  469.19,   350.36,   104.10
  472.42,   348.97,   228.38
  475.05,   348.88,   351.52
  600.74,   105.79,    95.88
  604.20,   105.04,   220.12
  605.37,   102.30,   345.77
  597.80,   230.07,    97.66
  601.09,   229.18,   221.95
  602.80,   227.86,   346.79
  594.52,   353.95,    99.97
  597.39,   351.92,   224.73
  599.75,   351.64,   348.76
  725.74,   108.27,    93.57
  729.18,   108.13,   217.65
  732.68,   105.97,   342.46
  721.80,   234.64,    95.64
  725.23,   232.47,   219.81
  728.85,   231.32,   344.21
  719.60,   357.79,    95.16
  722.41,   355.09,   220.41
  724.29,   354.11,   345.86
  474.96,   103.56,   225.36
  475.14,    98.53,   351.23
  477.14,    94.02,   477.18
  472.06,   227.42,   229.13
  472.83,   223.84,   353.85
  474.10,   219.55,   479.49
  468.20,   350.62,   234.65
  470.27,   348.35,   357.73
  472.35,   344.95,   481.82
  600.72,   107.18,   222.72
  601.27,   102.21,   348.39
  603.05,    97.71,   473.94
  597.24,   231.21,   226.72
  598.34,   227.73,   351.54
  599.69,   223.51,   477.05
  593.14,   353.95,   231.68
  594.99,   351.58,   355.64
  597.34,   348.51,   480.56
  725.73,   110.72,   220.91
  728.63,   106.32,   345.68
  730.63,   102.39,   470.28
  721.49,   234.90,   225.15
  724.44,   231.62,   349.57
  726.64,   227.81,   474.50
  718.14,   357.48,   228.04
  719.48,   354.43,   353.46
  721.86,   351.58,   479.63
  472.46,    98.83,   349.43
  468.58,   100.95,   475.37
  467.18,   104.27,   601.05
  471.26,   224.19,   345.32
  466.77,   226.55,   470.80
  464.10,   228.92,   596.80
  469.64,   348.58,   342.68
  465.97,   352.00,   466.54
  462.66,   353.70,   591.57
  598.48,   101.43,   352.26
  594.35,   103.61,   477.83
  591.76,   106.76,   602.96
  596.67,   227.06,   348.63
  592.21,   229.44,   474.12
  589.01,   231.52,   599.81
  594.34,   350.86,   346.06
  590.94,   354.51,   470.82
  588.08,   356.45,   596.36
  725.90,   104.49,   355.10
  721.85,   107.22,   479.72
  716.28,   109.64,   604.18
  722.76,   229.96,   352.26
  718.97,   232.64,   477.29
  714.58,   234.68,   602.88
  718.85,   352.80,   349.41
  715.35,   356.50,   475.53
  713.37,   359.83,   602.26
  474.31,   100.40,   475.70
  473.90,    99.16,   601.36
  473.68,    98.25,   726.36
  472.33,   226.01,   475.76
  470.59,   223.84,   601.88
  469.49,   222.71,   727.96
  471.42,   351.48,   476.02
  469.00,   348.51,   601.24
  466.54,   345.38,   727.38
  600.21,   103.12,   477.31
  598.47,   101.72,   602.44
  597.64,   100.69,   727.01
  597.86,   228.95,   478.26
  595.50,   226.49,   603.99
  594.36,   224.96,   729.20
  596.40,   354.02,   479.60
  594.45,   351.35,   605.29
  592.82,   348.08,   730.92
  727.77,   106.81,   478.42
  722.97,   104.68,   602.89
  719.02,   102.66,   727.08
  724.69,   232.21,   480.61
  721.07,   229.66,   606.13
  717.72,   227.29,   731.27
  720.88,   356.09,   483.59
  719.81,   354.90,   610.35
  718.45,   353.10,   736.55
  474.08,    98.19,   601.63
  478.82,   102.36,   726.59
  481.50,   105.91,   850.61
  475.21,   222.84,   597.06
  479.25,   226.67,   722.95
  481.04,   230.43,   847.54
  478.26,   347.62,   591.40
  480.99,   349.35,   717.32
  482.67,   352.35,   842.83
  598.71,    96.18,   597.67
  602.71,   100.18,   722.14
  606.03,   104.07,   846.08
  600.11,   220.98,   594.12
  603.93,   224.40,   719.29
  606.97,   228.41,   843.59
  603.56,   345.99,   590.48
  607.15,   347.88,   716.25
  609.61,   351.05,   841.17
  723.35,    94.75,   593.25
  724.22,    97.62,   717.19
  727.22,   101.73,   842.12
  725.90,   219.61,   590.97
  727.29,   222.21,   716.22
  730.37,   225.80,   840.78
  728.76,   344.74,   590.10
  732.57,   348.28,   716.65
  735.26,   351.80,   840.97
  476.61,   226.18,    99.05
  474.77,   228.59,   223.71
  470.91,   230.43,   348.43
  479.39,   350.05,    99.46
  477.35,   351.74,   223.93
  474.75,   354.88,   347.09
  481.75,   474.85,    98.28
  479.40,   476.20,   222.82
  477.72,   480.06,   346.04
  601.95,   223.71,   101.59
  599.91,   225.98,   225.88
  596.28,   227.79,   350.78
  604.78,   347.53,   100.54
  602.35,   348.69,   225.39
  599.43,   351.61,   349.51
  607.17,   472.38,    98.91
  604.36,   473.12,   224.09
  602.12,   476.37,   348.27
  725.84,   222.11,   104.98
  724.15,   223.27,   229.05
  722.46,   225.24,   353.42
  729.78,   345.22,   101.24
  727.34,   345.85,   226.44
  724.02,   348.10,   351.92
  733.53,   470.27,    98.65
  729.93,   470.07,   224.47
  725.82,   471.85,   350.46
  474.41,   226.36,   222.27
  472.47,   223.97,   347.02
  470.95,   220.88,   472.66
  472.66,   349.55,   226.63
  472.00,   348.46,   349.77
  471.34,   346.35,   473.81
  470.45,   474.07,   229.66
  470.73,   473.67,   352.83
  470.84,   472.05,   476.37
  599.61,   227.96,   222.51
  597.98,   225.62,   347.37
  596.54,   222.57,   472.93
  597.69,   350.72,   226.20
  596.77,   349.47,   350.26
  596.36,   347.64,   475.18
  595.35,   475.23,   229.10
  595.21,   474.34,   353.17
  595.67,   472.91,   477.88
  723.85,   229.46,   223.65
  724.15,   227.31,   348.06
  723.55,   224.62,   473.02
  722.74,   352.08,   225.21
  721.38,   350.17,   350.69
  720.97,   348.48,   476.86
  720.83,   476.42,   227.57
  718.90,   474.07,   353.44
  718.99,   472.61,   480.15
  473.11,   227.58,   350.89
  474.42,   226.52,   476.48
  477.59,   225.49,   602.57
  471.89,   352.10,   351.66
  474.05,   352.02,   475.68
  476.57,   350.19,   600.92
  469.82,   477.34,   352.77
  472.72,   477.77,   476.34
  474.98,   475.46,   600.70
  598.61,   230.01,   348.48
  600.01,   229.03,   474.01
  602.52,   227.74,   599.74
  596.62,   353.86,   349.40
  599.00,   354.08,   474.32
  601.98,   352.69,   600.12
  594.26,   478.78,   350.35
  597.46,   479.38,   475.08
  600.80,   477.94,   600.67
  724.69,   232.44,   346.40
  726.91,   231.84,   471.41
  728.25,   230.49,   596.93
  721.16,   355.29,   347.02
  723.44,   355.62,   473.26
  727.23,   355.67,   600.12
  717.96,   479.28,   347.78
  720.66,   479.76,   474.49
  725.78,   480.60,   601.82
  471.41,   226.39,   472.76
  472.18,   227.74,   598.83
  473.61,   230.03,   724.87
  476.59,   351.86,   469.60
  476.74,   352.47,   594.75
  476.87,   352.66,   720.75
  480.84,   477.56,   467.89
  480.79,   477.83,   592.24
  480.03,   476.33,   717.27
  596.90,   223.29,   472.76
  597.06,   224.39,   598.50
  598.43,   226.32,   723.74
  601.48,   348.31,   470.64
  602.07,   349.35,   596.41
  603.10,   349.66,   722.16
  605.42,   473.44,   469.02
  606.49,   474.62,   594.67
  607.09,   474.21,   720.19
  723.90,   220.58,   472.45
  722.70,   221.52,   597.93
  721.72,   222.66,   723.17
  726.07,   344.39,   471.89
  727.30,   346.72,   598.67
  728.53,   348.64,   725.13
  728.59,   468.27,   470.79
  731.34,   471.60,   598.17
  734.37,   474.69,   724.61
  475.16,   225.63,   599.90
  477.75,   227.44,   725.89
  478.05,   229.16,   850.53
  475.12,   350.39,   596.32
  476.38,   350.13,   722.36
  476.59,   351.22,   847.89
  474.54,   475.76,   594.25
  474.90,   473.78,   719.32
  475.36,   473.96,   844.68
  600.11,   226.86,   598.32
  602.55,   228.24,   723.56
  604.08,   230.25,   847.91
  600.54,   351.86,   596.74
  602.67,   351.64,   722.52
  603.53,   352.88,   847.43
  600.33,   477.16,   595.39
  601.96,   476.12,   720.89
  602.71,   476.40,   845.61
  725.87,   228.61,   596.71
  726.02,   229.20,   722.02
  727.81,   230.80,   846.53
  725.81,   353.80,   597.94
  728.28,   355.29,   724.46
  729.41,   356.72,   848.50
  725.26,   478.71,   597.73
  729.36,   481.18,   724.14
  730.79,   482.25,   847.29
  473.81,   347.74,   103.41
  473.96,   348.51,   227.79
  473.53,   350.60,   350.99
  469.99,   472.44,   103.26
  469.95,   472.98,   227.71
  470.44,   475.78,   350.91
  465.91,   597.82,   100.91
  465.63,   598.61,   225.39
  466.38,   601.84,   350.71
  599.18,   351.28,   102.29
  598.95,   351.46,   227.11
  598.26,   353.39,   351.22
  595.36,   476.08,   101.78
  594.82,   475.95,   226.86
  594.89,   478.27,   350.95
  591.51,   601.49,   100.23
  590.63,   601.88,   225.12
  591.01,   604.15,   350.55
  724.29,   355.03,   100.54
  723.97,   354.61,   225.83
  722.77,   355.83,   351.37
  721.67,   480.18,    99.25
  720.28,   479.00,   225.04
  718.56,   479.79,   350.92
  717.89,   605.92,    99.43
  716.55,   605.44,   224.94
  715.47,   605.44,   350.66
  477.76,   349.16,   224.89
  478.55,   348.79,   348.07
  479.36,   347.44,   472.13
  479.89,   473.63,   227.21
  481.63,   473.97,   350.40
  483.26,   473.13,   473.98
  481.73,   599.32,   227.33
  483.73,   600.04,   352.62
  485.59,   599.24,   477.40
  602.80,   346.04,   222.89
  603.26,   345.44,   347.02
  604.25,   344.33,   472.01
  604.84,   470.44,   225.02
  605.99,   470.14,   349.19
  607.83,   469.46,   474.06
  606.86,   596.38,   225.86
  608.35,   595.92,   351.23
  610.43,   594.95,   476.72
  727.81,   343.16,   220.46
  727.98,   341.91,   345.91
  728.93,   340.88,   472.07
  730.46,   467.34,   221.88
  729.74,   465.57,   347.87
  731.02,   464.77,   474.74
  732.92,   593.68,   224.36
  732.64,   590.95,   350.12
  734.17,   589.49,   476.54
  473.83,   348.40,   349.61
  474.70,   351.90,   473.61
  475.95,   353.65,   598.76
  474.56,   473.51,   347.16
  476.18,   477.63,   470.71
  477.18,   479.03,   595.03
  474.30,   599.51,   344.50
  476.12,   603.78,   469.36
  477.23,   605.19,   593.44
  598.60,   347.35,   348.63
  599.66,   351.10,   473.55
  601.37,   353.28,   599.31
  599.01,   472.07,   345.99
  600.88,   476.32,   470.72
  602.97,   478.58,   596.30
  598.97,   597.87,   343.13
  601.00,   601.90,   468.59
  602.96,   604.25,   593.62
  723.28,   346.05,   347.57
  724.22,   349.86,   473.76
  726.64,   353.41,   600.59
  722.82,   469.81,   344.66
  724.10,   473.86,   471.39
  727.90,   478.30,   598.72
  723.43,   595.34,   342.01
  724.94,   598.68,   468.28
  728.24,   602.84,   594.26
  475.04,   351.09,   474.00
  474.78,   346.44,   599.24
  474.55,   341.64,   725.36
  473.72,   476.77,   477.43
  473.20,   471.59,   601.76
  472.06,   464.97,   726.92
  470.88,   602.88,   482.48
  470.48,   597.52,   606.34
  469.43,   590.51,   729.85
  600.02,   353.13,   475.45
  600.21,   348.87,   601.19
  600.80,   344.00,   726.87
  598.50,   478.37,   479.00
  599.07,   474.02,   604.51
  599.11,   468.17,   729.93
  595.83,   603.99,   483.31
  596.29,   599.61,   608.12
  596.22,   593.85,   732.11
  724.52,   354.69,   477.22
  725.55,   351.87,   603.97
  726.31,   348.50,   730.24
  721.78,   478.81,   481.32
  724.24,   476.83,   608.57
  726.58,   474.39,   734.79
  719.92,   603.70,   484.59
  721.87,   601.44,   610.45
  724.50,   598.97,   735.05
  476.45,   348.14,   596.83
  473.07,   348.39,   722.82
  468.60,   349.98,   848.29
  477.89,   473.50,   594.29
  473.60,   472.01,   719.30
  469.39,   472.70,   844.58
  478.13,   599.63,   593.87
  473.96,   597.89,   717.35
  470.20,   597.95,   841.49
  601.83,   347.64,   601.93
  599.32,   347.88,   727.53
  595.39,   349.65,   852.29
  603.65,   472.93,   600.17
  600.60,   472.29,   725.49
  596.56,   473.05,   850.04
  603.85,   598.59,   598.69
  600.69,   598.21,   722.65
  597.23,   598.57,   846.93
  727.15,   347.76,   607.76
  724.82,   349.52,   734.02
  721.24,   351.36,   857.73
  728.73,   472.76,   607.29
  728.03,   475.54,   733.43
  724.38,   476.77,   856.17
  729.25,   597.34,   604.09
  728.86,   600.17,   728.58
  726.08,   601.27,   853.41
  476.85,   474.33,   101.17
  474.18,   477.56,   225.59
  472.13,   483.19,   348.78
  474.60,   599.77,    96.07
  471.61,   603.15,   220.35
  469.75,   609.20,   345.70
  472.82,   725.37,    90.59
  469.55,   729.41,   214.35
  467.03,   734.83,   342.24
  602.24,   476.22,   102.15
  599.08,   478.87,   227.22
  596.58,   483.97,   351.31
  600.24,   601.71,    97.86
  596.70,   604.79,   222.66
  594.44,   609.80,   348.08
  598.41,   727.73,    93.48
  595.15,   731.30,   217.47
  592.22,   735.30,   344.61
  728.63,   478.56,   102.19
  724.56,   480.18,   227.96
  720.23,   483.77,   353.85
  726.65,   604.41,    99.60
  722.69,   606.67,   225.10
  718.98,   609.40,   350.76
  723.50,   729.72,    97.13
  721.13,   733.58,   221.88
  718.79,   735.79,   347.33
  476.76,   474.46,   227.29
  481.01,   477.77,   350.46
  485.19,   479.93,   474.04
  476.22,   600.13,   224.44
  480.70,   603.85,   349.72
  485.05,   606.09,   474.58
  476.15,   726.44,   220.82
  479.92,   729.55,   348.72
  483.87,   731.58,   475.71
  601.67,   473.58,   222.68
  605.34,   476.24,   346.78
  609.70,   478.52,   471.63
  601.31,   599.54,   220.48
  605.30,   602.08,   345.83
  609.85,   604.09,   471.35
  601.75,   726.12,   217.66
  605.25,   727.72,   344.70
  609.16,   729.03,   471.14
  727.32,   472.85,   217.04
  729.11,   473.94,   342.93
  732.79,   476.02,   469.76
  727.42,   599.33,   216.53
  729.74,   599.56,   342.21
  733.67,   600.87,   468.48
  727.74,   726.32,   215.81
  731.64,   726.15,   341.21
  735.44,   726.03,   465.93
  475.50,   473.57,   351.03
  479.57,   476.75,   474.58
  483.03,   477.19,   598.93
  474.79,   599.61,   349.28
  479.06,   602.91,   474.08
  482.61,   603.34,   598.11
  473.59,   725.33,   347.24
  477.49,   728.45,   474.20
  481.42,   729.62,   598.30
  599.88,   472.50,   347.44
  604.18,   475.83,   472.20
  608.77,   477.27,   597.88
  599.39,   598.33,   345.46
  603.87,   601.42,   470.90
  608.32,   602.90,   595.96
  598.81,   723.95,   343.28
  602.67,   726.41,   469.76
  606.66,   728.35,   593.96
  723.65,   470.63,   343.65
  727.31,   473.77,   470.39
  733.56,   477.41,   597.77
  723.80,   596.20,   341.87
  727.72,   598.62,   468.13
  733.49,   601.94,   594.12
  725.17,   722.74,   339.85
  728.92,   723.74,   464.71
  733.19,   725.97,   588.25
  476.30,   475.67,   474.88
  473.68,   476.05,   599.21
  470.39,   474.86,   724.25
  476.20,   601.83,   474.46
  473.70,   602.18,   598.49
  470.56,   600.77,   721.95
  475.05,   727.40,   474.68
  472.98,   728.49,   598.82
  470.77,   728.54,   721.08
  601.03,   474.52,   478.51
  599.54,   475.71,   604.02
  597.43,   475.31,   729.32
  601.11,   600.12,   477.31
  599.47,   601.42,   602.23
  597.27,   601.28,   726.14
  600.23,   725.12,   476.31
  598.18,   727.03,   600.48
  596.08,   728.50,   723.07
  724.33,   472.32,   482.91
  724.73,   475.83,   610.16
  724.97,   478.82,   736.25
  725.08,   597.12,   480.69
  724.98,   600.43,   606.58
  725.49,   603.46,   731.02
  726.49,   722.07,   477.21
  724.74,   724.51,   600.86
  722.95,   728.09,   724.89
  476.28,   474.38,   598.12
  474.44,   469.41,   723.24
  472.71,   466.80,   848.63
  472.97,   600.40,   601.06
  471.25,   595.13,   724.56
  470.01,   591.97,   848.90
  469.01,   726.66,   605.06
  468.17,   722.77,   727.29
  467.37,   719.41,   850.88
  602.10,   477.33,   601.58
  601.49,   473.24,   727.00
  599.93,   470.65,   851.65
  598.72,   602.96,   603.46
  597.99,   599.01,   727.44
  597.04,   596.00,   851.92
  594.10,   728.58,   605.43
  593.49,   726.15,   728.00
  592.63,   724.06,   852.63
  727.18,   480.60,   606.26
  728.98,   479.97,   732.48
  727.83,   477.83,   855.35
  724.21,   605.19,   606.31
  726.17,   604.48,   730.87
  725.84,   602.13,   855.96
  720.62,   729.33,   604.36
  720.22,   729.13,   728.53
  718.77,   728.24,   855.90
  476.23,   598.96,   102.38
  478.92,   595.71,   226.90
  482.70,   594.83,   352.04
  478.24,   724.70,   103.30
  480.59,   721.98,   227.87
  483.66,   720.57,   355.72
  481.52,   851.39,   106.98
  484.20,   848.94,   231.63
  486.17,   844.79,   359.06
  601.94,   597.26,    98.72
  604.01,   593.42,   223.62
  607.27,   591.37,   348.87
  603.88,   723.25,   100.96
  606.17,   719.94,   225.43
  608.98,   716.98,   352.39
  605.98,   849.58,   104.76
  609.77,   846.10,   228.95
  611.99,   841.40,   355.67
  728.41,   596.23,    94.79
  730.08,   591.42,   220.27
  731.53,   587.10,   345.95
  729.13,   721.50,    99.22
  732.24,   718.38,   224.19
  735.17,   713.53,   349.51
  729.18,   847.19,   102.98
  734.68,   842.81,   227.07
  739.10,   838.65,   352.23
  474.04,   599.32,   226.21
  477.02,   604.22,   351.49
  479.84,   607.59,   476.39
  474.94,   725.57,   221.41
  477.22,   729.87,   349.33
  479.68,   733.06,   476.36
  477.87,   852.70,   219.61
  479.28,   854.12,   346.80
  480.83,   855.88,   474.13
  599.13,   597.70,   223.78
  601.67,   601.49,   349.13
  604.73,   604.68,   474.63
  600.54,   724.23,   219.78
  602.54,   727.05,   346.85
  604.95,   729.58,   473.31
  603.44,   850.55,   217.72
  605.00,   851.44,   344.36
  606.44,   852.91,   470.47
  725.18,   596.39,   221.32
  726.08,   597.90,   347.03
  728.65,   600.49,   473.32
  726.59,   723.39,   219.40
  728.95,   724.40,   344.84
  731.27,   725.52,   469.62
  728.18,   847.74,   216.55
  731.95,   849.22,   341.86
  734.32,   850.43,   466.01
  474.69,   603.17,   350.65
  474.25,   601.56,   475.44
  473.05,   597.08,   599.38
  470.80,   728.91,   353.56
  470.05,   727.12,   480.43
  469.28,   723.30,   604.35
  468.64,   853.07,   356.10
  466.97,   850.14,   483.38
  466.06,   848.18,   607.69
  599.33,   604.70,   351.64
  599.13,   602.95,   477.08
  598.80,   599.43,   601.98
  596.00,   730.26,   354.43
  595.11,   727.96,   480.88
  594.40,   725.03,   604.94
  594.19,   854.44,   356.97
  592.20,   851.28,   483.19
  590.93,   849.43,   607.15
  723.78,   605.28,   352.93
  723.15,   602.97,   479.17
  724.25,   601.46,   605.09
  722.52,   731.64,   355.62
  721.44,   727.91,   480.45
  720.90,   725.61,   604.15
  721.32,   856.16,   357.61
  720.03,   852.58,   481.77
  717.82,   850.05,   605.16
  477.33,   604.57,   474.93
  479.26,   598.95,   598.84
  480.49,   591.51,   722.32
  478.36,   730.02,   481.01
  480.69,   725.11,   604.86
  482.87,   719.06,   726.97
  480.54,   852.89,   485.02
  482.72,   849.89,   609.18
  485.65,   847.13,   732.07
  602.21,   600.65,   473.29
  605.03,   596.07,   598.28
  607.42,   590.15,   722.45
  603.59,   725.53,   478.12
  606.00,   721.48,   602.18
  608.36,   717.00,   724.87
  606.09,   848.84,   481.41
  607.81,   845.75,   605.25
  609.63,   843.48,   728.44
  726.07,   595.41,   472.17
  730.27,   592.82,   598.30
  735.49,   590.27,   723.16
  729.80,   720.35,   474.61
  732.51,   716.84,   598.35
  735.74,   714.51,   722.44
  733.97,   845.14,   476.85
  735.01,   841.23,   599.92
  734.27,   839.03,   725.35
  475.69,   602.72,   597.86
  477.88,   596.69,   721.32
  480.48,   592.62,   845.60
  476.94,   728.91,   602.55
  480.07,   724.34,   724.68
  483.16,   720.30,   848.18
  478.83,   853.58,   605.39
  482.67,   852.33,   728.39
  485.93,   849.58,   853.82
  601.42,   600.02,   596.30
  604.70,   595.46,   720.43
  607.75,   591.66,   844.89
  602.17,   725.48,   598.94
  605.44,   722.41,   721.58
  608.47,   719.64,   846.19
  603.88,   849.67,   600.65
  606.70,   848.79,   723.81
  609.24,   847.77,   848.88
  726.64,   596.86,   595.33
  732.70,   595.62,   720.14
  736.80,   592.88,   844.89
  728.66,   720.93,   594.12
  732.64,   719.95,   718.10
  735.48,   718.36,   845.42
  731.06,   845.38,   594.48
  731.26,   844.46,   719.78
  731.09,   844.28,   846.16
  602.88,   102.71,    98.09
  603.33,   101.84,   222.41
  601.55,    99.02,   348.13
  605.89,   227.09,    99.86
  606.23,   226.12,   224.15
  605.04,   224.71,   349.04
  608.62,   350.91,   101.92
  608.54,   348.84,   226.76
  607.96,   348.48,   350.96
  728.05,    98.93,    98.31
  728.58,    98.72,   222.55
  728.93,    96.42,   347.58
  729.79,   225.66,   100.78
  730.42,   223.50,   224.91
  731.29,   222.28,   349.27
  733.67,   348.72,   100.12
  733.59,   346.08,   225.38
  732.65,   345.08,   350.94
  853.05,    95.77,    97.88
  851.65,    94.76,   223.23
  853.54,    93.99,   348.31
  854.18,   222.64,   100.72
  854.25,   219.94,   224.98
  857.08,   219.89,   349.24
  858.68,   346.06,    99.68
  859.04,   343.50,   224.61
  858.36,   342.40,   351.03
  599.78,   102.58,   222.23
  599.09,   101.69,   347.94
  599.57,   101.24,   473.56
  600.18,   226.86,   222.08
  600.07,   227.34,   346.98
  600.19,   227.16,   472.53
  599.93,   349.62,   222.94
  600.48,   351.16,   347.04
  601.60,   352.22,   472.00
  725.02,   102.10,   221.35
  726.51,   101.75,   346.34
  727.23,   101.96,   471.05
  724.39,   226.74,   221.74
  726.23,   227.38,   346.14
  727.18,   227.55,   471.13
  725.00,   349.38,   220.41
  725.13,   350.23,   345.89
  726.13,   351.35,   472.13
  848.15,   100.71,   221.00
  851.38,   101.98,   345.85
  853.86,   103.29,   469.64
  848.25,   225.78,   220.76
  852.04,   227.47,   345.06
  854.25,   228.06,   469.66
  850.56,   349.29,   218.41
  850.74,   349.97,   344.86
  851.45,   350.81,   471.63
  598.24,    99.47,   349.93
  594.97,    99.46,   475.55
  593.23,   100.49,   600.69
  596.14,   225.16,   348.46
  592.47,   225.34,   474.01
  590.06,   225.28,   599.76
  593.56,   349.00,   348.04
  590.93,   350.44,   472.89
  588.86,   350.20,   598.52
  725.65,   102.70,   352.00
  722.47,   103.27,   476.70
  717.72,   103.65,   601.19
  722.26,   228.27,   351.33
  719.32,   228.78,   476.36
  715.65,   228.62,   601.91
  718.09,   351.14,   350.66
  715.43,   352.69,   476.81
  714.18,   353.82,   603.54
  850.77,   106.26,   355.11
  849.29,   107.69,   478.73
  844.25,   106.63,   602.02
  848.18,   231.49,   353.96
  846.37,   232.32,   478.63
  841.96,   231.62,   603.70
  843.48,   353.86,   353.44
  840.52,   355.16,   480.28
  838.78,   356.75,   606.62
  600.54,    99.49,   476.65
  602.10,    99.92,   601.73
  604.42,   100.63,   726.27
  603.01,   225.40,   475.82
  603.93,   224.74,   601.56
  606.00,   224.91,   726.76
  606.28,   350.43,   475.52
  607.71,   349.70,   601.38
  609.54,   348.33,   727.16
  728.13,    98.31,   474.49
  726.70,    98.19,   598.91
  725.88,    97.82,   722.98
  730.05,   223.94,   474.69
  729.61,   223.11,   600.17
  729.24,   222.44,   725.39
  730.87,   347.74,   475.99
  732.98,   348.38,   602.83
  734.95,   348.63,   729.26
  854.59,    97.74,   473.53
  853.41,    96.43,   596.63
  850.72,    94.40,   720.56
  857.14,   222.60,   473.50
  856.16,   221.11,   598.32
  853.77,   219.41,   723.87
  856.29,   345.38,   475.70
  857.44,   346.02,   601.66
  859.57,   347.27,   727.27
  598.19,    99.62,   598.80
  602.89,   103.65,   723.24
  606.88,   107.58,   847.16
  595.28,   224.40,   595.35
  599.88,   227.82,   720.53
  603.57,   231.84,   844.83
  594.33,   349.37,   591.63
  598.59,   351.17,   717.37
  601.70,   354.35,   842.33
  722.85,   102.46,   593.45
  724.34,   105.36,   717.47
  728.02,   109.52,   842.31
  721.02,   227.43,   591.53
  723.38,   230.08,   716.83
  727.20,   233.66,   841.36
  719.52,   352.51,   590.58
  724.19,   356.01,   717.14
  727.57,   359.51,   841.39
  849.70,   105.32,   588.56
  849.34,   106.37,   712.48
  851.10,   110.34,   839.84
  847.59,   230.18,   587.39
  847.98,   231.97,   712.94
  850.19,   236.08,   839.82
  844.04,   354.85,   587.58
  848.93,   359.59,   713.26
  853.89,   364.11,   837.85
  603.06,   226.11,    99.46
  600.59,   229.19,   223.73
  596.54,   231.88,   348.57
  606.10,   349.99,    97.52
  603.24,   351.90,   222.42
  599.87,   355.65,   346.51
  608.75,   474.91,    95.03
  605.44,   476.34,   220.26
  602.73,   480.41,   344.44
  726.95,   224.37,   103.30
  724.80,   226.31,   227.34
  722.62,   229.11,   351.71
  731.11,   347.49,    98.68
  728.24,   348.87,   223.88
  724.41,   351.93,   349.36
  735.10,   472.60,    95.28
  731.06,   473.15,   221.10
  726.46,   475.70,   347.07
  851.11,   220.99,   106.19
  848.70,   222.62,   230.38
  848.59,   226.52,   354.61
  856.11,   344.50,   101.12
  853.66,   345.99,   225.99
  849.95,   348.90,   352.41
  860.66,   469.60,    97.87
  858.15,   470.64,   223.09
  851.39,   472.21,   350.30
  601.63,   227.30,   224.37
  596.84,   229.38,   349.21
  592.29,   230.83,   474.70
  599.94,   350.03,   223.56
  595.85,   353.22,   347.61
  592.35,   355.93,   472.40
  597.80,   474.50,   221.97
  594.44,   478.08,   346.04
  591.76,   481.26,   470.64
  725.86,   228.67,   228.62
  722.94,   230.92,   352.99
  719.05,   232.66,   478.04
  724.93,   351.29,   225.67
  720.36,   353.79,   351.13
  716.78,   356.56,   477.29
  723.30,   475.64,   223.48
  718.14,   477.73,   349.34
  715.05,   480.75,   475.94
  849.87,   229.30,   232.21
  848.90,   232.60,   356.54
  846.08,   234.61,   481.23
  850.46,   352.70,   228.35
  845.79,   354.98,   354.86
  841.85,   357.47,   481.69
  850.32,   477.37,   226.03
  842.82,   478.34,   353.24
  838.23,   480.93,   480.85
  600.06,   224.40,   350.72
  599.45,   227.52,   476.24
  600.01,   230.38,   601.93
  601.51,   348.17,   347.43
  601.86,   352.54,   472.36
  602.88,   355.34,   598.10
  602.50,   472.85,   344.20
  603.64,   477.71,   468.95
  605.06,   480.64,   594.54
  726.33,   223.50,   350.66
  726.42,   226.92,   475.62
  725.68,   229.67,   601.16
  726.19,   346.30,   347.10
  726.41,   350.69,   473.30
  728.14,   354.87,   600.14
  726.32,   470.01,   343.59
  726.84,   474.64,   470.35
  729.96,   479.71,   597.66
  852.22,   222.68,   350.37
  853.54,   226.45,   474.90
  852.12,   228.57,   599.87
  851.83,   345.10,   346.89
  851.76,   349.19,   473.58
  852.59,   353.45,   599.70
  851.46,   468.39,   343.52
  850.29,   472.49,   471.14
  853.03,   478.24,   597.53
  600.60,   225.27,   474.55
  603.80,   226.28,   600.24
  608.11,   228.07,   725.41
  601.99,   350.33,   472.54
  605.66,   351.28,   598.34
  609.75,   351.55,   724.13
  602.80,   475.56,   470.97
  606.89,   476.58,   596.63
  610.58,   476.14,   722.21
  727.61,   225.67,   471.20
  729.53,   226.57,   596.67
  731.47,   227.55,   721.94
  726.52,   349.46,   470.72
  730.87,   351.78,   597.56
  735.25,   353.78,   724.09
  725.95,   473.46,   469.64
  731.70,   476.67,   597.02
  737.89,   479.79,   723.45
  854.67,   226.20,   467.81
  856.09,   226.50,   592.67
  856.14,   226.54,   718.21
  851.85,   348.92,   468.27
  855.29,   351.27,   594.32
  859.85,   354.28,   719.81
  849.36,   472.25,   467.69
  854.63,   476.09,   594.09
  863.11,   480.60,   718.28
  599.31,   225.56,   601.78
  598.70,   227.59,   727.00
  597.03,   230.22,   851.35
  602.97,   350.52,   599.67
  602.00,   350.90,   725.35
  599.66,   352.77,   850.17
  606.02,   475.81,   597.83
  604.57,   475.42,   723.24
  602.13,   476.29,   847.82
  724.92,   224.06,   603.23
  722.02,   225.31,   728.47
  720.97,   227.61,   852.89
  728.25,   349.33,   603.98
  727.51,   351.33,   730.36
  725.50,   353.33,   854.21
  731.00,   474.27,   603.37
  731.98,   477.36,   729.63
  730.06,   478.87,   852.51
  851.33,   222.15,   604.19
  846.22,   222.47,   729.86
  843.77,   225.67,   856.83
  852.77,   347.21,   605.81
  852.28,   350.45,   731.58
  851.49,   353.35,   856.27
  854.18,   472.14,   605.45
  857.79,   476.89,   729.83
  857.74,   479.20,   852.75
  601.02,   349.19,    98.47
  602.33,   349.70,   223.33
  603.09,   351.97,   347.46
  601.26,   474.08,    97.47
  602.17,   474.18,   222.61
  603.62,   476.78,   346.77
  601.48,   599.55,    95.63
  602.00,   600.15,   220.50
  603.75,   602.63,   345.91
  726.08,   349.05,    95.38
  727.40,   348.93,   220.59
  727.74,   350.51,   346.09
  727.62,   474.19,    93.45
  727.84,   473.28,   219.23
  727.41,   474.34,   345.18
  727.93,   599.97,    93.27
  728.13,   599.76,   218.82
  728.23,   599.93,   344.55
  851.14,   348.46,    93.55
  852.94,   348.31,   218.41
  853.37,   349.74,   344.85
  853.20,   473.61,    91.65
  855.11,   473.09,   216.90
  852.54,   473.17,   344.11
  853.26,   599.59,    92.19
  854.93,   599.41,   217.75
  852.61,   598.90,   343.55
  599.15,   347.80,   225.00
  596.42,   347.67,   349.08
  594.22,   346.99,   473.98
  599.76,   472.26,   226.78
  597.77,   472.49,   350.89
  596.44,   472.25,   475.60
  600.33,   598.23,   227.19
  598.66,   598.34,   352.57
  597.52,   597.87,   477.97
  724.16,   346.27,   225.81
  721.06,   345.50,   351.26
  718.85,   344.91,   477.39
  725.27,   470.52,   226.95
  721.47,   469.30,   352.88
  719.75,   469.01,   479.60
  726.29,   596.89,   228.98
  722.99,   594.77,   354.72
  721.49,   593.84,   481.05
  849.60,   344.87,   227.16
  846.62,   343.96,   353.58
  844.23,   343.14,   480.22
  852.29,   469.43,   228.13
  846.30,   467.19,   355.42
  843.13,   466.48,   483.06
  852.91,   595.67,   231.35
  847.11,   592.69,   357.23
  844.21,   591.48,   483.45
  599.97,   351.84,   350.91
  598.67,   354.02,   475.85
  597.96,   354.56,   601.59
  602.11,   476.63,   349.86
  601.62,   479.26,   474.67
  601.30,   479.86,   600.22
  603.82,   602.42,   348.66
  603.47,   604.81,   474.18
  603.02,   605.53,   599.16
  724.58,   348.84,   352.30
  723.19,   351.10,   478.54
  723.24,   353.04,   605.35
  725.83,   472.62,   351.04
  724.86,   475.14,   477.86
  726.37,   478.01,   605.15
  728.23,   598.11,   350.02
  727.44,   599.93,   476.33
  728.45,   602.57,   602.27
  850.18,   346.53,   353.84
  848.50,   348.50,   480.55
  847.77,   350.65,   606.72
  850.77,   469.83,   352.78
  848.22,   471.88,   480.41
  849.62,   475.58,   606.80
  852.43,   595.44,   351.74
  850.10,   596.99,   477.81
  852.28,   600.25,   603.02
  599.04,   349.24,   475.20
  597.74,   348.44,   600.94
  596.83,   346.98,   726.62
  600.31,   474.50,   475.31
  599.42,   473.72,   600.84
  597.96,   471.34,   726.24
  600.48,   600.13,   476.13
  599.48,   599.41,   601.09
  597.92,   597.24,   725.09
  723.64,   348.06,   478.38
  723.07,   348.62,   605.14
  722.37,   348.66,   731.44
  723.60,   472.14,   479.04
  724.55,   473.64,   606.32
  725.41,   474.66,   732.57
  724.46,   596.99,   478.88
  724.95,   598.29,   604.86
  726.12,   599.35,   729.45
  848.97,   347.17,   480.91
  847.67,   347.96,   607.05
  847.22,   349.32,   732.85
  846.97,   470.58,   482.15
  847.89,   472.97,   608.57
  851.53,   475.89,   733.09
  847.17,   595.67,   480.91
  848.90,   597.66,   606.21
  852.89,   599.77,   730.49
  600.55,   348.64,   600.91
  598.41,   346.38,   726.55
  594.90,   345.69,   851.35
  597.95,   473.84,   601.44
  595.21,   470.59,   726.75
  591.54,   468.91,   851.41
  593.71,   599.49,   602.33
  590.81,   596.34,   726.25
  587.72,   594.22,   850.62
  725.87,   353.08,   606.45
  723.97,   352.36,   732.72
  720.72,   351.66,   856.44
  723.07,   478.03,   608.20
  722.65,   478.15,   734.32
  719.31,   476.85,   857.13
  719.17,   602.64,   607.30
  718.90,   602.72,   731.78
  716.40,   601.21,   856.73
  850.28,   356.63,   609.62
  848.96,   357.39,   735.33
  846.88,   357.47,   859.74
  846.43,   481.69,   611.74
  848.98,   483.81,   736.22
  847.09,   483.18,   859.01
  843.35,   606.22,   609.84
  845.95,   607.49,   734.23
  842.99,   606.67,   859.96
  601.24,   473.81,   101.41
  603.60,   473.50,   226.46
  606.47,   475.55,   350.61
  599.45,   599.28,   100.08
  601.48,   599.47,   224.98
  604.69,   601.42,   350.36
  597.88,   725.36,    98.51
  600.12,   726.03,   222.86
  602.81,   727.04,   349.97
  727.59,   475.92,    95.94
  729.21,   474.51,   221.67
  730.19,   475.02,   347.64
  725.91,   601.71,    96.34
  727.53,   600.99,   221.86
  729.10,   600.63,   347.57
  723.04,   727.04,    96.85
  726.16,   727.97,   221.75
  729.25,   727.17,   347.19
  853.20,   477.36,    92.69
  856.48,   476.30,   217.95
  855.32,   475.86,   345.14
  851.30,   603.35,    93.83
  854.26,   602.62,   219.40
  853.42,   601.59,   345.13
  848.55,   728.34,    95.66
  851.04,   728.88,   221.38
  852.91,   728.67,   344.54
  600.60,   473.57,   226.18
  604.17,   474.30,   350.28
  608.40,   474.60,   475.13
  596.10,   599.50,   226.09
  600.04,   600.17,   351.44
  604.48,   600.19,   476.89
  592.33,   725.97,   225.32
  595.71,   725.77,   352.50
  599.54,   725.23,   478.90
  726.12,   477.00,   220.76
  727.83,   476.18,   346.65
  731.47,   476.33,   473.49
  722.03,   603.43,   222.32
  724.38,   601.79,   347.99
  728.30,   601.21,   474.26
  718.32,   730.32,   223.46
  722.09,   728.23,   349.01
  725.74,   726.26,   473.84
  853.36,   481.18,   216.34
  852.86,   479.35,   343.48
  854.75,   479.01,   471.04
  848.67,   607.50,   219.26
  848.66,   605.05,   344.89
  850.90,   604.23,   470.78
  843.23,   733.77,   222.52
  846.02,   732.08,   345.68
  849.82,   730.60,   468.52
  600.61,   475.78,   351.71
  604.16,   475.59,   476.53
  607.95,   473.47,   602.23
  603.31,   601.57,   353.18
  607.05,   601.10,   478.66
  610.76,   599.03,   603.71
  605.96,   727.07,   354.55
  609.07,   725.97,   480.85
  612.32,   724.46,   604.88
  724.30,   470.78,   348.74
  727.30,   470.50,   475.54
  732.83,   470.68,   602.94
  727.63,   596.22,   350.38
  730.85,   595.25,   476.73
  736.03,   595.24,   602.83
  732.29,   722.63,   351.72
  735.23,   720.20,   476.46
  738.88,   719.18,   600.09
  849.33,   467.01,   346.21
  850.71,   466.29,   473.84
  855.79,   467.09,   600.14
  851.89,   592.57,   347.93
  853.39,   591.40,   474.08
  859.40,   591.96,   599.33
  855.73,   719.67,   349.02
  858.68,   717.91,   472.09
  864.28,   716.24,   595.57
  602.42,   475.20,   474.06
  599.56,   473.08,   599.51
  596.09,   469.27,   724.80
  601.12,   600.83,   476.21
  598.14,   598.74,   601.09
  594.55,   595.09,   725.01
  598.83,   725.86,   478.59
  595.44,   724.37,   602.71
  592.01,   722.27,   725.27
  725.66,   474.29,   479.81
  724.67,   474.43,   607.00
  723.50,   474.00,   733.14
  725.08,   599.16,   480.96
  723.61,   599.09,   606.85
  722.71,   598.68,   731.38
  725.08,   724.13,   480.81
  721.93,   723.25,   604.53
  718.83,   723.40,   728.63
  848.96,   474.22,   484.90
  848.05,   475.27,   611.23
  849.76,   476.81,   735.75
  847.79,   599.36,   484.92
  847.68,   599.94,   610.15
  849.66,   600.67,   734.49
  849.27,   725.59,   482.70
  848.17,   723.76,   606.13
  847.84,   723.10,   731.39
  600.95,   473.55,   601.84
  601.40,   473.67,   727.28
  600.91,   475.29,   851.91
  600.71,   599.25,   599.63
  601.04,   599.60,   723.65
  601.15,   600.80,   848.06
  599.20,   724.82,   597.46
  599.57,   726.71,   720.08
  599.67,   728.98,   844.54
  726.05,   473.77,   605.45
  728.88,   477.33,   731.72
  728.88,   479.44,   854.58
  726.11,   598.36,   601.53
  729.19,   601.92,   726.08
  730.10,   603.90,   850.99
  725.74,   722.44,   595.45
  726.57,   726.39,   719.37
  726.07,   729.86,   846.56
  849.31,   473.33,   605.78
  854.82,   478.66,   730.16
  856.66,   481.49,   852.97
  849.91,   597.98,   601.01
  855.76,   602.46,   725.15
  856.57,   605.05,   850.42
  851.62,   722.02,   593.34
  855.41,   724.86,   718.20
  855.31,   727.93,   846.66
  599.69,   597.90,    98.49
  599.69,   598.51,   223.40
  600.93,   600.98,   348.79
  602.96,   723.93,    96.48
  603.21,   725.04,   220.76
  603.89,   726.50,   347.85
  606.16,   850.11,    96.07
  608.18,   851.24,   220.04
  608.43,   850.83,   346.70
  726.15,   595.46,    96.68
  725.71,   595.12,   222.26
  725.29,   595.32,   348.01
  728.19,   720.72,    96.74
  729.23,   722.10,   221.72
  730.23,   721.75,   347.15
  729.39,   846.58,    96.25
  732.91,   846.43,   220.22
  735.37,   846.63,   345.49
  851.68,   592.24,    96.05
  852.52,   591.83,   221.63
  849.58,   591.23,   347.58
  853.74,   717.22,    97.52
  854.16,   718.13,   223.19
  853.80,   718.34,   346.52
  856.21,   842.14,    96.56
  856.61,   841.53,   221.72
  858.77,   843.45,   344.68
  599.31,   600.53,   225.48
  596.48,   600.31,   350.86
  594.18,   599.54,   476.22
  601.58,   727.07,   225.70
  598.12,   725.86,   352.81
  595.13,   724.52,   479.23
  605.35,   853.20,   227.85
  601.30,   850.13,   354.51
  597.20,   847.85,   480.70
  725.24,   598.29,   228.45
  720.81,   595.84,   354.15
  718.16,   594.59,   480.42
  727.61,   725.26,   230.68
  724.47,   722.16,   356.07
  721.31,   719.46,   480.98
  730.31,   849.51,   231.92
  728.38,   847.02,   357.24
  725.00,   844.17,   481.28
  851.79,   596.12,   231.97
  844.88,   592.78,   357.81
  840.88,   591.21,   484.03
  852.36,   722.49,   236.12
  848.21,   719.89,   359.26
  845.47,   717.37,   482.41
  853.91,   845.89,   237.17
  852.33,   845.18,   360.12
  850.64,   843.72,   483.22
  599.93,   599.15,   350.88
  597.29,   600.85,   476.29
  594.47,   600.72,   601.14
  595.60,   724.75,   350.16
  592.27,   725.91,   476.66
  589.07,   726.38,   600.83
  592.75,   849.13,   349.22
  588.33,   849.27,   475.61
  584.64,   850.69,   599.72
  724.23,   600.75,   354.53
  721.26,   601.91,   480.77
  719.91,   603.76,   606.57
  721.97,   727.14,   353.78
  718.49,   726.86,   478.66
  715.45,   727.93,   602.34
  719.79,   851.84,   352.34
  716.07,   851.52,   476.59
  711.46,   852.35,   600.04
  848.23,   603.90,   358.52
  844.00,   604.74,   484.42
  844.08,   607.26,   609.56
  845.88,   730.95,   357.27
  842.98,   730.83,   480.16
  841.82,   730.96,   603.45
  844.18,   855.70,   355.50
  842.10,   856.85,   479.03
  838.73,   856.62,   602.30
  601.51,   601.87,   473.77
  599.99,   600.10,   598.72
  597.91,   596.82,   722.72
  599.07,   726.89,   475.86
  597.13,   725.69,   600.05
  595.15,   723.94,   722.66
  597.75,   850.28,   476.48
  595.21,   850.00,   600.56
  593.10,   850.55,   723.64
  725.49,   600.35,   477.02
  725.41,   600.54,   602.97
  726.05,   600.52,   727.56
  725.37,   725.37,   476.65
  723.65,   724.68,   600.37
  722.03,   725.13,   724.46
  725.62,   850.17,   476.30
  722.25,   849.17,   599.65
  717.10,   849.82,   725.13
  848.22,   600.74,   479.51
  849.37,   601.54,   604.77
  852.80,   602.52,   729.10
  849.55,   727.06,   477.12
  849.78,   725.48,   600.53
  850.99,   724.96,   725.69
  851.26,   853.25,   477.64
  849.51,   851.20,   600.89
  846.73,   848.95,   724.98
  601.32,   601.87,   599.15
  603.61,   597.37,   723.24
  605.66,   593.69,   847.73
  603.26,   727.30,   601.66
  605.55,   724.37,   724.31
  607.58,   721.72,   849.03
  606.20,   851.46,   603.23
  608.01,   850.72,   726.49
  609.58,   849.80,   851.65
  726.64,   597.57,   599.13
  731.69,   596.37,   723.90
  734.63,   593.61,   848.72
  729.80,   721.59,   597.75
  732.76,   720.73,   721.83
  734.53,   719.18,   849.28
  733.33,   846.00,   598.03
  732.46,   845.20,   723.47
  731.39,   845.12,   849.81
  850.19,   593.80,   596.82
  857.91,   593.56,   721.03
  861.05,   591.46,   845.83
  855.45,   717.95,   593.93
  861.34,   715.96,   718.98
  863.25,   714.07,   847.30
  860.34,   843.70,   595.20
  863.00,   839.86,   719.18
  863.45,   837.68,   846.02
