15 PA3-C-Debug-Output.txt 0
  -11.07   -29.34   -25.98       -10.71   -30.12   -25.88     0.864
  -17.39    17.52    25.24       -16.46    17.34    25.20     0.956
    7.30    -9.78   -24.58         6.88    -9.04   -23.46     1.405
   23.28    -2.17    25.68        24.00    -2.92    25.91     1.069
   -5.32   -21.05   -39.72        -5.69   -20.75   -39.43     0.560
  -11.42     7.28   -12.54       -11.47     7.46   -12.50     0.195
  -11.46     8.76   -34.10       -11.61     8.42   -34.00     0.384
   36.43    -2.68     3.82        36.52    -2.76     3.80     0.123
  -28.76     3.81   -16.15       -28.62     4.27   -14.00     2.208
  -32.99   -13.46    -9.68       -33.48   -13.82    -7.83     1.950
   22.45   -16.17   -14.62        22.34   -15.62   -14.58     0.567
   15.18    -2.82    55.55        16.04    -4.29    55.68     1.700
  -12.94     9.08    16.28       -11.75     9.32    16.46     1.231
   -3.12    -2.87    61.42        -4.02    -3.62    61.34     1.171
  -29.75     1.75   -15.36       -29.97     2.59   -13.54     2.009
