15 PA3-E-Debug-Output.txt 0
   -2.51    -1.32   -26.40        -1.56    -0.84   -27.09     1.266
   32.36    12.11   -15.11        34.63    13.25   -16.07     2.714
  -23.20   -34.57   -21.01       -23.38   -32.23   -21.48     2.390
  -23.77   -14.16   -51.33       -23.79   -13.86   -48.50     2.844
   16.39     4.57    58.62        16.42     4.31    63.04     4.428
  -31.09   -25.61   -10.65       -30.38   -24.60   -11.59     1.554
   20.13     5.23   -31.99        21.85     5.64   -29.59     2.977
   -9.66    17.78    11.92        -8.40    17.18    13.95     2.468
  -19.05    15.56    19.98       -16.37    16.07    21.06     2.936
    7.56    20.32    42.89         7.49    20.83    42.97     0.521
   29.79    -8.31    -8.90        30.22    -8.77    -8.73     0.646
   -2.06   -19.66   -30.02        -0.79   -20.31   -30.24     1.436
  -21.69    -7.37    -3.64       -21.44    -7.43    -3.97     0.422
  -21.69    -3.37    -8.11       -22.60    -2.75    -7.15     1.462
  -40.13   -20.17   -43.29       -36.94   -18.35   -40.59     4.554
