15 PA3-D-Debug-Answer.txt 0
   -8.08    -0.76    62.12        -5.68    -0.71    62.20     2.402
    2.20    14.49    -4.81         2.69    13.98    -4.52     0.757
   -6.49    -2.87   -41.58        -6.58    -2.93   -41.48     0.137
   11.50    25.98    -1.65        11.41    26.10    -1.68     0.154
   36.41     6.47   -10.14        38.13     6.97   -10.83     1.916
   -4.46    11.73    61.91        -4.47    11.73    61.93     0.014
  -34.89    -1.76   -44.09       -34.31    -2.17   -43.04     1.267
   22.75    -1.16    26.60        24.06    -2.53    27.02     1.945
  -11.90     6.23    28.95        -9.62     7.19    28.17     2.599
   -4.82   -19.99   -11.27        -4.72   -20.19   -11.13     0.262
  -33.80   -29.05   -20.42       -33.26   -28.19   -20.60     1.027
  -36.86     4.81   -30.31       -36.97     4.92   -30.36     0.164
  -18.86   -28.64   -42.91       -19.12   -27.01   -41.54     2.149
    0.31    23.41    13.82         0.42    23.21    13.95     0.270
   29.06    -5.47   -25.59        29.06    -5.45   -25.57     0.038
