200 PA4-F-Debug-Answer.txt 0
   15.58    11.14   -24.37        15.60    11.16   -24.38     0.034
   -4.50   -24.95   -20.72        -4.47   -24.98   -20.70     0.042
   28.40    21.18   -19.22        28.41    21.19   -19.23     0.009
   10.85     2.41    63.10        10.85     2.41    63.09     0.017
  -35.95   -14.06    -9.41       -35.94   -14.06    -9.43     0.020
  -14.18    -0.54   -45.88       -14.19    -0.55   -45.86     0.029
   13.50    -6.44    26.01        13.51    -6.50    26.02     0.066
  -39.52   -17.07   -14.96       -39.54   -17.08   -14.95     0.025
  -30.88   -27.67   -16.26       -30.89   -27.69   -16.24     0.030
    2.01    -4.65   -25.91         1.98    -4.67   -25.87     0.050
   -7.04     5.14    59.16        -7.09     5.14    59.16     0.046
    2.80    20.41     4.04         2.85    20.38     4.06     0.064
   -3.34    -4.14   -35.83        -3.36    -4.14   -35.83     0.018
  -26.07   -23.57    -8.86       -26.07   -23.57    -8.86     0.001
   16.85    -2.58    61.45        16.94    -2.63    61.56     0.146
    0.91    -6.53   -27.55         0.93    -6.53   -27.56     0.030
   -5.82    25.13    25.88        -5.86    24.96    25.88     0.176
   -8.61     4.78   -36.57        -8.65     4.74   -36.54     0.058
  -19.12   -22.60    -8.46       -19.11   -22.61    -8.44     0.018
  -31.27     9.32   -28.90       -31.27     9.32   -28.90     0.004
   -2.54    -5.11    57.23        -2.54    -5.11    57.23     0.009
   24.52   -14.87   -14.09        24.47   -14.78   -14.09     0.100
  -11.89   -14.47   -46.93       -11.87   -14.48   -46.99     0.065
   14.35    -0.91    63.04        14.35    -0.91    62.99     0.047
   14.47   -16.46    -2.91        14.47   -16.48    -2.90     0.023
   16.97    -4.10    48.47        16.98    -4.11    48.47     0.014
   19.36    15.22    56.18        19.24    15.13    56.17     0.154
  -20.46    10.17   -35.75       -20.46    10.25   -35.81     0.102
  -18.02    11.50   -32.21       -18.02    11.48   -32.20     0.024
   31.05     0.97   -27.39        30.89     0.98   -27.30     0.184
   20.72     1.80    55.25        20.84     1.75    55.27     0.133
  -26.05   -22.33   -44.90       -26.06   -22.35   -44.92     0.026
   28.05    -0.28    20.96        28.14    -0.32    21.00     0.115
   -8.21   -22.62   -12.01        -8.23   -22.58   -12.03     0.047
   10.27   -12.85   -18.78        10.30   -12.91   -18.83     0.082
   -7.27     2.92    33.42        -7.22     2.93    33.41     0.058
   -6.18    10.70    50.56        -6.00    10.64    50.55     0.186
   -7.61   -17.66   -43.15        -7.62   -17.66   -43.14     0.015
   21.32    12.60    52.87        21.18    12.55    52.85     0.146
   15.95    22.06    29.95        15.98    22.24    29.98     0.184
    2.51    22.60    30.95         2.51    22.59    30.95     0.009
   13.43    21.03   -29.32        13.42    21.06   -29.37     0.059
   12.38    26.24    -4.68        12.41    26.17    -4.66     0.077
  -44.14    -9.74   -24.16       -44.12    -9.74   -24.16     0.020
   32.93    -5.48   -21.71        32.97    -5.50   -21.72     0.050
   17.53    16.88   -30.93        17.53    16.85   -30.87     0.063
    3.13    24.11    19.36         3.13    24.09    19.36     0.020
   20.35    18.55   -29.25        20.34    18.53   -29.23     0.040
    6.84   -12.10     8.47         6.86   -12.19     8.51     0.098
    3.30    11.30    -9.48         3.31    11.27    -9.47     0.036
   27.87    -3.51    16.54        27.93    -3.58    16.57     0.100
   -7.37    10.75    41.32        -7.37    10.75    41.32     0.005
   18.08   -10.39     6.12        18.05   -10.32     6.09     0.077
  -15.77   -21.19   -45.23       -15.77   -21.19   -45.23     0.002
   -6.90     4.53   -31.42        -6.89     4.54   -31.42     0.014
   21.00    21.51    22.34        21.00    21.50    22.34     0.012
   -9.65   -21.16    -9.54        -9.65   -21.12    -9.59     0.057
   23.94    12.77    35.47        23.89    12.75    35.45     0.062
   -6.84     3.25    46.40        -6.66     3.26    46.40     0.174
   26.03     0.37    27.27        26.02     0.37    27.27     0.008
   -4.14     0.51   -29.83        -4.11     0.52   -29.84     0.028
  -37.84     4.42   -24.50       -37.89     4.46   -24.49     0.064
    3.13    -0.52   -23.29         3.14    -0.51   -23.31     0.022
    7.87    21.69    35.12         7.86    21.73    35.13     0.034
  -15.95    10.75   -21.79       -15.95    10.77   -21.79     0.021
   24.00    -4.66    20.45        23.95    -4.57    20.42     0.114
   -4.96   -22.26   -14.17        -5.02   -22.19   -14.22     0.100
  -22.04   -19.25   -47.17       -22.05   -19.27   -47.24     0.079
  -29.59   -30.89   -24.22       -29.62   -30.95   -24.21     0.068
   -5.04    12.14    56.54        -5.11    12.17    56.54     0.070
   -2.35   -22.00   -33.77        -2.42   -21.97   -33.74     0.078
    0.88   -12.15     5.66         0.89   -11.99     5.62     0.161
   -1.23    -9.65   -34.99        -1.19    -9.64   -35.00     0.047
   20.72   -13.31    -2.13        20.72   -13.31    -2.14     0.001
   -6.09   -19.95   -10.31        -6.07   -19.99   -10.26     0.060
    4.30    -7.17    35.80         4.30    -7.17    35.80     0.002
   14.70   -17.34    -7.60        14.65   -17.60    -7.63     0.262
  -12.50    -0.29    11.34       -12.41    -0.27    11.31     0.104
   14.06    -3.16   -22.16        14.06    -3.16   -22.16     0.000
   18.92    16.35    51.80        19.01    16.41    51.81     0.108
  -28.54   -27.53   -13.58       -28.51   -27.49   -13.61     0.053
  -23.66   -32.71   -29.17       -23.67   -32.72   -29.17     0.018
   19.97   -11.31     1.96        19.96   -11.29     1.95     0.026
  -28.07     2.99   -13.53       -28.08     3.02   -13.49     0.053
    7.28    14.85    -8.40         7.24    14.88    -8.49     0.101
  -33.15   -16.93    -8.56       -33.14   -16.91    -8.61     0.056
   23.19    12.44    39.87        23.24    12.46    39.88     0.050
   27.63   -12.19   -17.39        27.64   -12.21   -17.40     0.025
  -11.79    19.25    35.87       -11.76    19.23    35.83     0.059
   11.73    25.97    10.95        11.72    25.99    10.95     0.022
   10.88    22.67    28.99        10.88    22.79    29.02     0.116
   24.57   -14.81   -15.11        24.49   -14.69   -15.06     0.150
    3.68    -4.22   -24.64         3.65    -4.24   -24.58     0.074
  -20.02     2.30    -9.82       -20.01     2.29    -9.83     0.016
  -16.19    10.20   -35.36       -16.19    10.19   -35.36     0.003
   -4.71    -3.99    37.86        -4.74    -4.01    37.87     0.035
   23.19    18.38    25.88        23.12    18.34    25.86     0.080
  -31.89   -27.38   -16.40       -31.89   -27.37   -16.41     0.011
   -6.71    10.70    45.75        -6.56    10.68    45.74     0.153
    0.92   -12.29   -29.07         0.85   -12.29   -29.04     0.078
   -2.71    12.39    -0.17        -2.71    12.39    -0.17     0.006
   -3.60     1.41   -28.29        -3.64     1.38   -28.26     0.054
  -10.58   -20.16    -8.93       -10.58   -20.18    -8.91     0.021
  -27.83     1.03   -12.53       -27.83     1.01   -12.56     0.038
  -43.40    -4.31   -26.95       -43.35    -4.32   -26.95     0.054
   10.98    18.15   -11.71        10.97    18.15   -11.71     0.002
   26.58   -12.99   -17.21        26.54   -12.94   -17.20     0.069
   27.31     1.23    25.09        27.25     1.25    25.06     0.064
   22.85     0.23    38.81        22.69     0.32    38.76     0.187
    2.28    -6.82    43.48         2.28    -6.86    43.48     0.037
   37.38     1.93   -14.85        37.30     1.91   -14.80     0.096
   -6.60    18.25    12.97        -6.60    18.25    12.97     0.001
  -17.56   -28.65   -39.01       -17.57   -28.64   -39.00     0.017
   -1.75   -10.75    12.64        -1.75   -10.76    12.64     0.009
   14.97    -3.31   -22.18        14.97    -3.31   -22.20     0.016
  -11.74   -30.36   -30.00       -11.75   -30.34   -30.00     0.013
    5.14    -7.05    48.32         5.15    -7.11    48.32     0.060
   21.76     8.69    56.18        21.78     8.69    56.18     0.026
   17.67    -7.08    16.41        17.69    -7.14    16.42     0.068
   18.15    -7.25   -23.16        18.16    -7.25   -23.14     0.030
  -39.90   -17.11   -15.35       -39.83   -17.08   -15.38     0.079
   10.08    -7.07    60.10        10.02    -6.89    60.12     0.191
   -4.82    -2.22    62.76        -4.72    -2.18    62.65     0.152
   -6.86   -20.89   -10.53        -6.87   -20.88   -10.53     0.011
   -6.05    10.96    59.95        -5.90    10.89    59.96     0.165
    6.44   -12.42   -21.92         6.46   -12.45   -21.99     0.077
   17.71    24.09    15.26        17.74    24.17    15.27     0.083
   -9.06     8.03    31.69        -9.01     8.06    31.68     0.056
  -36.75   -16.58   -10.59       -36.65   -16.54   -10.67     0.137
  -12.37     8.10   -35.95       -12.37     8.11   -35.96     0.012
   29.05     1.79    21.00        29.04     1.80    20.99     0.013
   20.63     1.17    55.06        20.62     1.17    55.06     0.006
   30.78    19.56     7.80        30.81    19.60     7.81     0.054
    6.71   -12.75     4.51         6.71   -12.80     4.53     0.051
   21.50     4.00    55.01        21.48     4.01    55.01     0.021
    3.35    -6.99    47.23         3.35    -6.97    47.23     0.017
   20.89    16.04    42.83        20.85    16.02    42.83     0.048
  -21.15   -18.15    -6.35       -21.15   -18.16    -6.34     0.011
  -31.97   -16.94    -8.14       -31.95   -16.93    -8.18     0.049
   -5.53    -1.18    49.21        -5.54    -1.18    49.21     0.013
   -7.38   -17.73    -6.66        -7.38   -17.68    -6.71     0.065
   -7.29    -2.37    28.48        -7.34    -2.38    28.49     0.053
  -12.37    -0.89    10.63       -12.52    -0.91    10.67     0.162
   32.09    14.30    12.21        32.11    14.31    12.24     0.038
   -6.62   -14.49   -43.25        -6.65   -14.47   -43.21     0.051
   20.71    21.06    24.53        20.74    21.10    24.54     0.051
   -3.09    -3.96   -33.27        -3.25    -3.98   -33.24     0.163
   40.37     3.00    -2.95        40.30     3.04    -2.96     0.084
   -4.93    23.39    32.92        -4.94    23.35    32.91     0.038
  -27.71   -20.51   -45.94       -27.71   -20.52   -45.95     0.005
   -5.46    -6.54   -42.17        -5.43    -6.54   -42.20     0.039
   19.14     7.11   -26.63        19.09     7.08   -26.68     0.074
   24.16    12.52    35.10        24.05    12.49    35.08     0.111
  -43.92    -8.35   -26.42       -44.00    -8.33   -26.43     0.081
   20.46    11.57    61.26        20.47    11.58    61.27     0.012
   -4.43   -19.22   -38.93        -4.41   -19.23   -38.95     0.033
  -27.95   -22.55    -8.56       -27.94   -22.53    -8.58     0.023
    1.36    -6.65    46.39         1.35    -6.76    46.39     0.110
   -2.00   -10.31   -38.01        -1.99   -10.32   -38.01     0.012
   18.05    26.65     4.61        18.02    26.50     4.60     0.151
   18.68    -3.64    41.38        18.71    -3.68    41.38     0.048
   -5.19    -1.72    58.24        -5.31    -1.80    58.24     0.145
   23.48    13.46   -29.96        23.48    13.45   -29.94     0.017
   22.13     6.45    53.36        22.14     6.45    53.37     0.008
   12.63    17.39   -17.86        12.51    17.31   -17.84     0.154
  -15.48   -23.98   -43.33       -15.47   -24.00   -43.37     0.042
  -33.92   -25.86   -16.32       -33.88   -25.82   -16.36     0.072
    3.36    -1.56    63.32         3.36    -1.56    63.34     0.014
  -39.80   -19.07   -17.00       -39.78   -19.06   -17.01     0.031
   33.64    -5.18    -2.20        33.66    -5.20    -2.20     0.035
  -27.79   -15.53   -47.34       -27.81   -15.54   -47.38     0.044
  -22.37    -7.10   -48.33       -22.38    -7.12   -48.29     0.048
  -11.25    20.86    17.67       -11.22    20.83    17.71     0.061
   26.35    14.78   -27.94        26.34    14.77   -27.91     0.034
   29.91    10.84    17.71        30.02    10.88    17.77     0.127
  -30.40   -27.32   -38.08       -30.37   -27.27   -38.05     0.067
    0.61    -6.81    54.11         0.68    -6.67    54.13     0.155
   29.94    21.06   -15.45        29.84    20.97   -15.43     0.131
  -34.61   -26.29   -34.72       -34.60   -26.28   -34.72     0.016
   15.43    -0.30   -21.64        15.43    -0.30   -21.63     0.009
  -14.81     9.57   -35.76       -14.86     9.49   -35.73     0.099
  -10.54    22.36    18.82       -10.56    22.44    18.77     0.090
   -3.11    16.19     7.97        -3.10    16.18     7.98     0.021
   22.49    -6.54    13.74        22.48    -6.53    13.74     0.011
  -14.44   -23.65    -9.97       -14.44   -23.68    -9.95     0.043
   -7.44    -4.24    23.51        -7.61    -4.32    23.54     0.187
   21.31    16.43    38.43        21.28    16.41    38.43     0.034
   16.05    -5.09   -22.46        16.04    -5.09   -22.47     0.011
  -15.90     5.74   -41.74       -15.91     5.74   -41.74     0.007
   37.90     4.48     8.80        37.91     4.48     8.80     0.008
   -7.35    -6.62    17.98        -7.35    -6.62    17.98     0.000
  -13.75     6.92   -13.61       -13.75     6.93   -13.61     0.016
  -23.95     4.94   -42.33       -23.96     4.96   -42.35     0.018
   26.71   -11.90    -7.03        26.71   -11.89    -7.03     0.003
   23.71    13.41    34.24        23.85    13.48    34.27     0.156
   15.77    27.17    -1.52        15.77    27.20    -1.52     0.032
  -41.06    -9.38   -31.98       -41.12    -9.41   -32.01     0.076
   36.60     6.81   -16.01        36.65     6.82   -16.02     0.052
   20.82     0.06   -25.25        20.83     0.06   -25.24     0.016
  -27.44   -30.65   -18.44       -27.39   -30.58   -18.47     0.088
