200 PA4-E-Debug-Answer.txt 0
   29.33    10.82   -28.31        29.31    10.81   -28.29     0.031
    7.17     9.57   -13.27         7.17     9.60   -13.30     0.036
   -6.82     4.27    59.61        -6.81     4.27    59.61     0.008
   -0.27    18.95    45.85        -0.24    18.89    45.86     0.064
   -8.59     3.52    27.61        -8.48     3.54    27.58     0.120
  -22.27   -32.65   -24.85       -22.27   -32.69   -24.85     0.032
   -4.55   -21.55   -36.86        -4.47   -21.61   -36.91     0.117
   19.63   -15.37    -3.88        19.62   -15.34    -3.91     0.042
  -18.86    11.67   -31.72       -18.85    11.71   -31.73     0.047
  -12.28    10.75    18.68       -12.27    10.75    18.68     0.006
   27.73    11.71    22.87        27.58    11.67    22.81     0.165
   30.87    18.82   -17.83        30.92    18.85   -17.84     0.059
  -26.00     0.07   -12.03       -26.02     0.11   -11.99     0.066
    8.73    -6.46    38.37         8.75    -6.62    38.38     0.159
   -9.40   -13.40    -1.12        -9.41   -13.44    -1.09     0.046
   34.37    16.29    -1.60        34.21    16.14    -1.56     0.217
   14.63    26.76    -3.81        14.62    26.85    -3.83     0.088
   14.43    10.26   -16.58        14.49    10.25   -16.54     0.072
  -11.88     2.86    14.57       -11.90     2.86    14.57     0.013
   12.10    11.81   -12.34        12.13    11.79   -12.29     0.059
   23.87   -14.96    -9.87        23.77   -14.84    -9.89     0.161
  -15.29   -13.20    -3.22       -15.30   -13.23    -3.20     0.037
  -41.55   -19.39   -23.43       -41.46   -19.36   -23.44     0.091
   29.57    13.20    17.14        29.58    13.20    17.15     0.017
   21.35    25.97     0.51        21.31    25.87     0.50     0.114
   21.80    -3.84    29.21        21.67    -3.67    29.15     0.226
   17.66    -6.95    16.03        17.72    -7.20    16.08     0.251
  -10.13     9.37   -23.01       -10.15     9.34   -23.01     0.037
   -7.26     5.10   -30.55        -7.26     5.10   -30.55     0.000
   -0.42   -15.10   -34.69        -0.40   -15.10   -34.69     0.019
   26.13    21.82    11.18        26.11    21.78    11.16     0.048
  -34.07   -26.85   -18.31       -34.06   -26.84   -18.32     0.011
  -38.19     3.30   -21.84       -38.25     3.36   -21.82     0.092
  -42.41    -2.17   -25.17       -42.44    -2.16   -25.17     0.029
  -25.95   -15.38   -47.76       -25.95   -15.38   -47.78     0.022
   12.95    23.91   -11.19        12.90    24.00   -11.22     0.107
   18.55    25.83   -10.74        18.55    25.89   -10.75     0.060
   -2.43    -5.27    45.06        -2.46    -5.37    45.07     0.106
   26.69     7.80   -30.30        26.69     7.80   -30.27     0.023
   27.05    23.00     4.28        27.02    22.94     4.27     0.062
   -4.67    -2.37    53.60        -4.71    -2.40    53.59     0.049
  -16.17    18.78    25.74       -16.16    18.77    25.74     0.003
  -22.10   -12.84   -47.80       -22.09   -12.83   -47.83     0.035
   25.45   -13.62   -16.76        25.47   -13.66   -16.77     0.048
   -6.53    -8.11   -43.73        -6.52    -8.11   -43.74     0.016
  -21.40    10.48   -35.51       -21.40    10.50   -35.53     0.031
  -16.59   -27.95   -13.70       -16.60   -27.92   -13.73     0.044
  -37.40   -10.42   -10.19       -37.48   -10.43   -10.13     0.100
   37.92    11.55     2.39        37.97    11.59     2.39     0.065
  -21.61   -10.23    -3.94       -21.57   -10.21    -4.00     0.077
  -28.65   -31.10   -29.56       -28.71   -31.26   -29.56     0.168
   34.38     0.19   -21.88        34.51     0.19   -21.97     0.154
  -17.59    10.94   -21.22       -17.61    10.89   -21.24     0.051
   34.84    15.98    -9.95        34.80    15.94    -9.95     0.061
    7.42   -12.94   -20.89         7.43   -12.95   -20.89     0.013
   33.23    14.91    10.42        33.17    14.87    10.38     0.084
   11.78    26.96     4.79        11.82    26.84     4.76     0.131
  -41.94   -16.80   -29.27       -41.98   -16.82   -29.30     0.054
   -4.09    19.01    11.64        -4.02    18.94    11.70     0.114
   11.05    -7.48    19.70        11.06    -7.61    19.74     0.142
   40.50     2.76    -4.12        40.37     2.84    -4.14     0.156
   31.14    -6.85     7.16        31.18    -6.92     7.19     0.091
   10.10    -6.67    50.88        10.10    -6.67    50.88     0.004
   21.19    -3.62   -24.62        21.22    -3.62   -24.58     0.056
   -0.31    16.77     4.13        -0.27    16.72     4.17     0.074
    9.50    -6.95    60.55         9.53    -7.06    60.55     0.113
  -40.85   -10.87   -31.04       -40.95   -10.92   -31.10     0.126
    8.19    23.18    26.54         8.19    23.17    26.53     0.015
  -28.54   -30.33   -19.29       -28.52   -30.27   -19.32     0.075
   17.81    17.75    53.02        17.71    17.64    53.01     0.144
    5.80   -12.68   -21.96         5.86   -12.74   -22.10     0.168
   -7.55   -21.36   -41.11        -7.54   -21.36   -41.12     0.016
   -0.27    -7.84    28.09        -0.28    -7.98    28.11     0.137
   33.72     2.46    13.76        33.73     2.46    13.76     0.011
   -5.78    -0.24    49.59        -5.85    -0.26    49.59     0.064
  -33.50    -7.54    -8.44       -33.49    -7.56    -8.48     0.055
  -39.46   -22.04   -21.69       -39.55   -22.10   -21.68     0.106
  -34.56     6.70   -21.40       -34.50     6.63   -21.43     0.099
   35.85     6.42   -18.69        35.90     6.43   -18.71     0.053
  -12.12     9.15    20.80       -12.06     9.16    20.80     0.061
   16.78    22.17    30.23        16.77    22.10    30.21     0.072
   -4.17    -3.10    52.51        -4.09    -3.03    52.49     0.104
   -2.95    -0.14    63.38        -2.95    -0.14    63.42     0.041
   10.15    23.09    27.80        10.15    23.03    27.79     0.068
  -44.29   -10.09   -25.04       -44.26   -10.09   -25.03     0.031
   25.52    14.17   -28.64        25.51    14.15   -28.61     0.040
   18.45   -11.09   -19.98        18.44   -11.14   -20.04     0.080
   29.10    -1.21    18.54        29.11    -1.22    18.55     0.007
   26.53     1.87    27.14        26.69     1.81    27.20     0.180
  -20.24    -9.72    -3.36       -20.24    -9.72    -3.37     0.005
   -8.22    11.03     8.08        -8.14    10.94     8.11     0.132
  -27.40   -26.97   -12.04       -27.43   -27.02   -12.00     0.066
   -8.47    10.86     9.15        -8.53    10.91     9.12     0.083
    7.89    23.84    21.49         7.88    23.92    21.50     0.077
   31.35    12.86    14.08        31.32    12.85    14.07     0.031
    5.84    -7.03    34.68         5.85    -7.06    34.68     0.036
  -22.03    -1.10    -8.36       -22.13    -0.99    -8.25     0.186
  -16.58    -1.46     1.01       -16.69    -1.44     1.07     0.124
  -39.59     2.35   -29.29       -39.55     2.32   -29.29     0.050
   24.19    18.47    22.93        24.12    18.42    22.90     0.087
  -17.38   -30.60   -35.68       -17.39   -30.56   -35.65     0.050
   13.46    -8.35    14.18        13.47    -8.40    14.19     0.045
   -4.03   -15.90    -4.50        -4.03   -15.90    -4.50     0.008
  -39.56     2.34   -28.50       -39.57     2.35   -28.50     0.009
    6.53   -14.96   -18.99         6.48   -14.91   -18.97     0.067
   15.66    21.49    38.17        15.69    21.63    38.16     0.150
   30.08    14.09    15.77        29.88    13.96    15.71     0.254
   -3.68     8.45    63.33        -3.65     8.42    63.25     0.087
   18.28    12.22    63.00        18.29    12.22    63.12     0.119
    0.86    20.43    41.40         0.86    20.42    41.40     0.008
  -32.12   -11.90   -46.64       -32.12   -11.90   -46.63     0.012
  -17.52     0.24    -2.36       -17.54     0.24    -2.35     0.015
   -6.89    -0.45    33.36        -6.82    -0.44    33.35     0.068
   37.91     1.51   -13.64        37.95     1.51   -13.65     0.042
    5.88    21.39    36.60         5.88    21.45    36.60     0.054
  -30.62   -27.65   -15.91       -30.62   -27.64   -15.91     0.001
  -12.41     1.33    11.44       -12.43     1.33    11.45     0.023
    8.78   -13.54   -18.92         8.79   -13.55   -18.94     0.024
    2.00    10.29   -10.36         1.97    10.39   -10.39     0.115
   20.48    19.15    33.74        20.55    19.19    33.76     0.079
   -4.45   -12.53     2.30        -4.45   -12.54     2.30     0.009
  -28.44   -25.55   -11.23       -28.44   -25.55   -11.22     0.009
    6.98    -6.34    63.26         6.98    -6.35    63.28     0.021
  -32.62     7.29   -19.03       -32.60     7.27   -19.04     0.035
   -7.94    21.13    37.14        -7.88    20.95    37.01     0.225
   18.83   -13.84    -1.35        18.80   -13.77    -1.39     0.091
   31.41    -7.26     5.25        31.49    -7.38     5.26     0.147
   24.45     0.20    33.01        24.36     0.25    32.99     0.111
   -6.81     8.46    45.76        -6.81     8.46    45.76     0.005
   25.01    24.26    -7.18        24.97    24.15    -7.18     0.117
  -37.43   -23.77   -34.18       -37.32   -23.69   -34.14     0.139
   10.03    24.48    19.71        10.02    24.27    19.68     0.208
   -4.62   -23.18   -16.76        -4.56   -23.26   -16.72     0.106
   11.18    13.49   -11.34        11.20    13.49   -11.31     0.032
  -26.25   -29.12   -15.17       -26.23   -29.05   -15.20     0.081
  -31.22   -27.13   -15.67       -31.21   -27.11   -15.69     0.029
   25.25     7.47    34.80        25.12     7.46    34.77     0.131
    2.75   -11.61    10.55         2.75   -11.60    10.55     0.019
  -12.67     4.48     7.91       -12.68     4.49     7.91     0.013
  -24.15   -30.61   -35.41       -24.17   -30.74   -35.47     0.144
   12.54    12.99    63.02        12.54    12.99    63.10     0.080
  -42.73   -16.09   -22.94       -42.69   -16.08   -22.95     0.042
   -5.53    -5.22    29.03        -5.53    -5.21    29.03     0.008
   -6.92     5.11    59.63        -7.10     5.11    59.63     0.176
  -30.62   -19.07    -7.93       -30.60   -19.06    -7.96     0.037
   -4.93    14.26     7.69        -4.88    14.21     7.74     0.080
   -4.08    -3.02    53.97        -4.19    -3.11    53.95     0.140
  -14.08    22.65    25.97       -14.11    22.68    25.97     0.041
  -38.16    -0.29   -37.69       -38.12    -0.32   -37.67     0.050
   13.22    25.11    14.33        13.23    25.12    14.33     0.007
  -15.15   -31.90   -25.62       -15.17   -31.84   -25.63     0.059
   -8.35    11.23     8.74        -8.22    11.11     8.79     0.189
   -7.09     6.50    57.02        -7.09     6.50    57.02     0.004
   -1.24    12.05    63.00        -1.25    12.06    63.02     0.023
  -28.17   -21.60    -7.68       -28.15   -21.58    -7.72     0.040
  -21.51    -0.72   -46.70       -21.50    -0.71   -46.72     0.018
   -3.19   -20.79   -13.65        -3.19   -20.78   -13.65     0.009
  -42.08    -9.74   -17.44       -42.12    -9.75   -17.43     0.038
    7.49    -7.05    50.07         7.48    -6.95    50.08     0.097
  -23.45   -28.22   -13.24       -23.45   -28.20   -13.25     0.026
  -22.90     5.36   -14.22       -22.91     5.38   -14.20     0.023
  -39.71     1.85   -22.60       -39.76     1.88   -22.58     0.061
   -9.23   -27.08   -16.65        -9.33   -26.97   -16.73     0.169
  -10.37   -18.11   -44.73       -10.38   -18.11   -44.73     0.007
   -0.00    21.72    11.12         0.07    21.59    11.17     0.148
   32.30    18.72     3.05        32.36    18.77     3.05     0.073
   21.18   -13.68    -3.15        21.20   -13.72    -3.12     0.053
   20.60    -1.01    46.47        20.67    -1.09    46.49     0.105
    3.06     8.72    63.34         3.06     8.73    63.39     0.049
   -2.51   -10.61   -39.24        -2.49   -10.61   -39.26     0.027
    6.57    19.72    57.64         6.55    19.80    57.64     0.084
  -34.46    -2.65   -10.74       -34.52    -2.65   -10.70     0.068
   21.95    17.92   -28.73        21.94    17.91   -28.71     0.022
   21.38     4.73    59.35        21.10     4.79    59.32     0.295
   13.94    22.76    30.63        13.92    22.59    30.64     0.165
   -3.51    -5.13    38.63        -3.51    -5.12    38.63     0.006
   23.70     9.34    42.33        23.67     9.34    42.32     0.036
   -1.97    -6.40    35.31        -1.98    -6.44    35.31     0.037
  -36.81   -25.88   -27.81       -36.85   -25.92   -27.81     0.050
   -7.22    11.54    42.31        -7.19    11.54    42.30     0.026
  -41.50   -19.44   -22.93       -41.41   -19.40   -22.93     0.099
  -11.80    15.41    36.12       -11.78    15.42    36.10     0.024
  -25.66    -6.39   -47.85       -25.66    -6.39   -47.84     0.007
   -1.06   -10.32   -34.77        -1.03   -10.31   -34.77     0.035
  -28.20     2.75   -13.36       -28.20     2.74   -13.37     0.010
   -4.95    13.49    50.95        -4.93    13.48    50.95     0.016
   -6.25     2.53   -32.12        -6.10     2.59   -32.12     0.167
  -28.69    10.49   -22.72       -28.68    10.47   -22.73     0.016
   -0.29   -20.44   -25.72        -0.28   -20.45   -25.73     0.021
   -3.88    -9.58    14.35        -3.92    -9.69    14.37     0.118
   -2.06   -10.83   -37.81        -1.98   -10.84   -37.82     0.082
  -11.12   -19.16   -44.94       -11.11   -19.17   -44.94     0.005
  -25.65    11.60   -24.66       -25.66    11.64   -24.66     0.040
   -4.02   -19.47   -38.41        -4.01   -19.48   -38.42     0.019
    4.50   -17.31   -15.19         4.48   -17.28   -15.19     0.038
   16.75     7.22    63.15        16.75     7.22    63.15     0.000
  -41.56    -2.45   -32.25       -41.49    -2.47   -32.22     0.076
  -34.67    -8.40    -8.35       -34.70    -8.37    -8.30     0.061
    7.18    18.91    61.40         7.19    18.94    61.42     0.036
    7.62    -5.94    63.37         7.62    -5.94    63.42     0.047
