200 PA4-F-Debug-Output.txt 0
   15.57    11.14   -24.38        15.58    11.19   -24.38     0.051
   -4.52   -24.95   -20.73        -4.46   -24.98   -20.73     0.063
   28.40    21.17   -19.23        28.38    21.21   -19.23     0.044
   10.85     2.39    63.09        10.88     2.35    63.09     0.047
  -35.97   -14.05    -9.42       -35.94   -14.08    -9.43     0.040
  -14.19    -0.53   -45.89       -14.21    -0.53   -45.85     0.040
   13.50    -6.45    26.00        13.52    -6.51    26.00     0.057
  -39.53   -17.06   -14.97       -39.53   -17.09   -14.95     0.038
  -30.89   -27.66   -16.27       -30.88   -27.71   -16.26     0.048
    2.00    -4.65   -25.92         1.96    -4.65   -25.88     0.053
   -7.04     5.13    59.16        -7.09     5.08    59.16     0.074
    2.80    20.40     4.03         2.84    20.37     4.07     0.064
   -3.35    -4.13   -35.84        -3.37    -4.12   -35.84     0.021
  -26.09   -23.57    -8.87       -26.07   -23.59    -8.87     0.032
   16.86    -2.60    61.44        16.95    -2.68    61.53     0.149
    0.90    -6.53   -27.55         0.92    -6.51   -27.58     0.036
   -5.82    25.13    25.87        -5.85    24.96    25.90     0.171
   -8.62     4.79   -36.57        -8.67     4.77   -36.54     0.061
  -19.13   -22.60    -8.47       -19.10   -22.62    -8.46     0.040
  -31.28     9.33   -28.90       -31.29     9.31   -28.88     0.030
   -2.54    -5.12    57.22        -2.50    -5.16    57.22     0.055
   24.51   -14.88   -14.11        24.48   -14.78   -14.12     0.107
  -11.91   -14.47   -46.94       -11.89   -14.45   -47.00     0.065
   14.35    -0.94    63.03        14.38    -0.97    62.99     0.059
   14.46   -16.47    -2.92        14.48   -16.49    -2.93     0.030
   16.97    -4.12    48.46        16.97    -4.12    48.45     0.010
   19.37    15.20    56.17        19.27    15.09    56.17     0.149
  -20.47    10.18   -35.75       -20.49    10.26   -35.80     0.097
  -18.02    11.51   -32.21       -18.04    11.48   -32.19     0.039
   31.04     0.96   -27.40        30.88     1.01   -27.32     0.189
   20.72     1.78    55.24        20.83     1.72    55.25     0.124
  -26.07   -22.32   -44.91       -26.07   -22.33   -44.94     0.029
   28.05    -0.30    20.94        28.15    -0.33    20.98     0.116
   -8.22   -22.62   -12.02        -8.22   -22.59   -12.05     0.042
   10.26   -12.86   -18.79        10.29   -12.90   -18.85     0.079
   -7.27     2.92    33.41        -7.21     2.88    33.41     0.069
   -6.17    10.68    50.55        -6.01    10.59    50.56     0.182
   -7.63   -17.66   -43.16        -7.64   -17.63   -43.16     0.026
   21.32    12.58    52.86        21.20    12.51    52.84     0.146
   15.96    22.05    29.94        15.98    22.24    29.99     0.200
    2.51    22.58    30.95         2.51    22.58    30.97     0.023
   13.42    21.02   -29.32        13.39    21.08   -29.35     0.068
   12.38    26.23    -4.68        12.39    26.16    -4.65     0.074
  -44.15    -9.73   -24.16       -44.12    -9.75   -24.16     0.040
   32.92    -5.49   -21.72        32.97    -5.48   -21.75     0.064
   17.53    16.87   -30.93        17.51    16.88   -30.86     0.079
    3.13    24.10    19.35         3.12    24.09    19.37     0.024
   20.35    18.55   -29.26        20.31    18.56   -29.22     0.060
    6.84   -12.11     8.46         6.87   -12.19     8.48     0.098
    3.30    11.30    -9.49         3.30    11.27    -9.47     0.037
   27.86    -3.52    16.53        27.94    -3.58    16.54     0.096
   -7.36    10.74    41.31        -7.36    10.70    41.32     0.044
   18.07   -10.40     6.11        18.06   -10.33     6.07     0.081
  -15.79   -21.18   -45.24       -15.78   -21.17   -45.25     0.020
   -6.91     4.53   -31.43        -6.91     4.56   -31.42     0.027
   21.01    21.49    22.34        21.00    21.49    22.35     0.012
   -9.66   -21.16    -9.55        -9.64   -21.14    -9.60     0.054
   23.95    12.75    35.46        23.90    12.73    35.45     0.059
   -6.84     3.24    46.39        -6.66     3.21    46.40     0.178
   26.03     0.35    27.26        26.03     0.36    27.25     0.017
   -4.15     0.51   -29.83        -4.13     0.54   -29.84     0.036
  -37.85     4.43   -24.50       -37.90     4.45   -24.48     0.058
    3.12    -0.52   -23.30         3.12    -0.50   -23.31     0.025
    7.87    21.68    35.12         7.86    21.72    35.14     0.052
  -15.95    10.76   -21.80       -15.97    10.77   -21.78     0.027
   24.00    -4.68    20.44        23.96    -4.57    20.40     0.125
   -4.98   -22.26   -14.18        -5.01   -22.19   -14.24     0.091
  -22.06   -19.24   -47.18       -22.06   -19.24   -47.25     0.073
  -29.61   -30.88   -24.23       -29.61   -30.96   -24.23     0.074
   -5.04    12.13    56.53        -5.13    12.13    56.54     0.092
   -2.37   -21.99   -33.78        -2.42   -21.95   -33.77     0.071
    0.87   -12.16     5.65         0.90   -12.00     5.60     0.167
   -1.25    -9.64   -35.00        -1.20    -9.61   -35.02     0.061
   20.71   -13.32    -2.15        20.73   -13.31    -2.16     0.024
   -6.10   -19.95   -10.32        -6.06   -20.00   -10.28     0.074
    4.30    -7.18    35.79         4.33    -7.17    35.79     0.028
   14.69   -17.35    -7.61        14.65   -17.60    -7.66     0.251
  -12.51    -0.29    11.34       -12.40    -0.30    11.31     0.109
   14.05    -3.17   -22.17        14.05    -3.14   -22.16     0.028
   18.93    16.33    51.79        19.03    16.38    51.81     0.120
  -28.55   -27.52   -13.59       -28.51   -27.51   -13.63     0.059
  -23.68   -32.70   -29.18       -23.66   -32.72   -29.19     0.035
   19.97   -11.32     1.94        19.97   -11.29     1.92     0.035
  -28.08     3.00   -13.54       -28.09     3.00   -13.48     0.057
    7.28    14.84    -8.40         7.23    14.89    -8.48     0.099
  -33.17   -16.93    -8.57       -33.14   -16.93    -8.62     0.058
   23.20    12.42    39.86        23.25    12.42    39.87     0.055
   27.62   -12.20   -17.41        27.65   -12.20   -17.43     0.038
  -11.79    19.24    35.87       -11.75    19.18    35.85     0.068
   11.73    25.96    10.94        11.71    25.99    10.97     0.040
   10.89    22.66    28.99        10.88    22.78    29.03     0.132
   24.56   -14.82   -15.13        24.50   -14.67   -15.10     0.160
    3.67    -4.22   -24.65         3.63    -4.22   -24.58     0.078
  -20.03     2.31    -9.82       -20.02     2.28    -9.82     0.025
  -16.20    10.20   -35.36       -16.22    10.21   -35.35     0.025
   -4.72    -4.00    37.86        -4.71    -4.05    37.86     0.051
   23.19    18.37    25.87        23.13    18.33    25.86     0.072
  -31.91   -27.37   -16.41       -31.88   -27.38   -16.42     0.032
   -6.70    10.69    45.75        -6.56    10.62    45.75     0.153
    0.90   -12.29   -29.08         0.84   -12.27   -29.06     0.072
   -2.71    12.39    -0.17        -2.72    12.38    -0.16     0.015
   -3.61     1.41   -28.30        -3.65     1.40   -28.27     0.055
  -10.59   -20.16    -8.94       -10.57   -20.19    -8.92     0.037
  -27.84     1.03   -12.53       -27.83     1.00   -12.56     0.043
  -43.41    -4.29   -26.95       -43.36    -4.34   -26.94     0.074
   10.98    18.14   -11.71        10.96    18.16   -11.70     0.025
   26.57   -13.00   -17.22        26.55   -12.93   -17.23     0.081
   27.31     1.21    25.07        27.26     1.24    25.04     0.066
   22.85     0.21    38.80        22.69     0.30    38.74     0.194
    2.28    -6.83    43.47         2.31    -6.86    43.47     0.036
   37.37     1.91   -14.86        37.28     1.94   -14.82     0.104
   -6.59    18.24    12.97        -6.61    18.23    12.98     0.024
  -17.58   -28.64   -39.02       -17.57   -28.62   -39.02     0.027
   -1.75   -10.76    12.63        -1.74   -10.76    12.62     0.021
   14.96    -3.31   -22.20        14.95    -3.29   -22.20     0.027
  -11.76   -30.35   -30.01       -11.75   -30.34   -30.03     0.028
    5.14    -7.06    48.31         5.17    -7.11    48.30     0.051
   21.76     8.66    56.17        21.79     8.64    56.17     0.036
   17.67    -7.09    16.39        17.70    -7.14    16.39     0.061
   18.14    -7.26   -23.17        18.17    -7.23   -23.13     0.055
  -39.91   -17.10   -15.36       -39.82   -17.10   -15.39     0.090
   10.08    -7.09    60.09        10.04    -6.88    60.10     0.212
   -4.82    -2.24    62.75        -4.70    -2.26    62.65     0.160
   -6.87   -20.89   -10.54        -6.86   -20.89   -10.55     0.023
   -6.04    10.95    59.95        -5.92    10.84    59.96     0.159
    6.43   -12.42   -21.93         6.45   -12.43   -22.00     0.073
   17.72    24.08    15.25        17.73    24.17    15.28     0.097
   -9.06     8.02    31.69        -8.99     8.02    31.68     0.067
  -36.76   -16.57   -10.59       -36.64   -16.56   -10.67     0.144
  -12.38     8.11   -35.96       -12.39     8.13   -35.95     0.025
   29.05     1.78    20.99        29.05     1.79    20.97     0.019
   20.63     1.14    55.05        20.61     1.14    55.04     0.024
   30.78    19.55     7.80        30.81    19.61     7.80     0.068
    6.70   -12.76     4.50         6.71   -12.80     4.50     0.050
   21.50     3.98    55.00        21.47     3.97    54.99     0.035
    3.35    -7.00    47.22         3.39    -6.97    47.21     0.045
   20.89    16.02    42.83        20.87    15.99    42.82     0.045
  -21.16   -18.15    -6.36       -21.14   -18.17    -6.34     0.033
  -31.98   -16.93    -8.14       -31.95   -16.95    -8.18     0.056
   -5.52    -1.19    49.20        -5.52    -1.24    49.20     0.051
   -7.39   -17.73    -6.67        -7.37   -17.70    -6.72     0.063
   -7.29    -2.38    28.47        -7.34    -2.42    28.48     0.062
  -12.37    -0.89    10.62       -12.52    -0.94    10.67     0.162
   32.09    14.28    12.20        32.11    14.32    12.23     0.055
   -6.63   -14.48   -43.26        -6.66   -14.45   -43.23     0.053
   20.72    21.04    24.53        20.75    21.09    24.54     0.064
   -3.11    -3.95   -33.28        -3.26    -3.96   -33.25     0.155
   40.36     2.98    -2.97        40.31     3.05    -2.99     0.093
   -4.92    23.38    32.92        -4.93    23.34    32.94     0.044
  -27.73   -20.50   -45.95       -27.72   -20.50   -45.95     0.009
   -5.48    -6.54   -42.18        -5.45    -6.51   -42.21     0.049
   19.14     7.11   -26.64        19.08     7.11   -26.68     0.071
   24.16    12.50    35.09        24.06    12.46    35.07     0.107
  -43.93    -8.33   -26.42       -44.00    -8.34   -26.43     0.070
   20.47    11.55    61.25        20.49    11.52    61.26     0.036
   -4.45   -19.21   -38.94        -4.42   -19.20   -38.98     0.048
  -27.96   -22.54    -8.57       -27.94   -22.55    -8.59     0.035
    1.36    -6.67    46.38         1.38    -6.76    46.38     0.099
   -2.01   -10.31   -38.02        -1.99   -10.29   -38.03     0.034
   18.06    26.64     4.60        18.01    26.50     4.60     0.142
   18.68    -3.66    41.37        18.71    -3.68    41.36     0.034
   -5.19    -1.73    58.24        -5.27    -1.86    58.24     0.150
   23.47    13.46   -29.96        23.45    13.47   -29.93     0.043
   22.14     6.43    53.35        22.14     6.40    53.35     0.025
   12.63    17.39   -17.87        12.48    17.36   -17.86     0.153
  -15.50   -23.97   -43.34       -15.48   -23.98   -43.39     0.048
  -33.93   -25.85   -16.33       -33.87   -25.83   -16.37     0.079
    3.37    -1.58    63.31         3.39    -1.62    63.34     0.060
  -39.82   -19.06   -17.00       -39.77   -19.08   -17.01     0.048
   33.63    -5.19    -2.22        33.67    -5.19    -2.23     0.045
  -27.81   -15.52   -47.35       -27.82   -15.52   -47.38     0.035
  -22.39    -7.09   -48.34       -22.40    -7.11   -48.29     0.058
  -11.24    20.86    17.67       -11.24    20.81    17.71     0.062
   26.35    14.77   -27.95        26.31    14.80   -27.91     0.059
   29.91    10.83    17.70        30.02    10.88    17.76     0.137
  -30.42   -27.31   -38.09       -30.38   -27.26   -38.07     0.073
    0.61    -6.83    54.10         0.71    -6.69    54.11     0.173
   29.94    21.05   -15.46        29.82    21.00   -15.43     0.130
  -34.63   -26.27   -34.73       -34.60   -26.27   -34.73     0.030
   15.42    -0.30   -21.65        15.42    -0.29   -21.63     0.026
  -14.82     9.58   -35.77       -14.88     9.51   -35.72     0.105
  -10.53    22.36    18.82       -10.60    22.41    18.76     0.099
   -3.11    16.18     7.97        -3.11    16.17     7.99     0.026
   22.48    -6.55    13.73        22.49    -6.53    13.71     0.028
  -14.45   -23.65    -9.99       -14.43   -23.69    -9.96     0.057
   -7.44    -4.25    23.50        -7.59    -4.35    23.53     0.185
   21.31    16.41    38.42        21.30    16.39    38.43     0.031
   16.04    -5.09   -22.47        16.04    -5.07   -22.47     0.027
  -15.91     5.75   -41.75       -15.93     5.76   -41.73     0.026
   37.90     4.47     8.79        37.92     4.49     8.79     0.032
   -7.36    -6.62    17.98        -7.33    -6.64    17.97     0.028
  -13.75     6.92   -13.62       -13.77     6.93   -13.60     0.020
  -23.96     4.95   -42.34       -23.98     4.96   -42.33     0.022
   26.70   -11.91    -7.05        26.72   -11.89    -7.07     0.032
   23.72    13.39    34.23        23.86    13.45    34.27     0.163
   15.78    27.16    -1.53        15.75    27.20    -1.51     0.049
  -41.07    -9.36   -31.98       -41.12    -9.41   -32.00     0.071
   36.59     6.80   -16.02        36.64     6.85   -16.04     0.072
   20.81     0.05   -25.26        20.83     0.10   -25.25     0.047
  -27.45   -30.64   -18.45       -27.38   -30.59   -18.49     0.094
