75 PA4-A-Debug-Answer.txt 0
    0.74   -10.58   -29.05         0.74   -10.58   -29.05     0.000
   21.43    -1.86    38.37        21.43    -1.86    38.37     0.000
   11.70    27.12     1.95        11.70    27.12     1.95     0.000
   16.89    -3.54    55.81        16.89    -3.54    55.81     0.000
    7.69    -7.18    62.81         7.69    -7.18    62.81     0.000
   31.20    -0.12   -26.69        31.20    -0.12   -26.69     0.000
    7.61    -9.09    16.59         7.61    -9.09    16.59     0.000
   13.85    23.34   -19.44        13.85    23.34   -19.44     0.000
  -25.81     7.27   -15.83       -25.81     7.27   -15.83     0.000
  -23.31     0.38   -10.53       -23.31     0.38   -10.53     0.000
   -8.31   -26.13   -16.83        -8.31   -26.13   -16.83     0.000
   35.35    15.39     5.16        35.35    15.39     5.16     0.000
  -43.25   -11.25   -21.28       -43.25   -11.25   -21.28     0.000
    3.37   -11.62    10.66         3.37   -11.62    10.66     0.000
   29.29    -1.86    17.66        29.29    -1.86    17.66     0.000
   14.68    -7.96    15.06        14.68    -7.96    15.06     0.000
   -0.61   -12.33     3.73        -0.61   -12.33     3.73     0.000
   22.37     3.59    48.23        22.37     3.59    48.23     0.000
  -11.99    -4.69   -46.88       -11.99    -4.69   -46.88     0.000
  -21.34   -24.50    -9.10       -21.34   -24.50    -9.10     0.000
  -41.95   -14.40   -18.44       -41.95   -14.40   -18.44     0.000
   14.51    23.11    25.49        14.51    23.11    25.49     0.000
  -29.07   -30.16   -19.46       -29.07   -30.16   -19.46     0.000
    1.94     2.98    63.56         1.94     2.98    63.56     0.000
    5.18   -13.20   -22.44         5.18   -13.20   -22.44     0.000
    7.80    21.65    35.55         7.80    21.65    35.55     0.000
    0.99    -4.44   -26.56         0.99    -4.44   -26.56     0.000
  -30.89   -28.89   -18.35       -30.89   -28.89   -18.35     0.000
  -35.08     4.34   -16.28       -35.08     4.34   -16.28     0.000
   38.07    -0.99    -9.00        38.07    -0.99    -9.00     0.000
  -30.50     0.66   -43.08       -30.50     0.66   -43.08     0.000
   -6.62     8.86    59.25        -6.62     8.86    59.25     0.000
  -36.69   -16.71   -10.81       -36.69   -16.71   -10.81     0.000
   -1.15    -5.91    44.18        -1.15    -5.91    44.18     0.000
  -17.13   -20.04   -46.62       -17.13   -20.04   -46.62     0.000
   18.05    16.49    57.70        18.05    16.49    57.70     0.000
  -10.63    -0.64    15.51       -10.63    -0.64    15.51     0.000
  -13.89    -4.69     5.27       -13.89    -4.69     5.27     0.000
  -31.83   -25.59   -14.07       -31.83   -25.59   -14.07     0.000
   25.48   -11.88   -20.59        25.48   -11.88   -20.59     0.000
   26.93    23.28    -7.34        26.93    23.28    -7.34     0.000
   23.58    23.97     7.35        23.58    23.97     7.35     0.000
   -0.87    -5.78    48.59        -0.87    -5.78    48.59     0.000
    1.90    23.84    23.03         1.90    23.84    23.03     0.000
  -22.15   -28.30   -13.11       -22.15   -28.30   -13.11     0.000
   -3.34     8.74   -14.46        -3.34     8.74   -14.46     0.000
  -36.48    -0.64   -13.61       -36.48    -0.64   -13.61     0.000
  -32.86    -1.30   -43.35       -32.86    -1.30   -43.35     0.000
   21.36     2.35    53.12        21.36     2.35    53.12     0.000
   -8.11    23.48    33.13        -8.11    23.48    33.13     0.000
  -26.22   -11.96    -6.37       -26.22   -11.96    -6.37     0.000
  -34.52     7.22   -29.27       -34.52     7.22   -29.27     0.000
   18.85    25.77     7.30        18.85    25.77     7.30     0.000
  -39.20     1.98   -21.11       -39.20     1.98   -21.11     0.000
   28.53     5.58   -29.24        28.53     5.58   -29.24     0.000
   -5.01    16.01     9.82        -5.01    16.01     9.82     0.000
  -42.01    -1.35   -29.17       -42.01    -1.35   -29.17     0.000
  -33.19   -28.31   -20.92       -33.19   -28.31   -20.92     0.000
   11.97    25.53    -6.36        11.97    25.53    -6.36     0.000
    8.00    -7.12    53.36         8.00    -7.12    53.36     0.000
   14.82    25.10    13.37        14.82    25.10    13.37     0.000
  -23.55    12.09   -25.74       -23.55    12.09   -25.74     0.000
  -34.51   -26.20   -17.85       -34.51   -26.20   -17.85     0.000
   -5.40    -2.77    38.80        -5.40    -2.77    38.80     0.000
   26.24     9.93    29.25        26.24     9.93    29.25     0.000
    7.51    -6.90    63.17         7.51    -6.90    63.17     0.000
   31.56     7.85   -26.85        31.56     7.85   -26.85     0.000
   11.82    -6.23    35.10        11.82    -6.23    35.10     0.000
   -8.95    11.80    10.85        -8.95    11.80    10.85     0.000
   14.24     8.18    63.13        14.24     8.18    63.13     0.000
    0.90    -7.42   -27.77         0.90    -7.42   -27.77     0.000
    6.27    23.05    27.21         6.27    23.05    27.21     0.000
   22.25     2.65    47.88        22.25     2.65    47.88     0.000
    0.01    17.33     4.67         0.01    17.33     4.67     0.000
    7.86    -9.68    14.50         7.86    -9.68    14.50     0.000
