200 PA4-B-Debug-Answer.txt 0
  -10.54   -26.20   -15.09       -10.54   -26.20   -15.09     0.000
    3.93    -7.34    55.30         3.93    -7.34    55.30     0.000
   17.47    26.90    -3.57        17.47    26.90    -3.57     0.000
  -10.76   -29.18   -20.73       -10.76   -29.18   -20.73     0.000
   26.31    20.80    13.31        26.31    20.80    13.31     0.000
  -21.91   -18.52    -6.40       -21.91   -18.52    -6.40     0.000
   24.95    15.80   -28.03        24.95    15.80   -28.03     0.000
   -1.40    16.40    55.55        -1.40    16.40    55.55     0.000
   14.76    -2.19   -22.18        14.76    -2.19   -22.18     0.000
  -27.89   -11.11    -6.62       -27.89   -11.11    -6.62     0.000
   -6.85     8.31    45.59        -6.85     8.31    45.59     0.000
   -8.49     7.18   -26.55        -8.49     7.18   -26.55     0.000
   20.36   -12.16   -20.76        20.36   -12.16   -20.76     0.000
   20.72   -14.51   -17.27        20.72   -14.51   -17.27     0.000
   17.36    10.39   -27.79        17.36    10.39   -27.79     0.000
   26.10     5.33    31.14        26.10     5.33    31.14     0.000
    5.84    -7.00    46.52         5.84    -7.00    46.52     0.000
  -29.61   -24.08   -10.53       -29.61   -24.08   -10.53     0.000
   36.68    13.03     7.14        36.68    13.03     7.14     0.000
  -13.42     5.51    -8.32       -13.42     5.51    -8.32     0.000
   37.47    -1.11    -0.81        37.47    -1.11    -0.81     0.000
   37.39     2.92   -14.36        37.39     2.92   -14.36     0.000
   20.77     3.24   -26.82        20.77     3.24   -26.82     0.000
  -27.11   -12.13    -6.33       -27.11   -12.13    -6.33     0.000
   -4.28   -25.92   -26.77        -4.28   -25.92   -26.77     0.000
  -10.53     7.05    -9.85       -10.53     7.05    -9.85     0.000
  -39.74   -12.56   -35.60       -39.74   -12.56   -35.60     0.000
   37.58    -1.18    -4.41        37.58    -1.18    -4.41     0.000
    2.09    -6.81    45.87         2.09    -6.81    45.87     0.000
   16.18     2.63   -21.71        16.18     2.63   -21.71     0.000
   12.38    -6.26    45.92        12.38    -6.26    45.92     0.000
  -12.05   -27.76   -16.14       -12.05   -27.76   -16.14     0.000
   -3.53    19.05    11.23        -3.53    19.05    11.23     0.000
   12.02   -10.89     8.63        12.02   -10.89     8.63     0.000
  -38.55   -18.88   -37.58       -38.55   -18.88   -37.58     0.000
  -21.64   -20.07    -6.67       -21.64   -20.07    -6.67     0.000
   28.72    -1.50    18.79        28.72    -1.50    18.79     0.000
   14.21    23.60    21.73        14.21    23.60    21.73     0.000
   39.73     4.76     3.02        39.73     4.76     3.02     0.000
   14.70   -11.68     5.46        14.70   -11.68     5.46     0.000
   -4.87    -2.57    61.72        -4.87    -2.57    61.72     0.000
   17.29    26.24     7.29        17.29    26.24     7.29     0.000
  -16.17   -12.39    -3.07       -16.17   -12.39    -3.07     0.000
    2.55    24.10    15.41         2.55    24.10    15.41     0.000
   37.76    11.10    -6.19        37.76    11.10    -6.19     0.000
   -5.10    -0.71    62.72        -5.10    -0.71    62.72     0.000
  -31.40    -8.54    -7.18       -31.40    -8.54    -7.18     0.000
  -43.61    -5.51   -23.10       -43.61    -5.51   -23.10     0.000
   -5.73   -26.80   -24.07        -5.73   -26.80   -24.07     0.000
   32.26    18.36    -4.04        32.26    18.36    -4.04     0.000
   -0.94    -3.55   -28.23        -0.94    -3.55   -28.23     0.000
   10.59    -6.94    25.54        10.59    -6.94    25.54     0.000
  -36.61     5.74   -25.43       -36.61     5.74   -25.43     0.000
   31.77    13.75   -22.79        31.77    13.75   -22.79     0.000
  -39.79   -19.47   -17.40       -39.79   -19.47   -17.40     0.000
   33.03     6.56   -24.46        33.03     6.56   -24.46     0.000
    4.26   -16.15   -20.84         4.26   -16.15   -20.84     0.000
   -0.82    21.86    35.08        -0.82    21.86    35.08     0.000
  -31.56     5.52   -15.11       -31.56     5.52   -15.11     0.000
  -42.15   -17.30   -28.77       -42.15   -17.30   -28.77     0.000
  -37.59   -11.47   -10.55       -37.59   -11.47   -10.55     0.000
  -16.92    10.69   -34.47       -16.92    10.69   -34.47     0.000
   21.30     0.71    48.76        21.30     0.71    48.76     0.000
   19.11    23.91    14.52        19.11    23.91    14.52     0.000
   25.34    23.61     5.75        25.34    23.61     5.75     0.000
  -21.31   -30.65   -16.49       -21.31   -30.65   -16.49     0.000
   -9.72    -1.57    17.69        -9.72    -1.57    17.69     0.000
   12.97    16.62   -17.67        12.97    16.62   -17.67     0.000
  -34.95   -24.53   -15.98       -34.95   -24.53   -15.98     0.000
  -14.43    21.90    23.30       -14.43    21.90    23.30     0.000
   -3.95   -10.27    10.53        -3.95   -10.27    10.53     0.000
   28.27    16.38   -24.78        28.27    16.38   -24.78     0.000
   33.56    17.17     5.88        33.56    17.17     5.88     0.000
   26.24    20.18    14.37        26.24    20.18    14.37     0.000
   10.38    21.78    39.00        10.38    21.78    39.00     0.000
   26.85    -4.16   -26.46        26.85    -4.16   -26.46     0.000
   27.54    22.15   -18.23        27.54    22.15   -18.23     0.000
   29.12    20.65     9.02        29.12    20.65     9.02     0.000
  -40.81   -12.22   -30.31       -40.81   -12.22   -30.31     0.000
   -3.24    15.39    51.67        -3.24    15.39    51.67     0.000
    6.29    17.99    62.77         6.29    17.99    62.77     0.000
   32.69    12.61    12.59        32.69    12.61    12.59     0.000
  -24.84    11.29   -21.16       -24.84    11.29   -21.16     0.000
   20.78     3.79    60.40        20.78     3.79    60.40     0.000
   35.96    -2.98     8.18        35.96    -2.98     8.18     0.000
   35.31    14.93    -5.78        35.31    14.93    -5.78     0.000
   -6.39     1.00    41.92        -6.39     1.00    41.92     0.000
   -9.46   -25.18   -14.33        -9.46   -25.18   -14.33     0.000
  -14.16     9.19   -18.18       -14.16     9.19   -18.18     0.000
   -5.85    -0.38    47.85        -5.85    -0.38    47.85     0.000
   18.09    22.56    24.44        18.09    22.56    24.44     0.000
   29.97     0.05   -27.68        29.97     0.05   -27.68     0.000
   26.77    10.72    26.44        26.77    10.72    26.44     0.000
  -26.87   -27.32   -39.87       -26.87   -27.32   -39.87     0.000
   37.14     4.02   -14.46        37.14     4.02   -14.46     0.000
    4.77    -6.56   -24.33         4.77    -6.56   -24.33     0.000
   -2.35    -0.07   -27.66        -2.35    -0.07   -27.66     0.000
   31.25    15.42    12.63        31.25    15.42    12.63     0.000
  -37.23   -17.43   -11.89       -37.23   -17.43   -11.89     0.000
   23.94    24.26     5.67        23.94    24.26     5.67     0.000
   -7.35   -25.29   -36.52        -7.35   -25.29   -36.52     0.000
   31.92    11.52   -24.66        31.92    11.52   -24.66     0.000
    2.32    -6.83    45.76         2.32    -6.83    45.76     0.000
   10.37   -16.40    -8.71        10.37   -16.40    -8.71     0.000
   37.97    -0.87   -11.73        37.97    -0.87   -11.73     0.000
   -4.32    11.96     2.06        -4.32    11.96     2.06     0.000
   38.57     1.92   -11.99        38.57     1.92   -11.99     0.000
  -23.41     3.54   -13.37       -23.41     3.54   -13.37     0.000
   25.06    23.39     7.25        25.06    23.39     7.25     0.000
    8.05    22.77    29.12         8.05    22.77    29.12     0.000
   35.57     0.01    11.31        35.57     0.01    11.31     0.000
  -15.98    19.92    24.62       -15.98    19.92    24.62     0.000
  -38.15     3.71   -22.42       -38.15     3.71   -22.42     0.000
   -7.78    19.92    14.79        -7.78    19.92    14.79     0.000
   31.44     2.16   -26.48        31.44     2.16   -26.48     0.000
   -2.17    -7.71   -34.01        -2.17    -7.71   -34.01     0.000
  -16.29    11.14   -32.10       -16.29    11.14   -32.10     0.000
  -42.00   -14.09   -18.38       -42.00   -14.09   -18.38     0.000
  -12.62   -23.62   -43.00       -12.62   -23.62   -43.00     0.000
   27.17    10.33    25.46        27.17    10.33    25.46     0.000
  -34.87   -22.20   -12.84       -34.87   -22.20   -12.84     0.000
   31.46    19.35    -2.51        31.46    19.35    -2.51     0.000
  -16.19    -1.30   -46.98       -16.19    -1.30   -46.98     0.000
    6.20     6.33   -16.55         6.20     6.33   -16.55     0.000
  -14.37    11.14   -26.11       -14.37    11.14   -26.11     0.000
  -23.88    -8.71    -5.57       -23.88    -8.71    -5.57     0.000
   19.40    20.43    31.97        19.40    20.43    31.97     0.000
   14.38    -5.89    41.33        14.38    -5.89    41.33     0.000
  -38.05    -2.29   -39.34       -38.05    -2.29   -39.34     0.000
  -38.84   -17.72   -14.41       -38.84   -17.72   -14.41     0.000
   -7.83    12.24    39.90        -7.83    12.24    39.90     0.000
   21.40    -1.02    42.56        21.40    -1.02    42.56     0.000
   11.48    22.74    29.23        11.48    22.74    29.23     0.000
   32.80    12.93   -21.95        32.80    12.93   -21.95     0.000
    9.43    11.71   -11.34         9.43    11.71   -11.34     0.000
   18.12    17.08   -30.78        18.12    17.08   -30.78     0.000
   -7.27    22.36    17.30        -7.27    22.36    17.30     0.000
   11.54    23.28    25.32        11.54    23.28    25.32     0.000
  -34.66     0.81   -40.68       -34.66     0.81   -40.68     0.000
  -28.99   -31.13   -23.10       -28.99   -31.13   -23.10     0.000
  -43.42   -14.09   -24.11       -43.42   -14.09   -24.11     0.000
   -6.09     1.36    60.03        -6.09     1.36    60.03     0.000
   28.93    20.20   -20.48        28.93    20.20   -20.48     0.000
  -11.39   -28.88   -34.83       -11.39   -28.88   -34.83     0.000
   27.30     0.62    24.29        27.30     0.62    24.29     0.000
   28.75    17.62    13.78        28.75    17.62    13.78     0.000
   -5.18   -18.00    -8.30        -5.18   -18.00    -8.30     0.000
   15.56    24.57   -15.73        15.56    24.57   -15.73     0.000
  -31.24   -12.69   -46.84       -31.24   -12.69   -46.84     0.000
   17.78    14.74   -30.98        17.78    14.74   -30.98     0.000
   31.68    12.15    13.93        31.68    12.15    13.93     0.000
   24.55    12.80    32.42        24.55    12.80    32.42     0.000
  -37.29     2.84   -34.23       -37.29     2.84   -34.23     0.000
  -21.82     3.04   -44.06       -21.82     3.04   -44.06     0.000
    5.37    -4.47   -23.53         5.37    -4.47   -23.53     0.000
   12.19    26.11    -4.49        12.19    26.11    -4.49     0.000
   -6.49    21.41    15.64        -6.49    21.41    15.64     0.000
  -19.32   -27.74   -12.46       -19.32   -27.74   -12.46     0.000
   -3.38   -23.84   -30.40        -3.38   -23.84   -30.40     0.000
   -1.52    17.57    48.64        -1.52    17.57    48.64     0.000
   23.36    21.62    16.04        23.36    21.62    16.04     0.000
   -7.10     5.64    60.43        -7.10     5.64    60.43     0.000
  -15.38   -10.70    -1.17       -15.38   -10.70    -1.17     0.000
   -1.78    -0.40   -27.07        -1.78    -0.40   -27.07     0.000
  -11.92   -15.89    -4.79       -11.92   -15.89    -4.79     0.000
   13.96    -6.45    26.13        13.96    -6.45    26.13     0.000
   18.40    18.24    45.95        18.40    18.24    45.95     0.000
   23.09    22.02    15.36        23.09    22.02    15.36     0.000
   12.37    25.39    -7.43        12.37    25.39    -7.43     0.000
    9.54    23.22    26.13         9.54    23.22    26.13     0.000
  -22.86    11.96   -29.55       -22.86    11.96   -29.55     0.000
   14.81   -17.27    -9.46        14.81   -17.27    -9.46     0.000
  -21.66    -3.71   -47.54       -21.66    -3.71   -47.54     0.000
  -18.15   -30.63   -16.99       -18.15   -30.63   -16.99     0.000
   -3.12     9.06   -11.10        -3.12     9.06   -11.10     0.000
   14.53    11.63    63.16        14.53    11.63    63.16     0.000
  -41.13   -16.17   -30.88       -41.13   -16.17   -30.88     0.000
   10.71    20.85    54.28        10.71    20.85    54.28     0.000
   21.03   -10.69   -21.65        21.03   -10.69   -21.65     0.000
   -3.96    13.77    59.81        -3.96    13.77    59.81     0.000
    6.02   -14.81   -20.15         6.02   -14.81   -20.15     0.000
   15.21    -5.57    42.46        15.21    -5.57    42.46     0.000
   32.25     4.70   -25.58        32.25     4.70   -25.58     0.000
   16.58    -6.22    25.31        16.58    -6.22    25.31     0.000
   -5.93    10.66     2.16        -5.93    10.66     2.16     0.000
  -14.79    14.15    31.52       -14.79    14.15    31.52     0.000
    6.42   -14.92   -19.10         6.42   -14.92   -19.10     0.000
   17.31     8.27    63.14        17.31     8.27    63.14     0.000
    7.51    17.67    -7.21         7.51    17.67    -7.21     0.000
   39.01     0.49    -9.76        39.01     0.49    -9.76     0.000
   -9.01     7.12   -31.35        -9.01     7.12   -31.35     0.000
   31.48    15.12    12.48        31.48    15.12    12.48     0.000
   25.75    13.35   -29.02        25.75    13.35   -29.02     0.000
   16.98    22.53   -27.86        16.98    22.53   -27.86     0.000
   -8.60   -23.72   -13.13        -8.60   -23.72   -13.13     0.000
    0.26    24.04    21.57         0.26    24.04    21.57     0.000
    4.20    24.30    11.22         4.20    24.30    11.22     0.000
  -37.99    -6.81   -41.44       -37.99    -6.81   -41.44     0.000
  -16.87   -31.70   -32.29       -16.87   -31.70   -32.29     0.000
  -19.69    -0.39    -5.92       -19.69    -0.39    -5.92     0.000
