75 PA4-B-Demo-Fast-Output.txt 0
   18.26     7.34   -25.81        18.26     7.34   -25.81     0.000
  -11.69    -1.19   -44.65       -11.69    -1.19   -44.65     0.000
   25.11    -8.78     4.59        25.11    -8.78     4.59     0.000
  -11.67   -26.89   -38.76       -11.67   -26.89   -38.76     0.000
   32.51    -7.62   -17.82        32.51    -7.62   -17.82     0.000
  -42.42    -6.58   -31.75       -42.42    -6.58   -31.75     0.000
  -15.70    19.72    23.61       -15.70    19.72    23.61     0.000
   -5.82    13.36    47.01        -5.82    13.36    47.01     0.000
   31.78    -8.73   -17.06        31.78    -8.73   -17.06     0.000
   21.29    15.82    41.38        21.29    15.82    41.38     0.000
   35.45     1.32   -19.59        35.45     1.32   -19.59     0.000
    4.79    -7.01    42.23         4.79    -7.01    42.23     0.000
  -38.25     3.81   -23.00       -38.25     3.81   -23.00     0.000
   -8.34    14.17    12.03        -8.34    14.17    12.03     0.000
   14.45    -5.94    31.88        14.45    -5.94    31.88     0.000
   38.54    10.57     3.40        38.54    10.57     3.40     0.000
  -10.13    22.02    34.47       -10.13    22.02    34.47     0.000
   12.08    -6.79    25.07        12.08    -6.79    25.07     0.000
   14.71   -12.50     4.34        14.71   -12.50     4.34     0.000
   -6.69     2.98    40.97        -6.69     2.98    40.97     0.000
  -31.49   -27.82   -16.75       -31.49   -27.82   -16.75     0.000
   35.60    -3.11     8.85        35.59    -3.11     8.85     0.000
   33.17    17.69     5.21        33.17    17.69     5.21     0.000
   -2.06    -5.53    62.27        -2.06    -5.53    62.27     0.000
  -36.11   -25.78   -20.05       -36.11   -25.78   -20.05     0.000
   12.67    17.42   -29.39        12.67    17.42   -29.39     0.000
  -10.22   -18.39    -7.47       -10.22   -18.39    -7.47     0.000
    4.32     4.74    63.43         4.32     4.74    63.43     0.000
  -11.48   -16.99   -45.72       -11.48   -16.99   -45.72     0.000
   10.59    20.12   -11.75        10.59    20.12   -11.75     0.000
  -24.96    10.98   -31.50       -24.96    10.98   -31.50     0.000
   22.12    21.27   -26.16        22.12    21.27   -26.16     0.000
   -1.23    -9.72   -33.80        -1.23    -9.72   -33.80     0.000
   -4.61    19.67    40.46        -4.61    19.67    40.46     0.000
   11.37    21.50    50.31        11.37    21.50    50.31     0.000
   -3.70     9.06   -10.76        -3.70     9.06   -10.76     0.000
   14.47    20.88    50.59        14.47    20.88    50.59     0.000
  -39.23   -11.78   -40.22       -39.23   -11.78   -40.22     0.000
   20.84     1.05   -25.73        20.84     1.05   -25.73     0.000
  -28.46    10.45   -28.94       -28.46    10.45   -28.94     0.000
  -29.56    -9.22   -47.67       -29.56    -9.22   -47.67     0.000
  -34.49   -20.79   -41.27       -34.49   -20.79   -41.27     0.000
  -38.46   -18.12   -14.16       -38.46   -18.12   -14.16     0.000
    7.12    18.18    62.37         7.12    18.18    62.37     0.000
   22.00    -8.03     8.69        22.00    -8.03     8.69     0.000
  -37.99   -14.76   -11.90       -37.99   -14.76   -11.90     0.000
   -6.79     7.71    54.37        -6.79     7.71    54.37     0.000
   -9.16    -3.85    17.46        -9.16    -3.85    17.46     0.000
   37.13    11.98    -7.97        37.13    11.98    -7.97     0.000
   14.99    21.44    44.83        14.99    21.44    44.83     0.000
  -19.02    11.87   -24.07       -19.02    11.87   -24.07     0.000
    0.72    18.59    50.58         0.72    18.59    50.58     0.000
    2.63    -1.38   -23.90         2.63    -1.38   -23.90     0.000
   16.61    26.19     8.29        16.61    26.19     8.29     0.000
   29.16   -11.47   -14.19        29.16   -11.47   -14.19     0.000
   -5.08    18.67    41.23        -5.08    18.67    41.23     0.000
    4.06     2.45   -21.18         4.06     2.45   -21.18     0.000
    4.04   -17.53   -15.14         4.04   -17.53   -15.14     0.000
    0.74   -10.58   -29.05         0.74   -10.58   -29.05     0.000
   21.43    -1.86    38.37        21.43    -1.86    38.37     0.000
   11.70    27.12     1.95        11.70    27.12     1.95     0.000
   16.89    -3.54    55.81        16.89    -3.54    55.81     0.000
    7.69    -7.18    62.81         7.69    -7.18    62.81     0.000
   31.20    -0.12   -26.69        31.20    -0.12   -26.69     0.000
    7.61    -9.09    16.59         7.61    -9.09    16.59     0.000
   13.85    23.34   -19.44        13.85    23.34   -19.44     0.000
  -25.81     7.27   -15.83       -25.81     7.27   -15.83     0.000
  -23.31     0.38   -10.53       -23.31     0.38   -10.53     0.000
   -8.31   -26.13   -16.83        -8.31   -26.13   -16.83     0.000
   35.35    15.39     5.16        35.35    15.39     5.16     0.000
  -43.25   -11.25   -21.28       -43.25   -11.25   -21.28     0.000
    3.37   -11.62    10.66         3.37   -11.62    10.66     0.000
   29.29    -1.86    17.66        29.29    -1.86    17.66     0.000
   14.68    -7.96    15.06        14.68    -7.96    15.06     0.000
   -0.61   -12.33     3.73        -0.61   -12.33     3.73     0.000
