200 PA4-D-Debug-Answer.txt 0
   -4.59    13.56    53.44        -4.59    13.56    53.44     0.000
   -0.57   -16.47   -34.68        -0.57   -16.47   -34.68     0.000
   -5.42   -23.11   -15.31        -5.42   -23.11   -15.31     0.000
   38.73     2.83   -11.75        38.73     2.83   -11.75     0.000
  -10.54    -1.11    15.29       -10.54    -1.11    15.29     0.000
    4.68     4.92    63.39         4.68     4.92    63.39     0.000
  -24.79    11.34   -21.68       -24.79    11.34   -21.68     0.000
  -42.41    -3.75   -20.27       -42.41    -3.75   -20.27     0.000
   21.45   -16.49   -12.33        21.45   -16.49   -12.33     0.000
   -6.99     3.95    36.30        -6.99     3.95    36.30     0.000
  -12.86   -25.24   -41.55       -12.86   -25.24   -41.55     0.000
    3.79    -7.34    57.14         3.79    -7.34    57.14     0.000
   35.26    -3.23     9.36        35.26    -3.23     9.36     0.000
    6.69    -4.38   -22.97         6.69    -4.38   -22.97     0.000
   -2.87    -5.78   -34.53        -2.87    -5.78   -34.53     0.000
   34.27    -4.78     7.95        34.27    -4.78     7.95     0.000
   22.37    14.38    39.58        22.37    14.38    39.58     0.000
   28.32    -5.09   -25.90        28.32    -5.09   -25.90     0.000
  -40.41   -19.62   -31.56       -40.41   -19.62   -31.56     0.000
  -30.20   -30.35   -30.99       -30.20   -30.35   -30.99     0.000
   26.62     7.35    29.09        26.62     7.35    29.09     0.000
  -33.75     0.81   -12.81       -33.75     0.81   -12.81     0.000
   -6.23    -5.28    25.69        -6.23    -5.28    25.69     0.000
   27.66    22.85    -0.32        27.66    22.85    -0.32     0.000
   27.48     3.34    25.87        27.48     3.34    25.87     0.000
  -35.07   -20.79   -12.04       -35.07   -20.79   -12.04     0.000
   25.34    -0.86   -28.17        25.34    -0.86   -28.17     0.000
  -36.44     5.93   -25.84       -36.44     5.93   -25.84     0.000
    6.83    -6.95    49.78         6.83    -6.95    49.78     0.000
    2.39    -5.06   -25.69         2.39    -5.06   -25.69     0.000
  -24.91   -31.65   -33.17       -24.91   -31.65   -33.17     0.000
   -0.42     5.87   -20.73        -0.42     5.87   -20.73     0.000
  -15.43    17.45    20.18       -15.43    17.45    20.18     0.000
  -15.24    -2.22     4.42       -15.24    -2.22     4.42     0.000
   22.96   -14.72    -6.72        22.96   -14.72    -6.72     0.000
  -30.74     9.21   -20.96       -30.74     9.21   -20.96     0.000
    2.06    18.42    55.91         2.06    18.42    55.91     0.000
   34.82    -0.90   -21.28        34.82    -0.90   -21.28     0.000
   -1.05   -10.83   -35.25        -1.05   -10.83   -35.25     0.000
  -38.73   -14.20   -40.51       -38.73   -14.20   -40.51     0.000
   24.80    -9.04     3.89        24.80    -9.04     3.89     0.000
   25.28     1.13    30.65        25.28     1.13    30.65     0.000
   24.81    -5.32    16.36        24.81    -5.32    16.36     0.000
  -42.71   -16.86   -25.41       -42.71   -16.86   -25.41     0.000
  -38.42    -4.69   -40.16       -38.42    -4.69   -40.16     0.000
  -38.30   -19.08   -14.72       -38.30   -19.08   -14.72     0.000
   20.87    18.39    34.33        20.87    18.39    34.33     0.000
  -41.99    -7.71   -17.43       -41.99    -7.71   -17.43     0.000
  -20.87   -18.97    -6.44       -20.87   -18.97    -6.44     0.000
   37.95    11.51    -4.00        37.95    11.51    -4.00     0.000
   12.83    19.21   -30.13        12.83    19.21   -30.13     0.000
   15.16    22.27    34.46        15.16    22.27    34.46     0.000
    6.67    19.31    -5.29         6.67    19.31    -5.29     0.000
   18.81    25.02    10.05        18.81    25.02    10.05     0.000
  -22.63     4.04   -43.32       -22.63     4.04   -43.32     0.000
   17.68    -7.30   -22.64        17.68    -7.30   -22.64     0.000
   -6.48     1.54    42.45        -6.48     1.54    42.45     0.000
   -6.78    20.05    14.31        -6.78    20.05    14.31     0.000
  -13.50   -31.36   -25.98       -13.50   -31.36   -25.98     0.000
   33.59    -6.78   -12.14        33.59    -6.78   -12.14     0.000
   25.90    14.44    24.49        25.90    14.44    24.49     0.000
   17.77    17.01    56.19        17.77    17.01    56.19     0.000
   21.10    -9.16   -22.95        21.10    -9.16   -22.95     0.000
   23.62    -1.90    30.67        23.62    -1.90    30.67     0.000
    5.78    18.67    -3.86         5.78    18.67    -3.86     0.000
  -35.15     6.53   -30.26       -35.15     6.53   -30.26     0.000
   -6.06   -10.66     6.52        -6.06   -10.66     6.52     0.000
   -9.08    24.62    22.55        -9.08    24.62    22.55     0.000
   17.54    -9.61   -21.08        17.54    -9.61   -21.08     0.000
  -33.44   -28.06   -20.60       -33.44   -28.06   -20.60     0.000
   24.60    10.59    35.61        24.60    10.59    35.61     0.000
  -14.73    14.57    19.38       -14.73    14.57    19.38     0.000
   37.78    10.82    -6.78        37.78    10.82    -6.78     0.000
   18.49   -13.86   -17.65        18.49   -13.86   -17.65     0.000
   25.37    -6.81    10.84        25.37    -6.81    10.84     0.000
   -6.79     3.21    53.46        -6.79     3.21    53.46     0.000
   -6.19     8.48    -8.13        -6.19     8.48    -8.13     0.000
   34.79    15.82    -8.86        34.79    15.82    -8.86     0.000
   30.97     1.15   -27.17        30.97     1.15   -27.17     0.000
  -16.68     2.85    -6.56       -16.68     2.85    -6.56     0.000
  -12.21     9.58   -28.41       -12.21     9.58   -28.41     0.000
    3.85     2.20   -21.50         3.85     2.20   -21.50     0.000
  -21.05     2.14   -44.68       -21.05     2.14   -44.68     0.000
   16.41   -11.41   -19.21        16.41   -11.41   -19.21     0.000
  -39.41   -20.86   -33.32       -39.41   -20.86   -33.32     0.000
   -8.84   -29.19   -26.20        -8.84   -29.19   -26.20     0.000
   10.26    -6.42    35.59        10.26    -6.42    35.59     0.000
  -21.37    10.03   -18.74       -21.37    10.03   -18.74     0.000
   -2.45   -21.81   -33.93        -2.45   -21.81   -33.93     0.000
   -8.56    -3.08   -43.26        -8.56    -3.08   -43.26     0.000
  -18.92    12.02   -24.99       -18.92    12.02   -24.99     0.000
   35.18    15.17    -7.47        35.18    15.17    -7.47     0.000
   37.41    -1.76     6.72        37.41    -1.76     6.72     0.000
   -2.40     0.58   -27.35        -2.40     0.58   -27.35     0.000
   11.89    18.83    62.53        11.89    18.83    62.53     0.000
    7.47    20.02    -6.21         7.47    20.02    -6.21     0.000
  -30.75   -29.19   -33.97       -30.75   -29.19   -33.97     0.000
   18.04    21.12    36.44        18.04    21.12    36.44     0.000
  -36.11     2.13   -37.88       -36.11     2.13   -37.88     0.000
   -4.14   -20.09   -11.38        -4.14   -20.09   -11.38     0.000
   21.99    16.62    34.33        21.99    16.62    34.33     0.000
    0.65    -5.46   -27.48         0.65    -5.46   -27.48     0.000
   35.30    -4.28     4.88        35.30    -4.28     4.88     0.000
   -6.30     8.87    -4.32        -6.30     8.87    -4.32     0.000
  -10.60     8.02   -13.97       -10.60     8.02   -13.97     0.000
   -5.07    18.14    42.00        -5.07    18.14    42.00     0.000
   -2.92    14.88    59.77        -2.92    14.88    59.77     0.000
  -20.04    -6.21   -48.74       -20.04    -6.21   -48.74     0.000
  -18.34   -14.10   -48.72       -18.34   -14.10   -48.72     0.000
   -7.41    24.91    27.93        -7.41    24.91    27.93     0.000
   19.91    25.48   -20.72        19.91    25.48   -20.72     0.000
  -21.01     7.41   -39.56       -21.01     7.41   -39.56     0.000
   12.00    23.13    27.28        12.00    23.13    27.28     0.000
   -3.70   -10.10    12.58        -3.70   -10.10    12.58     0.000
   13.46   -10.39     9.08        13.46   -10.39     9.08     0.000
   33.33    -5.62    -1.46        33.33    -5.62    -1.46     0.000
   23.15    17.14    28.89        23.15    17.14    28.89     0.000
    3.75     2.21   -21.53         3.75     2.21   -21.53     0.000
  -25.75   -31.82   -32.06       -25.75   -31.82   -32.06     0.000
   -0.93   -19.36   -13.33        -0.93   -19.36   -13.33     0.000
   20.47    21.07    25.87        20.47    21.07    25.87     0.000
    1.00   -17.17    -8.22         1.00   -17.17    -8.22     0.000
   34.04    13.08   -18.14        34.04    13.08   -18.14     0.000
   16.07    -7.67   -22.08        16.07    -7.67   -22.08     0.000
  -16.76    -1.98     1.11       -16.76    -1.98     1.11     0.000
   -6.94     4.37    38.58        -6.94     4.37    38.58     0.000
   -7.57     9.67    39.18        -7.57     9.67    39.18     0.000
  -41.65   -13.40   -17.20       -41.65   -13.40   -17.20     0.000
   24.52   -14.73   -13.49        24.52   -14.73   -13.49     0.000
   20.88    -6.03    19.08        20.88    -6.03    19.08     0.000
    7.18    21.20    38.98         7.18    21.20    38.98     0.000
   19.48    -0.74    55.35        19.48    -0.74    55.35     0.000
   15.07    21.42    45.42        15.07    21.42    45.42     0.000
   -1.15    19.71    42.23        -1.15    19.71    42.23     0.000
   34.31    13.86     9.86        34.31    13.86     9.86     0.000
  -13.72    23.06    26.90       -13.72    23.06    26.90     0.000
  -13.54    23.20    26.16       -13.54    23.20    26.16     0.000
    0.66    17.02     3.60         0.66    17.02     3.60     0.000
  -21.89    12.32   -26.72       -21.89    12.32   -26.72     0.000
    6.99    -8.30    19.75         6.99    -8.30    19.75     0.000
  -11.76     7.45    19.98       -11.76     7.45    19.98     0.000
   -5.58    15.80    10.39        -5.58    15.80    10.39     0.000
   17.02     7.02   -23.93        17.02     7.02   -23.93     0.000
  -31.59   -28.57   -34.25       -31.59   -28.57   -34.25     0.000
  -14.28    -4.21     5.06       -14.28    -4.21     5.06     0.000
  -18.24   -29.85   -37.35       -18.24   -29.85   -37.35     0.000
   -1.61    18.87     8.79        -1.61    18.87     8.79     0.000
   18.37    21.29    32.55        18.37    21.29    32.55     0.000
    0.70    13.56    -2.35         0.70    13.56    -2.35     0.000
   30.59     2.71   -27.99        30.59     2.71   -27.99     0.000
   28.75   -10.55   -20.00        28.75   -10.55   -20.00     0.000
   -8.76    24.62    22.57        -8.76    24.62    22.57     0.000
   -1.39    17.70     7.23        -1.39    17.70     7.23     0.000
   14.11    -6.64    24.48        14.11    -6.64    24.48     0.000
   31.46    -8.94   -17.69        31.46    -8.94   -17.69     0.000
    7.68     1.48    63.30         7.68     1.48    63.30     0.000
   21.91     7.57    55.24        21.91     7.57    55.24     0.000
   -4.32    15.25     8.30        -4.32    15.25     8.30     0.000
   -3.56    -9.40    18.05        -3.56    -9.40    18.05     0.000
    3.74   -12.52     4.52         3.74   -12.52     4.52     0.000
  -37.63   -21.17   -15.60       -37.63   -21.17   -15.60     0.000
    6.72    25.07    10.54         6.72    25.07    10.54     0.000
   -3.23    15.25    53.41        -3.23    15.25    53.41     0.000
  -35.06     6.22   -31.34       -35.06     6.22   -31.34     0.000
  -14.41     9.85   -33.69       -14.41     9.85   -33.69     0.000
   -7.26    -1.65    29.43        -7.26    -1.65    29.43     0.000
   22.27     4.14    50.31        22.27     4.14    50.31     0.000
   22.66     2.44    45.00        22.66     2.44    45.00     0.000
   -4.58    15.59     8.92        -4.58    15.59     8.92     0.000
  -39.46   -10.99   -39.87       -39.46   -10.99   -39.87     0.000
   -8.91     6.79    29.72        -8.91     6.79    29.72     0.000
  -33.40   -14.70    -7.95       -33.40   -14.70    -7.95     0.000
    9.98    15.80    63.17         9.98    15.80    63.17     0.000
   18.97     3.33   -24.39        18.97     3.33   -24.39     0.000
  -22.04    12.25   -26.19       -22.04    12.25   -26.19     0.000
  -38.27     4.07   -24.63       -38.27     4.07   -24.63     0.000
  -31.34   -28.10   -35.73       -31.34   -28.10   -35.73     0.000
  -33.73   -14.31    -7.96       -33.73   -14.31    -7.96     0.000
  -16.43    16.09    22.65       -16.43    16.09    22.65     0.000
   29.29    -8.09     5.11        29.29    -8.09     5.11     0.000
  -37.39   -14.60   -10.95       -37.39   -14.60   -10.95     0.000
   29.51    10.28    19.27        29.51    10.28    19.27     0.000
   34.37    -0.24   -22.18        34.37    -0.24   -22.18     0.000
  -19.29   -18.23   -47.54       -19.29   -18.23   -47.54     0.000
  -10.91    24.31    28.25       -10.91    24.31    28.25     0.000
  -22.81   -19.45    -6.54       -22.81   -19.45    -6.54     0.000
   24.89    -7.95     7.14        24.89    -7.95     7.14     0.000
   -1.10   -16.90   -35.56        -1.10   -16.90   -35.56     0.000
   27.73     9.74   -29.96        27.73     9.74   -29.96     0.000
   10.48    21.69    41.16        10.48    21.69    41.16     0.000
   27.52    22.22     7.24        27.52    22.22     7.24     0.000
    0.28    16.89     3.83         0.28    16.89     3.83     0.000
   14.86    -4.66    59.59        14.86    -4.66    59.59     0.000
   30.72   -10.10   -16.12        30.72   -10.10   -16.12     0.000
  -13.07     2.86   -42.93       -13.07     2.86   -42.93     0.000
  -32.05   -10.72   -46.60       -32.05   -10.72   -46.60     0.000
   -8.26     9.75    36.91        -8.26     9.75    36.91     0.000
  -36.65   -19.53   -12.54       -36.65   -19.53   -12.54     0.000
   28.65     4.82    22.75        28.65     4.82    22.75     0.000
    4.19    23.15    27.40         4.19    23.15    27.40     0.000
