400 PA5-E-Debug-Output.txt 6
 -122.7592  181.6651   13.4012 -122.8236   27.4791 -136.5407
   11.09    -1.01    60.18        11.17    -0.96    60.32     0.172
   27.63     9.14   -27.24        27.69     9.20   -27.16     0.122
  -21.80   -23.90   -11.02       -21.81   -23.91   -10.96     0.054
   26.66    -3.44   -19.99        26.65    -3.36   -19.96     0.088
    7.24   -17.72    -3.58         7.22   -17.62    -3.61     0.103
  -10.78    17.28    35.45       -10.74    17.25    35.43     0.053
    6.42   -19.13    -6.29         6.40   -19.04    -6.34     0.102
  -30.60   -14.05   -57.91       -30.61   -14.06   -57.86     0.047
    8.94    19.76    44.58         8.88    19.87    44.60     0.130
  -20.78     1.99   -54.61       -20.79     2.01   -54.64     0.039
  -41.31     0.77   -42.77       -41.33     0.77   -42.78     0.017
   -4.26    17.23    22.73        -4.32    17.23    22.66     0.088
  -25.76   -14.01   -57.67       -25.77   -14.00   -57.66     0.017
   24.24    21.00   -14.79        24.22    20.98   -14.78     0.029
   12.53    -3.36    37.97        12.58    -3.47    37.98     0.116
  -19.71    14.45   -37.59       -19.72    14.38   -37.58     0.074
  -18.34   -23.50   -53.10       -18.31   -23.53   -53.13     0.056
    4.62    -3.48    60.57         4.56    -3.57    60.64     0.122
  -10.87    10.96   -28.88       -10.82    10.98   -28.89     0.059
   -4.40    21.85    37.01        -4.43    21.91    37.02     0.065
  -19.42   -22.09   -10.62       -19.43   -22.08   -10.73     0.104
  -13.03    11.97   -26.24       -13.03    11.96   -26.24     0.012
   -4.56   -22.12   -39.44        -4.58   -22.12   -39.42     0.027
   -0.28   -21.84   -33.86        -0.42   -21.85   -33.80     0.152
   21.38     6.85    24.88        21.45     6.86    24.89     0.075
    0.15    -0.90    27.39         0.21    -0.86    27.37     0.073
   -0.37     4.94    56.22        -0.36     4.95    56.22     0.016
  -30.68    10.31   -22.64       -30.66    10.29   -22.66     0.032
  -37.02   -10.55   -11.12       -36.93   -10.50   -11.02     0.145
   14.40    -2.78    33.37        14.56    -2.89    33.43     0.195
    0.94     2.72    60.53         0.99     2.72    60.49     0.059
   -1.85   -24.43   -35.48        -1.83   -24.48   -35.53     0.075
  -10.45    10.56   -24.69       -10.40    10.60   -24.69     0.060
    4.35   -12.96     2.15         4.35   -12.99     2.16     0.031
    7.14    -3.66    40.46         7.15    -3.65    40.46     0.013
    2.57     5.46    60.49         2.59     5.47    60.44     0.059
   -7.52    20.70    31.38        -7.54    20.78    31.37     0.086
   -1.55     2.42    22.60        -1.41     2.48    22.58     0.153
  -12.99     9.78   -20.36       -13.00     9.82   -20.35     0.046
   16.11    -4.87   -18.52        16.12    -4.88   -18.53     0.006
    1.25    18.48    18.55         1.28    18.44    18.56     0.050
   15.99    -2.79    28.37        16.05    -2.87    28.38     0.097
  -33.49    -8.61   -56.91       -33.47    -8.62   -56.84     0.069
   31.68     1.84   -13.48        31.65     1.86   -13.47     0.033
    8.52     1.87   -16.92         8.50     1.81   -16.87     0.081
  -19.76   -24.63   -11.00       -19.76   -24.61   -11.07     0.072
    3.36    17.79    44.30         3.37    17.76    44.24     0.065
  -24.30   -34.35   -39.76       -24.33   -34.54   -39.85     0.205
  -40.05     6.90   -36.12       -40.00     6.86   -36.12     0.058
   -1.45     6.76    52.70        -1.21     6.75    52.70     0.238
  -32.56    -1.45   -54.39       -32.58    -1.42   -54.43     0.048
   30.67     8.76   -20.34        30.74     8.77   -20.35     0.066
   -4.79     8.44    22.77        -4.88     8.43    22.76     0.097
   31.19     2.83     0.62        31.14     2.85     0.62     0.052
   19.19    -7.63    11.23        19.20    -7.64    11.24     0.013
  -13.83   -31.84   -31.58       -13.82   -31.85   -31.58     0.017
  -13.32   -31.47   -35.91       -13.31   -31.49   -35.91     0.022
   -7.62    -2.26     7.00        -7.59    -2.25     6.99     0.034
   28.38    16.16     2.27        28.36    16.14     2.28     0.036
   -1.15    14.33    42.83        -1.11    14.32    42.80     0.047
   -1.21     6.04    39.23        -1.20     6.04    39.23     0.008
  -10.57   -30.64   -28.65       -10.58   -30.61   -28.65     0.029
  -14.78    -2.90    -2.66       -14.81    -2.90    -2.63     0.042
   30.20     8.68     6.08        30.16     8.66     6.05     0.054
  -41.48   -22.71   -37.05       -41.49   -22.72   -37.06     0.003
  -23.21   -34.01   -28.65       -23.22   -34.10   -28.64     0.088
  -10.24     6.42   -32.26       -10.23     6.42   -32.26     0.012
   -0.68    10.52    47.98        -0.74    10.53    47.98     0.064
  -20.41   -25.77   -12.86       -20.40   -25.75   -12.86     0.013
   -9.84   -28.06   -38.44        -9.91   -27.98   -38.43     0.103
   12.19    -3.35    49.56        12.21    -3.41    49.56     0.065
    5.33    -2.83    41.00         5.28    -2.96    41.00     0.139
    6.91    -5.80    29.42         6.86    -5.98    29.45     0.188
  -33.59   -18.63   -12.03       -33.61   -18.63   -12.05     0.033
   10.77     4.44    60.15        10.79     4.45    60.08     0.076
   12.53    11.05    -2.68        12.53    11.02    -2.65     0.046
  -21.84    12.02   -43.96       -21.83    12.01   -43.94     0.024
   16.66    25.19    36.77        16.60    25.44    36.70     0.269
   14.65   -12.33     7.26        14.64   -12.28     7.24     0.054
  -28.70    10.69   -21.19       -28.70    10.70   -21.19     0.003
  -31.35    10.81   -25.13       -31.38    10.85   -25.12     0.049
   18.78     1.87    55.67        18.63     1.98    55.68     0.183
    5.14   -13.11     2.07         5.14   -13.12     2.07     0.006
  -29.38   -24.33   -13.25       -29.38   -24.35   -13.35     0.107
   -5.59   -23.35   -38.50        -5.57   -23.43   -38.56     0.099
  -17.18     5.27   -52.47       -17.17     5.26   -52.45     0.027
  -10.81    14.82    27.51       -10.80    14.83    27.52     0.017
  -31.03   -32.47   -40.60       -31.05   -32.51   -40.65     0.070
   22.02    -3.54     9.08        22.06    -3.58     9.09     0.056
   20.78    16.92    28.44        20.79    16.92    28.44     0.004
   11.48    -4.36    36.90        11.43    -4.27    36.89     0.103
    4.19   -24.22   -11.49         4.19   -24.22   -11.49     0.003
  -25.72   -25.82   -13.21       -25.75   -25.72   -13.29     0.128
  -40.41   -19.63   -46.91       -40.43   -19.64   -46.93     0.033
   16.72     3.94    59.62        16.70     3.95    59.57     0.053
    8.26    -3.68    60.40         8.26    -3.67    60.39     0.015
   30.13     1.69     4.28        30.35     1.79     4.32     0.241
   30.81    13.26    -7.25        30.78    13.22    -7.25     0.053
    8.48   -15.72     0.45         8.40   -15.84     0.49     0.150
   13.89     4.44   -16.31        13.92     4.42   -16.28     0.045
   15.24    11.23    -3.45        15.17    11.29    -3.49     0.098
   14.10    -7.12    21.10        13.97    -7.03    21.06     0.159
   -9.42    18.17    37.09        -9.37    18.13    37.08     0.057
   18.18    -2.69    20.42        18.21    -2.74    20.44     0.070
   18.75     8.66   -19.49        18.73     8.70   -19.48     0.046
   -9.28   -17.16    -7.44        -9.28   -17.16    -7.44     0.001
  -43.82   -16.51   -21.47       -43.86   -16.51   -21.47     0.038
   -5.86    -3.61     8.26        -5.85    -3.60     8.25     0.017
   15.42   -12.80   -12.61        15.43   -12.91   -12.66     0.119
    5.96   -11.32     9.99         6.02   -11.25     9.96     0.098
   -2.50   -12.12   -32.39        -2.47   -12.12   -32.44     0.064
   26.78    21.00     0.65        26.68    20.94     0.66     0.119
   21.70    15.02    24.70        21.62    15.02    24.68     0.078
   12.37    22.57     2.36        12.32    22.59     2.31     0.070
    9.25   -10.67   -18.27         9.25   -10.67   -18.27     0.008
  -20.70   -34.38   -33.63       -20.73   -34.26   -33.63     0.123
  -18.03    14.02   -31.06       -18.01    14.11   -31.04     0.089
   -7.81   -30.15   -20.75        -7.81   -30.15   -20.75     0.008
   -0.22    -6.58    14.81        -0.23    -6.57    14.83     0.029
   18.13    26.49    22.93        18.11    26.47    22.91     0.032
  -40.56    -0.25   -46.38       -40.53    -0.26   -46.37     0.035
    0.41    17.11    18.45         0.39    17.09    18.43     0.036
   33.36     9.48   -14.29        33.30     9.51   -14.28     0.068
   20.16    -2.95   -17.68        20.16    -2.96   -17.68     0.004
   25.32    -2.81     5.38        25.31    -2.80     5.38     0.014
  -34.70   -17.70   -55.54       -34.72   -17.70   -55.56     0.024
   26.99    -0.24   -26.85        27.00    -0.22   -26.83     0.026
   18.55    21.46    36.50        18.67    21.49    36.50     0.127
   32.04     5.58    -0.54        31.98     5.60    -0.54     0.062
   -2.18   -21.31   -37.36        -2.15   -21.30   -37.38     0.035
   16.61    17.98    50.78        16.64    17.98    50.78     0.030
  -43.62   -20.95   -25.93       -43.59   -20.94   -25.93     0.031
   18.90    25.16    -9.79        18.92    25.08    -9.76     0.085
  -12.74    11.90   -26.10       -12.76    11.96   -26.08     0.065
   14.05    24.55    26.40        14.07    24.31    26.38     0.240
  -33.66   -32.68   -27.85       -33.68   -32.71   -27.84     0.037
   -2.41    11.02    42.46        -2.55    11.07    42.51     0.160
   28.36    18.39   -14.53        28.34    18.36   -14.51     0.035
  -16.17     9.62   -21.10       -16.17     9.64   -21.09     0.027
  -14.99    -5.39    -3.91       -15.01    -5.40    -3.89     0.022
   21.91    -3.73     8.93        21.99    -3.76     8.96     0.090
   21.78     0.59    20.32        21.62     0.67    20.26     0.187
   -6.34     2.02     9.84        -6.26     2.03     9.79     0.091
   -4.66   -11.54     0.81        -4.66   -11.53     0.80     0.012
   18.92    -8.17    11.55        18.79    -8.09    11.51     0.159
  -41.39   -12.67   -50.68       -41.47   -12.65   -50.73     0.097
   18.54    26.46     0.12        18.55    26.57     0.10     0.117
   15.39    25.69    22.65        15.38    25.69    22.66     0.012
   16.51     9.49   -10.03        16.63     9.47   -10.01     0.117
   20.52     8.06    34.02        20.49     8.06    34.02     0.024
   -8.34    16.88    25.43        -8.34    16.89    25.43     0.005
   12.95     4.76   -12.79        12.95     4.75   -12.78     0.014
  -14.45   -26.23   -12.20       -14.44   -26.22   -12.22     0.028
  -14.46     3.56   -51.00       -14.49     3.56   -50.98     0.032
    0.97    13.60    51.14         0.97    13.60    51.14     0.006
   16.45    -2.99    24.65        16.52    -3.11    24.66     0.138
   27.35    -0.98     7.22        27.40    -1.06     7.24     0.098
    1.95    -5.85    16.44         1.99    -5.87    16.48     0.069
  -23.43    -1.85   -10.70       -23.44    -1.84   -10.68     0.018
   12.39    22.69     2.27        12.40    22.69     2.28     0.015
  -23.00    -6.97   -57.30       -23.00    -6.97   -57.31     0.003
   -0.61    -0.07    20.74        -0.72    -0.09    20.75     0.106
   17.37    24.25    29.82        17.36    24.41    29.79     0.162
   32.54    11.82    -4.22        32.50    11.78    -4.23     0.054
  -19.32   -33.15   -39.50       -19.32   -33.13   -39.49     0.023
   13.59    22.24    -2.36        13.70    22.25    -2.35     0.111
   -1.95   -17.72   -31.80        -2.06   -17.78   -31.75     0.140
    8.77   -14.25   -16.68         8.72   -14.24   -16.65     0.054
   23.68     5.03   -24.25        23.68     5.03   -24.25     0.004
  -43.61   -20.76   -25.53       -43.65   -20.77   -25.53     0.044
   14.77    16.44   -19.42        14.75    16.43   -19.42     0.025
    2.84    -7.48    13.05         2.92    -7.54    13.10     0.117
  -20.78   -16.16    -9.40       -20.78   -16.16    -9.40     0.000
    7.34   -18.04   -19.10         7.44   -18.05   -19.12     0.104
   30.40     9.85   -21.00        30.41     9.85   -21.00     0.017
    4.75   -17.60   -24.88         4.73   -17.61   -24.86     0.025
    4.22    -2.52    39.51         4.22    -2.53    39.51     0.007
  -19.64    12.78   -42.98       -19.65    12.76   -42.97     0.020
   19.50    22.73    31.53        19.45    22.71    31.52     0.051
   18.94    14.92    39.62        18.98    14.92    39.62     0.040
   30.58     4.04   -26.93        30.56     4.04   -26.93     0.022
   15.09     5.98   -12.53        15.05     6.02   -12.54     0.056
  -33.21   -20.51   -12.49       -33.22   -20.50   -12.42     0.071
    0.30     0.75    42.95         0.28     0.72    42.96     0.029
   24.80    17.68    13.71        24.79    17.68    13.71     0.006
   22.89    13.05    21.29        22.82    13.05    21.27     0.068
  -44.70   -12.20   -21.22       -44.69   -12.20   -21.22     0.008
   27.19     3.60    11.55        27.20     3.60    11.57     0.024
   32.90     9.27    -3.66        33.03     9.25    -3.65     0.134
  -36.36     8.03   -42.70       -36.35     7.98   -42.69     0.059
  -19.08   -24.44   -11.03       -19.08   -24.43   -11.05     0.019
   18.77    14.36    40.03        19.01    14.40    40.04     0.240
   -1.07   -25.15    -9.07        -1.07   -25.16    -9.10     0.032
   -3.08    -5.66    10.32        -3.03    -5.60    10.30     0.083
   19.27     9.31    58.18        19.38     9.37    58.21     0.135
   -0.91     6.60    56.23        -0.89     6.61    56.23     0.017
    5.33    -0.51    61.39         5.33    -0.51    61.41     0.022
    0.02    11.68    52.53         0.03    11.68    52.53     0.017
   -4.57     7.42    22.78        -4.48     7.49    22.75     0.112
    6.15    -3.39    45.16         6.14    -3.45    45.16     0.058
  -35.70   -18.83   -54.13       -35.74   -18.84   -54.16     0.049
  -39.91     0.79   -47.39       -39.88     0.78   -47.38     0.036
   -7.23   -26.09    -9.64        -7.23   -26.09    -9.64     0.008
  -24.87   -33.79   -27.64       -24.87   -33.89   -27.63     0.094
  -10.28    15.96    37.33       -10.38    15.99    37.39     0.117
  -20.30   -18.65   -56.07       -20.29   -18.64   -56.04     0.033
  -37.09   -31.31   -31.78       -37.10   -31.32   -31.78     0.010
   23.31    14.41   -22.19        23.32    14.43   -22.21     0.034
   -4.91     4.31   -21.23        -4.94     4.24   -21.19     0.082
  -36.48   -11.28   -11.05       -36.46   -11.27   -11.03     0.030
   16.04    10.82    58.88        16.04    10.83    58.92     0.038
    0.25   -23.43   -32.45         0.26   -23.43   -32.45     0.015
   22.16    -2.07   -20.19        22.22    -2.04   -20.15     0.079
   -2.00   -20.65    -8.67        -2.01   -20.73    -8.62     0.090
    9.60    -4.68    51.81         9.58    -4.50    51.83     0.185
   22.30    26.00     9.76        22.28    25.97     9.76     0.030
  -38.85   -22.04   -17.31       -38.84   -22.03   -17.32     0.023
    4.34    16.98    14.80         4.39    16.96    14.84     0.062
    3.78   -23.15   -25.60         3.82   -23.17   -25.62     0.054
   14.36    23.79    38.81        14.41    23.74    38.82     0.072
    8.71    -4.52    57.13         8.70    -4.68    57.13     0.159
  -17.05   -33.05   -38.90       -17.05   -33.08   -38.90     0.034
   -9.53    19.64    33.21        -9.51    19.62    33.21     0.029
   13.88    -5.34    24.82        14.02    -5.46    24.85     0.184
   -1.14     8.24    55.22        -1.00     8.21    55.23     0.134
   18.12   -15.46    -6.00        18.06   -15.27    -5.92     0.226
   20.40    18.40    31.19        20.14    18.39    31.12     0.268
   32.77    11.50   -16.01        32.74    11.50   -16.01     0.026
   -5.07     6.56    -5.77        -5.00     6.48    -5.84     0.127
  -21.63   -29.29   -16.45       -21.62   -29.31   -16.43     0.035
  -26.68     6.91   -16.73       -26.68     6.89   -16.74     0.027
    6.87    20.80    24.65         6.87    20.84    24.64     0.036
   14.25    -2.31    47.12        14.25    -2.31    47.12     0.001
   15.63    24.85    39.38        15.64    24.79    39.39     0.064
  -15.48     4.53   -11.82       -15.47     4.50   -11.84     0.033
  -12.60   -30.13   -20.69       -12.59   -30.21   -20.67     0.086
   20.57     8.58    29.97        20.62     8.59    29.98     0.053
    9.12    20.95    10.96         9.17    20.92    10.97     0.065
   17.38     7.13   -18.33        17.31     7.18   -18.31     0.084
    7.50   -15.27   -19.15         7.50   -15.27   -19.15     0.003
  -11.36   -18.18    -8.01       -11.36   -18.21    -7.97     0.043
   16.80    25.48    39.24        16.88    25.57    39.23     0.122
  -35.85   -32.11   -29.62       -35.82   -32.06   -29.63     0.057
  -11.51   -12.34    -4.27       -11.53   -12.36    -4.25     0.035
   19.47    -8.69   -13.67        19.46    -8.69   -13.66     0.017
   24.12    -2.73   -21.80        24.12    -2.76   -21.81     0.030
   21.83    23.41   -13.25        21.79    23.32   -13.22     0.099
   22.53   -10.24    -4.75        22.58   -10.29    -4.74     0.073
   20.43   -10.67     2.86        20.50   -10.71     2.89     0.085
  -38.15     3.46   -18.11       -38.14     3.46   -18.11     0.008
   -3.15   -18.38   -35.86        -3.21   -18.41   -35.85     0.065
  -42.05    -7.84   -14.92       -42.07    -7.83   -14.91     0.027
   -2.52    11.28    42.44        -2.51    11.28    42.44     0.005
    7.01   -15.49   -20.16         7.08   -15.48   -20.19     0.078
    4.69    -6.22    21.36         4.63    -6.31    21.37     0.110
    5.32   -21.35   -24.63         5.32   -21.36   -24.64     0.003
  -45.44    -9.25   -23.11       -45.48    -9.26   -23.11     0.045
  -30.92     9.49   -21.44       -30.90     9.45   -21.46     0.051
   21.01    13.98    28.22        20.89    14.00    28.19     0.122
  -28.99   -28.22   -14.21       -29.00   -28.21   -14.22     0.019
   -6.12     2.97    10.21        -6.09     2.97    10.19     0.031
  -41.88    -3.24   -17.62       -41.92    -3.22   -17.60     0.046
   -1.20    15.63    18.06        -1.19    15.61    18.06     0.024
   -9.06     6.78   -10.34        -9.04     6.75   -10.35     0.042
  -20.20   -33.94   -29.99       -20.20   -33.95   -29.99     0.011
    0.40    12.87    52.16         0.57    12.78    52.15     0.186
    9.07    -4.58    37.70         9.07    -4.65    37.71     0.078
    2.04     8.61    60.35         1.99     8.69    60.46     0.146
   20.50    26.01    -0.95        20.56    26.14    -0.96     0.142
   -9.92    -2.34     3.54        -9.88    -2.33     3.50     0.056
  -28.45     8.62   -45.40       -28.46     8.67   -45.42     0.051
   -3.11   -21.49    -9.62        -3.11   -21.52    -9.59     0.041
    5.46    -3.38   -21.38         5.49    -3.39   -21.40     0.036
   -0.45     5.02    45.17        -0.57     4.98    45.18     0.122
  -14.45   -23.30   -50.51       -14.45   -23.30   -50.51     0.003
  -34.91   -10.45   -11.11       -34.91   -10.45   -11.10     0.005
   -6.09    15.81    24.20        -6.18    15.79    24.08     0.154
   16.60    -4.72   -18.38        16.55    -4.69   -18.32     0.078
   30.79     0.61     1.68        30.68     0.64     1.69     0.115
   26.90    12.91     7.82        26.92    12.93     7.83     0.022
  -33.42     6.50   -47.40       -33.42     6.48   -47.38     0.033
   14.35    -2.96    55.56        14.36    -2.97    55.56     0.016
    9.77    19.45     6.35         9.83    19.42     6.37     0.071
   12.60    -3.15    44.78        12.61    -3.16    44.77     0.022
   20.73    12.88    28.96        20.53    12.91    28.93     0.202
    1.12    16.85    17.86         1.06    16.81    17.81     0.095
  -34.91   -25.95   -17.88       -34.91   -25.96   -17.88     0.010
  -19.12   -14.27    -8.11       -19.12   -14.28    -8.08     0.031
   -1.41    11.52    43.85        -1.38    11.51    43.82     0.044
   23.31     0.78    16.78        23.22     0.81    16.73     0.103
   17.88     0.83    57.47        17.84     0.86    57.47     0.054
   32.03     7.66   -15.82        32.10     7.64   -15.84     0.073
   26.60    17.79     7.28        26.64    17.81     7.29     0.046
   -2.00    21.78    41.36        -2.02    21.83    41.42     0.079
  -10.84   -28.80   -38.76       -10.85   -28.79   -38.76     0.019
   17.25    25.15    37.71        17.31    25.22    37.72     0.095
   10.27    14.83     3.03        10.23    14.88     3.00     0.064
  -22.57   -26.03   -52.99       -22.55   -26.09   -53.07     0.104
   -2.93   -20.80   -37.98        -2.96   -20.79   -37.95     0.037
   13.97    25.29     4.22        13.92    25.34     4.21     0.070
   -0.73     1.29    25.82        -0.74     1.29    25.82     0.010
   18.51     2.70    49.32        18.46     2.72    49.32     0.058
   22.97    21.88    19.28        22.93    21.87    19.27     0.047
  -23.94   -30.80   -45.55       -23.95   -30.81   -45.56     0.008
  -17.82    14.49   -32.62       -17.85    14.37   -32.64     0.126
    2.81   -21.03    -8.61         2.81   -21.02    -8.64     0.029
   23.40    20.79   -16.90        23.48    20.87   -16.93     0.114
   10.73    -3.99    41.73        10.69    -3.88    41.71     0.119
   13.39    -0.90   -19.33        13.39    -0.90   -19.31     0.022
  -35.54    -6.58   -55.68       -35.50    -6.60   -55.62     0.074
    3.44    17.62    44.32         3.44    17.62    44.32     0.005
   17.20    15.90    52.17        16.97    15.83    52.15     0.246
   -0.70    -4.13    15.94        -0.71    -4.13    15.94     0.011
  -24.01     5.32   -15.75       -24.00     5.35   -15.72     0.044
  -34.77    10.02   -39.35       -34.78    10.03   -39.35     0.016
   16.38     5.11   -18.54        16.30     5.13   -18.61     0.110
    3.54   -26.19   -14.26         3.54   -26.21   -14.26     0.022
   19.26    23.30    31.54        19.17    23.24    31.52     0.113
  -14.72   -32.35   -28.14       -14.71   -32.38   -28.14     0.036
   28.05    -1.99     2.37        28.03    -1.96     2.37     0.044
  -42.00   -22.89   -33.58       -41.98   -22.88   -33.58     0.028
   10.26     4.40    60.41        10.29     4.39    60.44     0.038
   -9.41    -0.51   -43.15        -9.44    -0.52   -43.14     0.030
   14.69    24.14    36.32        14.73    24.10    36.32     0.056
  -18.63     7.70   -17.56       -18.66     7.77   -17.50     0.099
  -11.18    13.65    36.07       -11.18    13.65    36.07     0.004
    0.84    21.48    26.75         0.85    21.40    26.78     0.074
  -21.19   -34.45   -38.44       -21.22   -34.36   -38.44     0.092
    6.76    -2.02   -20.55         6.80    -2.04   -20.57     0.043
   19.09    27.00    19.62        19.12    27.11    19.63     0.109
  -35.37    -9.57   -56.23       -35.40    -9.56   -56.30     0.073
   15.46   -16.03    -5.86        15.46   -16.03    -5.86     0.000
   21.32    25.25    -6.32        21.31    25.24    -6.32     0.006
    2.42    15.02    50.86         2.37    15.10    50.85     0.085
   -4.74   -26.18    -8.70        -4.71   -26.21    -8.82     0.128
    9.85     9.21    62.18         9.77     9.11    62.27     0.160
   -0.14    -5.23   -27.97        -0.14    -5.23   -27.97     0.006
   26.22    19.45     7.90        26.14    19.46     7.89     0.083
    8.63    20.22    35.69         8.62    20.28    35.69     0.052
  -28.19   -27.43   -49.45       -28.17   -27.38   -49.41     0.069
   23.87    13.86    17.24        23.89    13.86    17.24     0.020
   19.30    27.12     7.60        19.34    27.30     7.57     0.183
  -41.77     4.59   -36.13       -41.67     4.54   -36.11     0.116
    9.45    -3.95    48.47         9.47    -4.08    48.45     0.130
   15.04   -16.49    -1.11        15.05   -16.48    -1.12     0.012
  -21.86    13.77   -40.84       -21.86    13.80   -40.85     0.029
   11.60   -12.22    10.71        11.62   -12.24    10.72     0.030
   18.97     3.46    51.93        18.99     3.45    51.93     0.027
   17.27    27.25     3.91        17.30    27.20     3.92     0.056
   20.73     5.40    30.20        20.79     5.39    30.21     0.062
   19.29    24.66    24.92        19.32    24.86    24.96     0.202
  -34.89   -19.58   -11.94       -34.89   -19.57   -11.95     0.010
   -4.09   -23.67   -37.47        -4.08   -23.69   -37.49     0.032
   -2.40   -19.63   -35.99        -2.43   -19.67   -35.97     0.056
   13.17    -3.24    49.53        13.13    -3.11    49.53     0.134
   25.30    23.30     3.74        25.25    23.24     3.75     0.080
   32.82     7.58   -13.46        32.74     7.62   -13.44     0.089
  -16.76   -32.38   -40.99       -16.76   -32.28   -40.94     0.115
   11.37     6.03    60.08        11.38     6.04    60.10     0.028
   -4.73    -6.99     5.78        -4.67    -6.94     5.74     0.092
  -32.76   -23.60   -52.06       -32.77   -23.64   -52.08     0.046
   16.62     7.23   -18.26        16.63     7.23   -18.26     0.005
   22.25    -0.20    18.19        22.19    -0.19    18.16     0.059
  -12.33    13.91    34.77       -12.33    13.91    34.78     0.008
   -1.42   -10.63     3.78        -1.38   -10.55     3.74     0.093
  -19.83   -25.04   -11.40       -19.83   -25.02   -11.41     0.019
   31.26     2.75   -20.47        31.29     2.76   -20.47     0.032
  -17.02   -31.24   -21.62       -17.02   -31.26   -21.61     0.023
   17.02   -13.62     4.23        17.00   -13.54     4.16     0.107
  -37.49     4.74   -20.05       -37.47     4.71   -20.06     0.040
   20.74   -11.93    -7.85        20.81   -12.04    -7.84     0.126
   -2.06    -8.26     7.96        -2.02    -8.17     7.92     0.109
   -2.24     8.10     6.04        -2.32     8.22     6.02     0.147
   12.23    22.24     2.34        12.23    22.25     2.35     0.014
   -2.27     7.19     0.89        -2.33     7.33     0.87     0.154
  -34.01     8.65   -22.19       -34.01     8.64   -22.19     0.001
   27.17     3.00   -26.54        27.17     2.99   -26.54     0.006
   -9.74   -23.39   -44.88        -9.74   -23.39   -44.88     0.003
    7.91    15.66     8.14         7.96    15.69     8.18     0.067
   30.65     1.42     3.31        30.68     1.43     3.31     0.037
  -33.54   -19.03   -55.14       -33.53   -19.06   -55.25     0.108
  -37.56     0.92   -14.68       -37.51     0.90   -14.70     0.058
  -31.10   -29.24   -17.40       -31.02   -29.17   -17.45     0.122
   27.40    13.33     6.05        27.34    13.30     6.03     0.079
    0.27   -25.97   -28.45         0.22   -25.92   -28.44     0.072
   13.48   -12.23     7.73        13.48   -12.25     7.74     0.015
  -35.27    -8.97   -11.80       -35.27    -8.95   -11.76     0.050
   15.79     4.78   -18.27        15.84     4.76   -18.22     0.064
   13.22    -2.51    40.88        13.23    -2.53    40.88     0.028
   15.29     4.31   -17.97        15.35     4.29   -17.90     0.091
   33.26    10.33   -14.46        33.29    10.34   -14.48     0.039
   -0.85     0.59    20.67        -0.91     0.57    20.67     0.062
    2.01     8.78    -1.20         2.04     8.70    -1.17     0.087
   32.14    13.05   -12.83        32.15    13.05   -12.83     0.007
    9.72    20.96    34.27         9.74    20.74    34.21     0.228
   20.04    10.39    38.68        20.04    10.39    38.68     0.001
    4.77   -11.69   -22.94         4.74   -11.69   -22.92     0.030
  -19.40   -24.31   -11.07       -19.40   -24.32   -11.02     0.050
    3.28    -5.27   -24.29         3.22    -5.26   -24.27     0.059
  -12.45   -23.21   -11.35       -12.44   -23.23   -11.32     0.031
