150 PA5-D-Debug-Answer.txt 6
   -3.8418 -103.9434   57.7028  -91.9482   -2.5287  117.3690
   36.73     3.04    13.82        36.73     3.04    13.82     0.000
   17.69   -11.71   -14.97        17.69   -11.71   -14.97     0.000
  -26.37   -32.86   -17.89       -26.37   -32.86   -17.89     0.000
    9.47    -9.96    10.93         9.47    -9.96    10.93     0.000
   15.71    28.06     6.89        15.71    28.06     6.89     0.000
  -14.15   -15.00    -2.36       -14.15   -15.00    -2.36     0.000
   39.80     4.05    -8.05        39.80     4.05    -8.05     0.000
   40.94     4.22    -5.55        40.94     4.22    -5.55     0.000
   -2.31    29.62    13.71        -2.31    29.62    13.71     0.000
   27.86    -1.83    21.11        27.86    -1.83    21.11     0.000
   21.65   -12.27    -3.65        21.65   -12.27    -3.65     0.000
   -2.00   -11.22    61.41        -2.00   -11.22    61.41     0.000
  -37.34    -0.22   -12.57       -37.34    -0.22   -12.57     0.000
   28.35    25.27     2.55        28.35    25.27     2.55     0.000
  -24.50   -17.78    -5.24       -24.50   -17.78    -5.24     0.000
   -4.76   -11.20    60.57        -4.76   -11.20    60.57     0.000
   23.34    27.84   -15.16        23.34    27.84   -15.16     0.000
   31.31    18.19   -27.40        31.31    18.19   -27.40     0.000
   14.88    14.13    60.72        14.88    14.13    60.72     0.000
   -3.55   -14.47    -2.20        -3.55   -14.47    -2.20     0.000
   31.59    24.08    -9.71        31.59    24.08    -9.71     0.000
   12.21    25.48    -8.04        12.21    25.48    -8.04     0.000
   25.28    -1.12   -27.74        25.28    -1.12   -27.74     0.000
    1.52    23.94    33.97         1.52    23.94    33.97     0.000
    4.06   -10.54    21.05         4.06   -10.54    21.05     0.000
   -0.18    12.72   -10.61        -0.18    12.72   -10.61     0.000
    3.09   -14.59     1.01         3.09   -14.59     1.01     0.000
  -30.24   -24.81    -5.82       -30.24   -24.81    -5.82     0.000
   -4.41   -13.19     6.85        -4.41   -13.19     6.85     0.000
   -7.92    16.11    16.06        -7.92    16.11    16.06     0.000
  -42.30   -12.13   -10.24       -42.30   -12.13   -10.24     0.000
   31.47    -6.77   -11.76        31.47    -6.77   -11.76     0.000
   -6.72     3.18    47.72        -6.72     3.18    47.72     0.000
   19.39    21.70    27.02        19.39    21.70    27.02     0.000
  -40.12   -13.10    -8.54       -40.12   -13.10    -8.54     0.000
  -28.97   -19.97   -43.33       -28.97   -19.97   -43.33     0.000
   -4.26   -11.75    22.88        -4.26   -11.75    22.88     0.000
   13.31     5.19    61.42        13.31     5.19    61.42     0.000
   30.28    12.70   -32.45        30.28    12.70   -32.45     0.000
   22.31    -7.33    10.34        22.31    -7.33    10.34     0.000
   21.79     9.50    46.63        21.79     9.50    46.63     0.000
   11.96    28.32     9.59        11.96    28.32     9.59     0.000
   23.64    25.64     7.76        23.64    25.64     7.76     0.000
  -34.96     3.00   -13.09       -34.96     3.00   -13.09     0.000
  -38.65   -22.02   -10.23       -38.65   -22.02   -10.23     0.000
   -2.43   -12.02   -26.23        -2.43   -12.02   -26.23     0.000
   26.43    14.54    29.90        26.43    14.54    29.90     0.000
   32.10    -6.76   -16.05        32.10    -6.76   -16.05     0.000
   -9.14    19.94    14.56        -9.14    19.94    14.56     0.000
   -4.52   -11.37    51.80        -4.52   -11.37    51.80     0.000
  -10.44     5.77    -3.04       -10.44     5.77    -3.04     0.000
  -25.71     8.75   -22.11       -25.71     8.75   -22.11     0.000
   22.41     0.98    38.21        22.41     0.98    38.21     0.000
   33.92     4.84   -24.99        33.92     4.84   -24.99     0.000
   13.40    -7.64    15.93        13.40    -7.64    15.93     0.000
   18.44    12.29    54.78        18.44    12.29    54.78     0.000
   -0.20    -8.48    62.66        -0.20    -8.48    62.66     0.000
   24.72    12.78    36.24        24.72    12.78    36.24     0.000
  -33.25   -21.04   -40.99       -33.25   -21.04   -40.99     0.000
  -33.44   -30.97   -21.83       -33.44   -30.97   -21.83     0.000
   -2.97    11.41    -9.25        -2.97    11.41    -9.25     0.000
   -0.82   -15.06   -15.14        -0.82   -15.06   -15.14     0.000
  -17.84    -4.04   -42.74       -17.84    -4.04   -42.74     0.000
   13.11    14.15    62.66        13.11    14.15    62.66     0.000
  -11.82   -15.51    -3.87       -11.82   -15.51    -3.87     0.000
   27.45    20.92    21.68        27.45    20.92    21.68     0.000
   -2.80   -17.16   -22.30        -2.80   -17.16   -22.30     0.000
  -29.36     5.64   -14.25       -29.36     5.64   -14.25     0.000
    0.68   -10.19   -24.87         0.68   -10.19   -24.87     0.000
    3.49   -10.07    49.09         3.49   -10.07    49.09     0.000
   42.65     2.35     1.72        42.65     2.35     1.72     0.000
  -42.71    -5.50   -33.66       -42.71    -5.50   -33.66     0.000
   -4.13   -12.51    13.63        -4.13   -12.51    13.63     0.000
  -11.47   -29.48   -31.91       -11.47   -29.48   -31.91     0.000
   14.14    10.73    63.21        14.14    10.73    63.21     0.000
  -16.39     8.23   -30.48       -16.39     8.23   -30.48     0.000
  -19.80   -20.89    -6.19       -19.80   -20.89    -6.19     0.000
  -36.69     1.44   -13.10       -36.69     1.44   -13.10     0.000
  -27.61   -21.55   -43.39       -27.61   -21.55   -43.39     0.000
   -1.72    26.89    25.40        -1.72    26.89    25.40     0.000
  -43.49   -12.82   -30.36       -43.49   -12.82   -30.36     0.000
  -19.67   -32.46   -32.23       -19.67   -32.46   -32.23     0.000
   19.66    -4.52   -22.79        19.66    -4.52   -22.79     0.000
   19.37    14.55    47.28        19.37    14.55    47.28     0.000
   25.75    12.88   -33.49        25.75    12.88   -33.49     0.000
  -30.79   -30.82   -31.12       -30.79   -30.82   -31.12     0.000
  -23.89     8.10   -26.08       -23.89     8.10   -26.08     0.000
    9.38    -9.41    15.10         9.38    -9.41    15.10     0.000
   -5.01     8.28    50.04        -5.01     8.28    50.04     0.000
   22.34   -11.69    -2.86        22.34   -11.69    -2.86     0.000
   30.73     0.30    19.24        30.73     0.30    19.24     0.000
   26.32   -12.20   -12.52        26.32   -12.20   -12.52     0.000
  -24.48   -30.90   -34.50       -24.48   -30.90   -34.50     0.000
   19.10   -10.37     1.35        19.10   -10.37     1.35     0.000
   -8.58     4.58    19.52        -8.58     4.58    19.52     0.000
   -8.29    17.94    13.04        -8.29    17.94    13.04     0.000
   24.17    -1.06    27.56        24.17    -1.06    27.56     0.000
   20.02    23.01   -32.61        20.02    23.01   -32.61     0.000
  -21.26     8.18   -29.12       -21.26     8.18   -29.12     0.000
  -15.64     4.50   -13.34       -15.64     4.50   -13.34     0.000
   36.41    -2.77    15.17        36.41    -2.77    15.17     0.000
   39.83    10.41    -3.46        39.83    10.41    -3.46     0.000
   18.97    -9.00     4.61        18.97    -9.00     4.61     0.000
    8.58    -8.10    31.26         8.58    -8.10    31.26     0.000
   19.23    15.05   -24.97        19.23    15.05   -24.97     0.000
   -3.60     2.09   -26.68        -3.60     2.09   -26.68     0.000
    3.29   -10.14    47.52         3.29   -10.14    47.52     0.000
   25.60    18.28   -31.30        25.60    18.28   -31.30     0.000
   -4.95    29.48    14.01        -4.95    29.48    14.01     0.000
   38.82     1.10    12.65        38.82     1.10    12.65     0.000
   38.72    10.16   -16.09        38.72    10.16   -16.09     0.000
  -25.62   -15.18   -44.66       -25.62   -15.18   -44.66     0.000
   -2.13    29.84    16.37        -2.13    29.84    16.37     0.000
   36.73    15.08   -20.34        36.73    15.08   -20.34     0.000
   17.17    -3.53    41.37        17.17    -3.53    41.37     0.000
   -4.52     9.29    60.82        -4.52     9.29    60.82     0.000
  -12.08     0.95     7.53       -12.08     0.95     7.53     0.000
    9.63    18.00   -11.95         9.63    18.00   -11.95     0.000
   34.01    20.06   -24.87        34.01    20.06   -24.87     0.000
  -44.18    -9.25   -13.90       -44.18    -9.25   -13.90     0.000
   25.78     0.92    25.67        25.78     0.92    25.67     0.000
   21.23    24.86   -32.09        21.23    24.86   -32.09     0.000
   -6.16     6.88    58.82        -6.16     6.88    58.82     0.000
   26.13    26.63    -1.16        26.13    26.63    -1.16     0.000
   -5.67   -10.41    48.72        -5.67   -10.41    48.72     0.000
   -3.66    10.85    53.35        -3.66    10.85    53.35     0.000
  -45.11   -14.46   -18.65       -45.11   -14.46   -18.65     0.000
  -14.52     7.39   -22.50       -14.52     7.39   -22.50     0.000
  -34.28   -30.13   -19.01       -34.28   -30.13   -19.01     0.000
  -32.54     3.94   -32.71       -32.54     3.94   -32.71     0.000
   -0.14    28.32    23.36        -0.14    28.32    23.36     0.000
   24.96    21.44    24.96        24.96    21.44    24.96     0.000
  -38.31    -0.54   -32.61       -38.31    -0.54   -32.61     0.000
    9.90    28.88     6.73         9.90    28.88     6.73     0.000
   -0.97    27.83    23.89        -0.97    27.83    23.89     0.000
   -7.27    -8.64    36.21        -7.27    -8.64    36.21     0.000
    3.51   -10.49    22.69         3.51   -10.49    22.69     0.000
   15.54    -3.11    57.61        15.54    -3.11    57.61     0.000
  -40.98    -4.97   -35.02       -40.98    -4.97   -35.02     0.000
  -15.82   -23.91    -7.34       -15.82   -23.91    -7.34     0.000
    2.76    29.37    18.55         2.76    29.37    18.55     0.000
   25.28   -14.32    -9.88        25.28   -14.32    -9.88     0.000
  -30.68   -19.79    -6.20       -30.68   -19.79    -6.20     0.000
   10.84    -5.15   -22.52        10.84    -5.15   -22.52     0.000
  -12.10   -11.38     8.83       -12.10   -11.38     8.83     0.000
  -27.31   -33.79   -23.88       -27.31   -33.79   -23.88     0.000
  -44.90   -11.79   -15.23       -44.90   -11.79   -15.23     0.000
   15.06    12.80    62.78        15.06    12.80    62.78     0.000
   35.96    -3.12   -18.46        35.96    -3.12   -18.46     0.000
   19.88    16.43   -29.09        19.88    16.43   -29.09     0.000
