150 PA5-C-Debug-Answer.txt 6
  -16.7702   83.3368  -65.6345 -110.0144 -109.0167   17.2677
    4.59    -7.93    50.39         4.59    -7.93    50.39     0.000
  -38.68   -13.03   -38.63       -38.68   -13.03   -38.63     0.000
  -17.35   -34.83   -22.97       -17.35   -34.83   -22.97     0.000
   12.08   -15.24   -16.89        12.08   -15.24   -16.89     0.000
   -2.72    -1.29    43.88        -2.72    -1.29    43.88     0.000
  -26.39    11.86   -27.66       -26.39    11.86   -27.66     0.000
  -13.73    -5.20   -50.26       -13.73    -5.20   -50.26     0.000
   15.42    21.46    32.43        15.42    21.46    32.43     0.000
  -12.02    23.93    32.31       -12.02    23.93    32.31     0.000
   -6.74   -18.03    -8.26        -6.74   -18.03    -8.26     0.000
  -13.45    -3.31   -48.99       -13.45    -3.31   -48.99     0.000
   29.36   -11.20   -18.04        29.36   -11.20   -18.04     0.000
    0.74   -16.25    -3.32         0.74   -16.25    -3.32     0.000
    2.76    -8.11    52.21         2.76    -8.11    52.21     0.000
   10.74    23.36    35.56        10.74    23.36    35.56     0.000
   -0.37    22.97    47.38        -0.37    22.97    47.38     0.000
    1.08    -7.27    63.71         1.08    -7.27    63.71     0.000
   12.76    24.59    30.55        12.76    24.59    30.55     0.000
  -38.32   -19.65   -14.11       -38.32   -19.65   -14.11     0.000
   -1.78    10.68    36.49        -1.78    10.68    36.49     0.000
   -3.04    -2.43    34.38        -3.04    -2.43    34.38     0.000
    0.42   -20.45   -35.11         0.42   -20.45   -35.11     0.000
   12.81    28.09     0.48        12.81    28.09     0.48     0.000
  -22.90     6.34   -17.20       -22.90     6.34   -17.20     0.000
   28.34     6.15   -29.58        28.34     6.15   -29.58     0.000
   17.39    -6.07    18.57        17.39    -6.07    18.57     0.000
    9.91    20.85   -13.66         9.91    20.85   -13.66     0.000
   -4.91     0.04    28.45        -4.91     0.04    28.45     0.000
    9.30    23.31    -2.44         9.30    23.31    -2.44     0.000
   12.76    28.34     1.94        12.76    28.34     1.94     0.000
  -19.62    11.27   -38.62       -19.62    11.27   -38.62     0.000
  -41.09    -0.60   -28.44       -41.09    -0.60   -28.44     0.000
    1.38    -6.56    63.73         1.38    -6.56    63.73     0.000
    7.73     8.72    64.09         7.73     8.72    64.09     0.000
   10.22    11.28   -12.00        10.22    11.28   -12.00     0.000
    1.73    -7.37    43.21         1.73    -7.37    43.21     0.000
  -25.89    11.72   -26.22       -25.89    11.72   -26.22     0.000
   34.55     0.47   -12.71        34.55     0.47   -12.71     0.000
    1.55    -5.53   -25.07         1.55    -5.53   -25.07     0.000
   19.19    24.85   -22.28        19.19    24.85   -22.28     0.000
   31.35     9.63   -23.83        31.35     9.63   -23.83     0.000
    9.25    21.62    44.19         9.25    21.62    44.19     0.000
   21.47     6.25    34.85        21.47     6.25    34.85     0.000
  -22.93   -34.36   -20.56       -22.93   -34.36   -20.56     0.000
   36.33     2.94    -3.94        36.33     2.94    -3.94     0.000
   31.56    -4.97   -13.60        31.56    -4.97   -13.60     0.000
   10.89    28.71    11.35        10.89    28.71    11.35     0.000
  -30.32   -31.09   -18.72       -30.32   -31.09   -18.72     0.000
    6.68     4.15   -18.35         6.68     4.15   -18.35     0.000
  -17.78   -17.84   -50.28       -17.78   -17.84   -50.28     0.000
    9.81    -9.02    11.45         9.81    -9.02    11.45     0.000
  -26.50   -30.46   -13.75       -26.50   -30.46   -13.75     0.000
    2.78    29.19    18.68         2.78    29.19    18.68     0.000
   -1.92    -3.76    34.77        -1.92    -3.76    34.77     0.000
   23.35   -15.48   -18.28        23.35   -15.48   -18.28     0.000
    8.96    -6.91    42.62         8.96    -6.91    42.62     0.000
   12.49    24.77    30.67        12.49    24.77    30.67     0.000
   35.68     0.77    -0.80        35.68     0.77    -0.80     0.000
    9.12    19.32    -4.48         9.12    19.32    -4.48     0.000
  -30.52   -30.62   -17.79       -30.52   -30.62   -17.79     0.000
   -8.70    20.60    24.23        -8.70    20.60    24.23     0.000
  -29.80     6.08   -38.32       -29.80     6.08   -38.32     0.000
    0.92    -8.93    21.21         0.92    -8.93    21.21     0.000
    0.63    17.06    56.09         0.63    17.06    56.09     0.000
   31.29    16.19   -13.20        31.29    16.19   -13.20     0.000
  -33.07   -27.70   -16.41       -33.07   -27.70   -16.41     0.000
  -25.77   -31.49   -37.97       -25.77   -31.49   -37.97     0.000
  -11.70   -25.30   -10.19       -11.70   -25.30   -10.19     0.000
   12.48    24.23    32.13        12.48    24.23    32.13     0.000
   -4.35     9.36    -6.77        -4.35     9.36    -6.77     0.000
  -37.52   -13.77   -40.73       -37.52   -13.77   -40.73     0.000
   24.23    11.09    24.83        24.23    11.09    24.83     0.000
    3.16   -18.16    -8.88         3.16   -18.16    -8.88     0.000
  -16.64    -2.83    -1.69       -16.64    -2.83    -1.69     0.000
  -31.68   -13.91    -7.37       -31.68   -13.91    -7.37     0.000
    8.84    -2.18   -24.04         8.84    -2.18   -24.04     0.000
   24.14     0.65    16.99        24.14     0.65    16.99     0.000
   -4.11     2.44    57.44        -4.11     2.44    57.44     0.000
   -3.71    11.80     9.99        -3.71    11.80     9.99     0.000
   -3.83     2.79    61.63        -3.83     2.79    61.63     0.000
   11.78    -5.82    57.33        11.78    -5.82    57.33     0.000
   13.62     8.45   -21.53        13.62     8.45   -21.53     0.000
   19.02    19.45    40.71        19.02    19.45    40.71     0.000
    1.41    17.26     8.41         1.41    17.26     8.41     0.000
   32.56     6.14   -19.61        32.56     6.14   -19.61     0.000
  -27.35     6.97   -39.36       -27.35     6.97   -39.36     0.000
    7.57     8.32    64.45         7.57     8.32    64.45     0.000
   13.12    22.09    34.13        13.12    22.09    34.13     0.000
  -14.19   -23.55   -48.19       -14.19   -23.55   -48.19     0.000
   -4.79    30.04    36.85        -4.79    30.04    36.85     0.000
   11.09    -6.21    45.44        11.09    -6.21    45.44     0.000
   -4.10    -2.18   -37.78        -4.10    -2.18   -37.78     0.000
   30.11    -7.92   -19.47        30.11    -7.92   -19.47     0.000
    6.71    28.32    22.29         6.71    28.32    22.29     0.000
  -21.92   -33.01   -16.58       -21.92   -33.01   -16.58     0.000
    9.32    22.99    -3.42         9.32    22.99    -3.42     0.000
  -14.98   -34.65   -32.38       -14.98   -34.65   -32.38     0.000
   11.29    13.07   -11.01        11.29    13.07   -11.01     0.000
   -4.71   -16.65    -5.46        -4.71   -16.65    -5.46     0.000
    2.32    20.49    52.49         2.32    20.49    52.49     0.000
   -2.69    12.00    30.81        -2.69    12.00    30.81     0.000
   -9.14     8.64   -13.87        -9.14     8.64   -13.87     0.000
  -43.83    -7.83   -20.07       -43.83    -7.83   -20.07     0.000
   11.56    28.78    11.08        11.56    28.78    11.08     0.000
   32.43     0.43     6.38        32.43     0.43     6.38     0.000
  -27.00     7.09   -39.52       -27.00     7.09   -39.52     0.000
   -6.70    18.14    25.03        -6.70    18.14    25.03     0.000
  -33.93     6.38   -29.88       -33.93     6.38   -29.88     0.000
    0.38    -8.89    21.98         0.38    -8.89    21.98     0.000
   -1.90    13.05     8.01        -1.90    13.05     8.01     0.000
   -6.59    -1.59    22.51        -6.59    -1.59    22.51     0.000
   -2.42     9.79   -14.20        -2.42     9.79   -14.20     0.000
    3.24    19.14     6.86         3.24    19.14     6.86     0.000
    0.41    13.78     3.89         0.41    13.78     3.89     0.000
    7.17     3.30    64.21         7.17     3.30    64.21     0.000
    5.76   -16.97    -5.27         5.76   -16.97    -5.27     0.000
  -17.42   -31.42   -14.46       -17.42   -31.42   -14.46     0.000
  -16.83    12.74   -35.49       -16.83    12.74   -35.49     0.000
  -23.61   -13.08   -50.45       -23.61   -13.08   -50.45     0.000
   11.71     2.28   -24.46        11.71     2.28   -24.46     0.000
   11.50    -7.00    20.33        11.50    -7.00    20.33     0.000
   -9.44    10.55   -21.80        -9.44    10.55   -21.80     0.000
   16.66    -5.55    21.57        16.66    -5.55    21.57     0.000
   13.75    10.50   -21.37        13.75    10.50   -21.37     0.000
   12.63     3.21   -25.05        12.63     3.21   -25.05     0.000
  -15.04   -17.38   -51.08       -15.04   -17.38   -51.08     0.000
  -32.47     4.79   -37.87       -32.47     4.79   -37.87     0.000
  -12.67   -16.27    -5.75       -12.67   -16.27    -5.75     0.000
   -6.18     9.56   -15.66        -6.18     9.56   -15.66     0.000
  -30.98   -20.62   -45.33       -30.98   -20.62   -45.33     0.000
   -2.90     4.24    46.66        -2.90     4.24    46.66     0.000
   18.54    25.58   -22.10        18.54    25.58   -22.10     0.000
  -11.58    -7.09     3.41       -11.58    -7.09     3.41     0.000
   16.35    -8.30   -28.21        16.35    -8.30   -28.21     0.000
  -13.24   -17.80    -7.27       -13.24   -17.80    -7.27     0.000
   12.12     1.39    63.46        12.12     1.39    63.46     0.000
    2.90     2.84    64.12         2.90     2.84    64.12     0.000
    7.32     6.70    64.66         7.32     6.70    64.66     0.000
   15.05    28.50    -1.77        15.05    28.50    -1.77     0.000
    0.04    -7.23    51.53         0.04    -7.23    51.53     0.000
  -14.87   -34.64   -32.44       -14.87   -34.64   -32.44     0.000
  -34.89   -10.58    -9.31       -34.89   -10.58    -9.31     0.000
    0.96   -16.52   -31.40         0.96   -16.52   -31.40     0.000
   16.30   -16.81   -14.40        16.30   -16.81   -14.40     0.000
    2.11    -8.10    25.48         2.11    -8.10    25.48     0.000
   12.31     2.23   -25.37        12.31     2.23   -25.37     0.000
  -12.94   -18.45    -7.75       -12.94   -18.45    -7.75     0.000
  -11.54   -33.53   -22.41       -11.54   -33.53   -22.41     0.000
   -8.64   -17.86    -7.82        -8.64   -17.86    -7.82     0.000
   20.78    -2.84    19.47        20.78    -2.84    19.47     0.000
