150 PA5-A-Debug-Output.txt 6
   22.2255 -100.1296  -24.9752   -2.5273   22.7331 -114.5112
   39.74     9.89   -20.29        39.74     9.89   -20.29     0.000
   39.10    12.88     4.11        39.10    12.88     4.11     0.000
  -12.53   -25.31   -39.80       -12.53   -25.31   -39.80     0.000
  -36.91     2.38   -39.75       -36.91     2.38   -39.75     0.000
    1.78    17.49    52.18         1.78    17.49    52.18     0.000
   -6.67    21.28    24.53        -6.67    21.28    24.53     0.000
    1.04    20.53    22.02         1.04    20.53    22.02     0.000
  -19.69    -9.02    -1.80       -19.69    -9.02    -1.80     0.000
   -0.56    17.12     5.61        -0.56    17.12     5.61     0.000
  -15.94   -25.12   -41.28       -15.94   -25.12   -41.28     0.000
   19.97    -4.64    31.55        19.97    -4.64    31.55     0.000
  -23.28   -26.49   -40.16       -23.28   -26.49   -40.16     0.000
  -27.40    15.97   -24.02       -27.40    15.97   -24.02     0.000
  -32.80   -29.22   -30.59       -32.80   -29.22   -30.59     0.000
   13.57    21.57    41.79        13.57    21.57    41.79     0.000
   -6.47    -1.77    46.64        -6.47    -1.77    46.64     0.000
   30.44    24.04    -8.48        30.44    24.04    -8.48     0.000
   -4.84     3.31   -29.44        -4.84     3.31   -29.44     0.000
   -1.11    16.74    59.47        -1.11    16.74    59.47     0.000
   38.47     6.04   -22.63        38.47     6.04   -22.63     0.000
  -38.99   -15.29    -9.51       -38.99   -15.29    -9.51     0.000
   21.74   -14.85     1.83        21.74   -14.85     1.83     0.000
    2.71    -9.74    20.56         2.71    -9.74    20.56     0.000
   11.72    25.80    -6.36        11.72    25.80    -6.36     0.000
    9.19   -17.55    -6.17         9.19   -17.55    -6.17     0.000
    6.29    19.66    37.44         6.29    19.66    37.44     0.000
    2.95    -0.85   -24.61         2.95    -0.85   -24.61     0.000
   36.44    -2.87   -25.69        36.44    -2.87   -25.69     0.000
  -43.37    -6.05   -16.72       -43.37    -6.05   -16.72     0.000
   -3.83    19.30    12.49        -3.83    19.30    12.49     0.000
    1.38     8.34   -17.99         1.38     8.34   -17.99     0.000
   -4.99    20.72    28.43        -4.99    20.72    28.43     0.000
   36.55    -4.61    -7.57        36.55    -4.61    -7.57     0.000
   -5.69    -2.09    43.39        -5.69    -2.09    43.39     0.000
   -5.15     2.73   -30.31        -5.15     2.73   -30.31     0.000
   25.36    19.23    15.63        25.36    19.23    15.63     0.000
   15.02     1.81    62.96        15.02     1.81    62.96     0.000
   -4.85   -10.35   -37.27        -4.85   -10.35   -37.27     0.000
   18.01     8.64    61.48        18.01     8.64    61.48     0.000
  -12.07   -11.68   -45.70       -12.07   -11.68   -45.70     0.000
  -35.09     9.02   -16.07       -35.09     9.02   -16.07     0.000
   19.76     9.49    51.65        19.76     9.49    51.65     0.000
  -11.54     6.14    55.52       -11.54     6.14    55.52     0.000
  -14.39   -16.47   -46.41       -14.39   -16.47   -46.41     0.000
    6.83    22.99    12.53         6.83    22.99    12.53     0.000
  -13.14   -18.73   -44.72       -13.14   -18.73   -44.72     0.000
  -14.94     3.61    19.61       -14.94     3.61    19.61     0.000
  -20.33   -32.32   -16.30       -20.33   -32.32   -16.30     0.000
   24.83    26.42   -22.66        24.83    26.42   -22.66     0.000
   21.39    -0.51    38.11        21.39    -0.51    38.11     0.000
  -17.99   -31.84   -31.25       -17.99   -31.84   -31.25     0.000
  -18.26   -11.72   -48.47       -18.26   -11.72   -48.47     0.000
   31.82    22.30   -18.90        31.82    22.30   -18.90     0.000
   -1.01    -5.56    33.56        -1.01    -5.56    33.56     0.000
   18.14   -16.90   -16.71        18.14   -16.90   -16.71     0.000
   16.88   -18.40   -12.47        16.88   -18.40   -12.47     0.000
   33.79    -4.97     0.99        33.79    -4.97     0.99     0.000
   -8.76    17.84    36.78        -8.76    17.84    36.78     0.000
   -8.96    14.28    10.15        -8.96    14.28    10.15     0.000
  -17.58    16.74   -21.84       -17.58    16.74   -21.84     0.000
  -29.60   -21.75    -4.07       -29.60   -21.75    -4.07     0.000
   -7.38     8.09   -26.79        -7.38     8.09   -26.79     0.000
   35.01    14.41     8.91        35.01    14.41     8.91     0.000
    0.26    -6.70    54.02         0.26    -6.70    54.02     0.000
  -23.25     5.95    -9.42       -23.25     5.95    -9.42     0.000
   -2.24   -18.84   -34.62        -2.24   -18.84   -34.62     0.000
    6.55    -7.57    47.17         6.55    -7.57    47.17     0.000
   20.55    12.52    40.30        20.55    12.52    40.30     0.000
  -16.16     6.79    13.76       -16.16     6.79    13.76     0.000
   -9.83   -27.18   -34.13        -9.83   -27.18   -34.13     0.000
   26.82   -17.87   -10.00        26.82   -17.87   -10.00     0.000
  -24.14   -26.01   -40.49       -24.14   -26.01   -40.49     0.000
  -26.09   -16.08   -47.35       -26.09   -16.08   -47.35     0.000
   15.57    20.24    39.42        15.57    20.24    39.42     0.000
   -4.72   -14.98     0.10        -4.72   -14.98     0.10     0.000
   10.71   -12.42    13.21        10.71   -12.42    13.21     0.000
  -41.24    -8.54   -34.80       -41.24    -8.54   -34.80     0.000
   39.57     3.43     4.39        39.57     3.43     4.39     0.000
  -43.52    -7.66   -15.94       -43.52    -7.66   -15.94     0.000
   28.10    25.12   -10.73        28.10    25.12   -10.73     0.000
   23.75    -9.10     7.01        23.75    -9.10     7.01     0.000
    9.36    21.48    33.61         9.36    21.48    33.61     0.000
   30.73    -7.93    -6.21        30.73    -7.93    -6.21     0.000
   21.88    14.26    29.60        21.88    14.26    29.60     0.000
   40.92     1.54    -5.47        40.92     1.54    -5.47     0.000
   -4.00   -18.87   -35.85        -4.00   -18.87   -35.85     0.000
    9.19    -4.40    63.45         9.19    -4.40    63.45     0.000
    9.31   -18.32   -10.31         9.31   -18.32   -10.31     0.000
   12.99    27.41    -1.34        12.99    27.41    -1.34     0.000
   21.88    18.81    22.97        21.88    18.81    22.97     0.000
   23.02    13.80   -32.24        23.02    13.80   -32.24     0.000
    1.14    17.18    43.72         1.14    17.18    43.72     0.000
   16.41   -18.34   -12.10        16.41   -18.34   -12.10     0.000
   -0.48    -5.52    38.60        -0.48    -5.52    38.60     0.000
   25.17    -4.28    14.74        25.17    -4.28    14.74     0.000
   -9.77    -0.76    23.79        -9.77    -0.76    23.79     0.000
   14.20   -17.78    -0.43        14.20   -17.78    -0.43     0.000
   13.27    23.70    22.95        13.27    23.70    22.95     0.000
   12.44    25.74    10.98        12.44    25.74    10.98     0.000
  -26.23   -32.86   -19.98       -26.23   -32.86   -19.98     0.000
  -19.27   -31.88   -14.48       -19.27   -31.88   -14.48     0.000
   25.60    -2.17    20.38        25.60    -2.17    20.38     0.000
  -39.89     6.09   -20.84       -39.89     6.09   -20.84     0.000
   15.50    27.44    -8.76        15.50    27.44    -8.76     0.000
  -19.25    16.12    32.41       -19.25    16.12    32.41     0.000
  -21.83    -9.57   -49.22       -21.83    -9.57   -49.22     0.000
  -42.33     1.63   -21.52       -42.33     1.63   -21.52     0.000
   32.73    19.72     4.52        32.73    19.72     4.52     0.000
   -7.76   -20.64   -40.70        -7.76   -20.64   -40.70     0.000
  -15.18     4.32   -43.28       -15.18     4.32   -43.28     0.000
  -42.31   -15.72   -20.05       -42.31   -15.72   -20.05     0.000
   15.23   -12.33   -20.57        15.23   -12.33   -20.57     0.000
  -25.83    -8.51    -2.54       -25.83    -8.51    -2.54     0.000
   -7.55     5.32   -33.88        -7.55     5.32   -33.88     0.000
    3.11    20.92    18.26         3.11    20.92    18.26     0.000
   27.05    -9.50    -0.54        27.05    -9.50    -0.54     0.000
   -8.82    14.91    39.41        -8.82    14.91    39.41     0.000
   24.13    -6.32    11.55        24.13    -6.32    11.55     0.000
    2.32    19.45     5.26         2.32    19.45     5.26     0.000
   18.74    11.67    52.14        18.74    11.67    52.14     0.000
   -5.53    -2.64    28.87        -5.53    -2.64    28.87     0.000
   -6.26    20.87    29.53        -6.26    20.87    29.53     0.000
   20.30    15.49   -32.39        20.30    15.49   -32.39     0.000
    7.54    20.22    37.57         7.54    20.22    37.57     0.000
    0.15    -6.84    26.57         0.15    -6.84    26.57     0.000
  -38.85   -23.54   -20.81       -38.85   -23.54   -20.81     0.000
    1.69    -9.35    14.86         1.69    -9.35    14.86     0.000
   20.97    -0.73    39.53        20.97    -0.73    39.53     0.000
  -20.32   -24.34    -5.22       -20.32   -24.34    -5.22     0.000
   24.86    -8.88     5.29        24.86    -8.88     5.29     0.000
   12.70    26.64     9.90        12.70    26.64     9.90     0.000
   -9.90    15.81    38.16        -9.90    15.81    38.16     0.000
   17.42    -9.06    16.40        17.42    -9.06    16.40     0.000
   22.54   -11.50   -22.14        22.54   -11.50   -22.14     0.000
  -31.93    -6.30   -47.08       -31.93    -6.30   -47.08     0.000
   -9.71    12.20   -21.46        -9.71    12.20   -21.46     0.000
  -40.80   -16.72   -13.21       -40.80   -16.72   -13.21     0.000
   12.86    -8.71    20.14        12.86    -8.71    20.14     0.000
   21.27    -6.66    17.43        21.27    -6.66    17.43     0.000
   34.33     5.00    11.69        34.33     5.00    11.69     0.000
    1.93    -6.51    36.79         1.93    -6.51    36.79     0.000
  -43.41    -2.22   -19.82       -43.41    -2.22   -19.82     0.000
   -4.62     2.48   -30.00        -4.62     2.48   -30.00     0.000
  -14.15    14.63    12.51       -14.15    14.63    12.51     0.000
   15.40    27.83    -5.95        15.40    27.83    -5.95     0.000
   25.97   -15.44   -19.57        25.97   -15.44   -19.57     0.000
  -38.32    -3.66   -42.15       -38.32    -3.66   -42.15     0.000
   -9.73   -25.10    -8.81        -9.73   -25.10    -8.81     0.000
   -5.16    -2.67    62.66        -5.16    -2.67    62.66     0.000
  -15.94    16.82    34.80       -15.94    16.82    34.80     0.000
