150 PA5-B-Debug-Output.txt 6
  117.2178 -130.3316   21.6629 -179.4954   87.7484   79.2491
    9.32     5.51   -24.67         9.32     5.51   -24.67     0.000
   24.09    10.83   -29.38        24.09    10.83   -29.38     0.000
    3.88    17.06    40.74         3.88    17.06    40.74     0.000
   30.74    23.96     6.22        30.74    23.96     6.22     0.000
  -29.28    -3.90   -40.75       -29.28    -3.90   -40.75     0.000
  -27.11   -32.70   -30.53       -27.11   -32.70   -30.53     0.000
   -8.32   -28.82   -18.33        -8.32   -28.82   -18.33     0.000
   15.34     2.58    48.66        15.34     2.58    48.66     0.000
  -25.59   -34.20   -26.58       -25.59   -34.20   -26.58     0.000
   -8.67    -1.27    40.47        -8.67    -1.27    40.47     0.000
    0.81    15.11    42.04         0.81    15.11    42.04     0.000
   10.22    -3.70    28.96        10.22    -3.70    28.96     0.000
   -5.55    12.06    13.76        -5.55    12.06    13.76     0.000
   -1.56    10.75    53.09        -1.56    10.75    53.09     0.000
    7.47    25.36     4.43         7.47    25.36     4.43     0.000
   -3.19     1.70   -30.81        -3.19     1.70   -30.81     0.000
  -40.89   -22.66   -11.75       -40.89   -22.66   -11.75     0.000
   -1.47   -19.75   -26.18        -1.47   -19.75   -26.18     0.000
    9.31    12.80    70.89         9.31    12.80    70.89     0.000
  -13.66   -17.97    -4.02       -13.66   -17.97    -4.02     0.000
   10.67   -17.24    -8.43        10.67   -17.24    -8.43     0.000
  -37.77   -13.18   -40.87       -37.77   -13.18   -40.87     0.000
   27.08    -8.76    -9.57        27.08    -8.76    -9.57     0.000
   19.71    15.54    41.83        19.71    15.54    41.83     0.000
   26.22    22.78   -35.59        26.22    22.78   -35.59     0.000
   20.83   -17.58   -13.73        20.83   -17.58   -13.73     0.000
   14.28     1.83    52.58        14.28     1.83    52.58     0.000
   23.30   -16.58    -6.95        23.30   -16.58    -6.95     0.000
    1.21   -12.93    -0.37         1.21   -12.93    -0.37     0.000
   36.46    20.67   -27.42        36.46    20.67   -27.42     0.000
  -16.91     6.58   -31.15       -16.91     6.58   -31.15     0.000
   -8.15    -3.58    56.54        -8.15    -3.58    56.54     0.000
   -8.58   -14.74   -41.13        -8.58   -14.74   -41.13     0.000
  -12.41   -27.95   -11.30       -12.41   -27.95   -11.30     0.000
   39.15    14.88   -26.96        39.15    14.88   -26.96     0.000
  -35.85    -3.55    -5.88       -35.85    -3.55    -5.88     0.000
   -5.87     4.76    28.29        -5.87     4.76    28.29     0.000
   -0.18    15.34    39.01        -0.18    15.34    39.01     0.000
  -14.06   -31.14   -16.25       -14.06   -31.14   -16.25     0.000
   16.53     7.34    47.84        16.53     7.34    47.84     0.000
   43.22     4.33     3.93        43.22     4.33     3.93     0.000
   41.25    11.91   -22.46        41.25    11.91   -22.46     0.000
  -17.57    -4.27   -42.62       -17.57    -4.27   -42.62     0.000
  -31.28   -15.14    -1.85       -31.28   -15.14    -1.85     0.000
  -24.09     1.98   -38.52       -24.09     1.98   -38.52     0.000
  -35.63   -12.47   -41.63       -35.63   -12.47   -41.63     0.000
    5.86    24.53    11.43         5.86    24.53    11.43     0.000
   40.17    17.31   -11.74        40.17    17.31   -11.74     0.000
  -14.12     9.15   -27.31       -14.12     9.15   -27.31     0.000
   -1.20    11.14    56.90        -1.20    11.14    56.90     0.000
   -0.60   -11.69     5.98        -0.60   -11.69     5.98     0.000
  -24.62   -30.51   -34.80       -24.62   -30.51   -34.80     0.000
   -3.80   -23.15   -32.82        -3.80   -23.15   -32.82     0.000
   14.81   -17.62    -4.11        14.81   -17.62    -4.11     0.000
   -3.87    20.97    17.21        -3.87    20.97    17.21     0.000
   -0.60    -0.68   -28.86        -0.60    -0.68   -28.86     0.000
   21.28    20.23    26.86        21.28    20.23    26.86     0.000
   -5.14    -8.99   -35.25        -5.14    -8.99   -35.25     0.000
  -44.47    -8.69    -9.76       -44.47    -8.69    -9.76     0.000
   16.64    24.03   -13.89        16.64    24.03   -13.89     0.000
  -17.86    -6.42    -0.92       -17.86    -6.42    -0.92     0.000
   -0.25    -9.24    41.94        -0.25    -9.24    41.94     0.000
   25.99   -14.56    -7.50        25.99   -14.56    -7.50     0.000
  -15.02     3.78   -12.72       -15.02     3.78   -12.72     0.000
    6.58    -3.25    65.04         6.58    -3.25    65.04     0.000
   22.41    21.09   -20.21        22.41    21.09   -20.21     0.000
  -41.41   -13.17    -5.35       -41.41   -13.17    -5.35     0.000
   19.11    15.17    43.25        19.11    15.17    43.25     0.000
   43.66     2.55    -0.67        43.66     2.55    -0.67     0.000
    8.36     1.78   -26.29         8.36     1.78   -26.29     0.000
   13.80     3.54    66.75        13.80     3.54    66.75     0.000
   40.72    14.21    -3.50        40.72    14.21    -3.50     0.000
   -7.99     2.60    65.54        -7.99     2.60    65.54     0.000
  -24.68     8.57   -15.78       -24.68     8.57   -15.78     0.000
  -33.41   -10.96   -42.08       -33.41   -10.96   -42.08     0.000
   13.38    22.10    16.62        13.38    22.10    16.62     0.000
   35.13    20.79     6.50        35.13    20.79     6.50     0.000
   -6.40    -9.48    68.15        -6.40    -9.48    68.15     0.000
    4.85     6.16   -24.91         4.85     6.16   -24.91     0.000
  -43.82   -19.62   -19.42       -43.82   -19.62   -19.42     0.000
  -12.84   -12.12   -42.76       -12.84   -12.12   -42.76     0.000
   32.73    -3.69   -14.82        32.73    -3.69   -14.82     0.000
   42.52    -0.07   -11.16        42.52    -0.07   -11.16     0.000
    0.87     3.12   -28.01         0.87     3.12   -28.01     0.000
   38.97     3.28     9.97        38.97     3.28     9.97     0.000
   38.61    18.10    -1.25        38.61    18.10    -1.25     0.000
  -42.88   -20.76   -29.51       -42.88   -20.76   -29.51     0.000
   -8.60    -4.85    41.75        -8.60    -4.85    41.75     0.000
   22.53     3.80    19.89        22.53     3.80    19.89     0.000
  -42.80    -9.23    -6.08       -42.80    -9.23    -6.08     0.000
   -6.23   -21.92   -10.74        -6.23   -21.92   -10.74     0.000
   24.17    16.35   -26.94        24.17    16.35   -26.94     0.000
   -6.79     9.25    23.73        -6.79     9.25    23.73     0.000
  -29.26   -33.39   -18.41       -29.26   -33.39   -18.41     0.000
  -22.33   -34.06   -22.07       -22.33   -34.06   -22.07     0.000
  -45.28    -8.40   -35.90       -45.28    -8.40   -35.90     0.000
  -33.35   -30.70   -14.31       -33.35   -30.70   -14.31     0.000
    1.58    20.17     4.94         1.58    20.17     4.94     0.000
  -19.04   -32.79   -31.54       -19.04   -32.79   -31.54     0.000
   -4.26     7.93    15.86        -4.26     7.93    15.86     0.000
    5.07   -10.83   -23.87         5.07   -10.83   -23.87     0.000
    3.94   -13.91    -5.91         3.94   -13.91    -5.91     0.000
   15.02    12.23    52.92        15.02    12.23    52.92     0.000
  -21.58    -8.29    -2.25       -21.58    -8.29    -2.25     0.000
  -27.39     8.41   -15.00       -27.39     8.41   -15.00     0.000
   32.89    10.59   -36.58        32.89    10.59   -36.58     0.000
   10.35    11.06    71.24        10.35    11.06    71.24     0.000
   -5.95    -9.62    66.38        -5.95    -9.62    66.38     0.000
   14.65    -7.38     8.32        14.65    -7.38     8.32     0.000
   -6.94     9.79    30.73        -6.94     9.79    30.73     0.000
   17.38    10.57    45.06        17.38    10.57    45.06     0.000
   -2.74   -11.64   -32.43        -2.74   -11.64   -32.43     0.000
  -40.82   -20.06    -7.36       -40.82   -20.06    -7.36     0.000
   23.20    11.48    25.05        23.20    11.48    25.05     0.000
   31.90    21.82    12.75        31.90    21.82    12.75     0.000
   -1.20   -12.86    -3.00        -1.20   -12.86    -3.00     0.000
   -2.39     8.98    12.31        -2.39     8.98    12.31     0.000
  -21.71   -30.93   -11.97       -21.71   -30.93   -11.97     0.000
   40.51    -1.38   -11.36        40.51    -1.38   -11.36     0.000
  -36.14    -8.02    -3.24       -36.14    -8.02    -3.24     0.000
   34.32    26.56   -18.66        34.32    26.56   -18.66     0.000
   -6.46    -8.00    39.85        -6.46    -8.00    39.85     0.000
   -5.89     4.36    24.27        -5.89     4.36    24.27     0.000
   -5.71    -7.72   -38.84        -5.71    -7.72   -38.84     0.000
    8.65    22.57    20.15         8.65    22.57    20.15     0.000
  -29.12   -28.23   -36.58       -29.12   -28.23   -36.58     0.000
   -7.86   -26.40   -12.22        -7.86   -26.40   -12.22     0.000
    7.65    14.06   -12.42         7.65    14.06   -12.42     0.000
    6.98     7.38    69.88         6.98     7.38    69.88     0.000
  -16.81   -15.95    -2.39       -16.81   -15.95    -2.39     0.000
   16.05     5.41    49.69        16.05     5.41    49.69     0.000
   -5.67    13.45    29.37        -5.67    13.45    29.37     0.000
   43.28     5.77     1.48        43.28     5.77     1.48     0.000
   -9.23   -27.49   -31.66        -9.23   -27.49   -31.66     0.000
   40.84     0.55   -21.07        40.84     0.55   -21.07     0.000
   26.97    -7.15    11.84        26.97    -7.15    11.84     0.000
   -0.64    17.71     7.35        -0.64    17.71     7.35     0.000
   14.80    25.23   -12.34        14.80    25.23   -12.34     0.000
   26.63    11.08    18.48        26.63    11.08    18.48     0.000
   -7.61     2.61    68.17        -7.61     2.61    68.17     0.000
   11.47    13.15    65.96        11.47    13.15    65.96     0.000
  -12.09     5.59   -34.10       -12.09     5.59   -34.10     0.000
   -7.58   -28.71   -24.71        -7.58   -28.71   -24.71     0.000
  -14.92     6.20   -31.27       -14.92     6.20   -31.27     0.000
   -3.75     0.60    69.23        -3.75     0.60    69.23     0.000
   43.82     4.20   -10.00        43.82     4.20   -10.00     0.000
  -31.87   -18.68   -42.68       -31.87   -18.68   -42.68     0.000
   33.38    27.40   -21.97        33.38    27.40   -21.97     0.000
  -33.43   -21.62    -3.66       -33.43   -21.62    -3.66     0.000
  -27.09     7.66   -28.37       -27.09     7.66   -28.37     0.000
