400 PA5-E-Debug-Answer.txt 6
 -122.2324  181.2396   13.5091 -122.8464   26.6851 -136.3638
   11.09    -0.96    60.17        11.18    -0.92    60.32     0.178
   27.65     9.12   -27.26        27.70     9.18   -27.17     0.117
  -21.79   -23.90   -11.01       -21.80   -23.92   -10.94     0.071
   26.67    -3.45   -20.00        26.66    -3.38   -19.97     0.069
    7.25   -17.71    -3.58         7.23   -17.62    -3.61     0.105
  -10.77    17.30    35.43       -10.75    17.29    35.42     0.030
    6.43   -19.13    -6.29         6.41   -19.04    -6.34     0.105
  -30.58   -14.09   -57.91       -30.60   -14.09   -57.84     0.073
    8.94    19.79    44.56         8.90    19.89    44.57     0.107
  -20.77     1.96   -54.62       -20.77     1.97   -54.64     0.025
  -41.30     0.74   -42.79       -41.32     0.75   -42.79     0.028
   -4.25    17.25    22.71        -4.33    17.25    22.62     0.118
  -25.75   -14.04   -57.67       -25.77   -14.01   -57.63     0.059
   24.25    20.99   -14.82        24.23    20.97   -14.81     0.031
   12.53    -3.33    37.96        12.60    -3.46    37.97     0.144
  -19.69    14.43   -37.61       -19.71    14.38   -37.61     0.058
  -18.33   -23.53   -53.09       -18.31   -23.54   -53.11     0.027
    4.62    -3.44    60.56         4.54    -3.57    60.67     0.187
  -10.86    10.95   -28.90       -10.80    10.97   -28.91     0.066
   -4.39    21.88    36.98        -4.43    21.96    37.00     0.092
  -19.41   -22.09   -10.62       -19.41   -22.08   -10.71     0.086
  -13.02    11.96   -26.26       -13.02    11.97   -26.25     0.014
   -4.55   -22.14   -39.44        -4.58   -22.14   -39.42     0.033
   -0.27   -21.86   -33.85        -0.41   -21.87   -33.80     0.155
   21.39     6.87    24.87        21.46     6.88    24.88     0.077
    0.16    -0.88    27.38         0.19    -0.86    27.37     0.036
   -0.37     4.98    56.20        -0.40     4.98    56.21     0.031
  -30.67    10.30   -22.66       -30.66    10.29   -22.67     0.011
  -37.01   -10.56   -11.13       -36.92   -10.51   -11.03     0.145
   14.41    -2.76    33.37        14.57    -2.87    33.42     0.205
    0.95     2.77    60.52         0.96     2.77    60.51     0.020
   -1.84   -24.45   -35.48        -1.82   -24.49   -35.52     0.060
  -10.44    10.54   -24.71       -10.38    10.59   -24.70     0.077
    4.36   -12.95     2.15         4.36   -12.99     2.16     0.040
    7.15    -3.63    40.45         7.14    -3.66    40.46     0.031
    2.57     5.51    60.48         2.58     5.51    60.47     0.008
   -7.51    20.72    31.36        -7.54    20.84    31.34     0.123
   -1.54     2.44    22.59        -1.42     2.49    22.57     0.130
  -12.98     9.77   -20.38       -12.99     9.83   -20.36     0.064
   16.12    -4.88   -18.53        16.13    -4.89   -18.54     0.017
    1.26    18.50    18.52         1.27    18.48    18.53     0.017
   16.00    -2.76    28.36        16.07    -2.86    28.38     0.119
  -33.48    -8.64   -56.92       -33.45    -8.65   -56.82     0.096
   31.69     1.84   -13.48        31.65     1.85   -13.48     0.036
    8.53     1.87   -16.93         8.52     1.80   -16.88     0.075
  -19.75   -24.63   -11.00       -19.75   -24.62   -11.05     0.056
    3.36    17.82    44.28         3.37    17.80    44.23     0.053
  -24.29   -34.38   -39.75       -24.31   -34.55   -39.83     0.189
  -40.03     6.88   -36.14       -40.00     6.84   -36.14     0.050
   -1.45     6.80    52.69        -1.24     6.77    52.68     0.214
  -32.55    -1.48   -54.40       -32.56    -1.46   -54.43     0.037
   30.68     8.75   -20.35        30.74     8.76   -20.36     0.064
   -4.78     8.45    22.76        -4.89     8.45    22.74     0.114
   31.20     2.84     0.61        31.15     2.85     0.61     0.048
   19.20    -7.62    11.23        19.20    -7.62    11.23     0.001
  -13.82   -31.85   -31.57       -13.81   -31.86   -31.57     0.011
  -13.30   -31.49   -35.90       -13.30   -31.50   -35.90     0.012
   -7.61    -2.25     6.99        -7.60    -2.25     6.99     0.014
   28.39    16.17     2.26        28.36    16.15     2.25     0.042
   -1.14    14.36    42.81        -1.10    14.35    42.78     0.047
   -1.21     6.07    39.22        -1.23     6.06    39.22     0.023
  -10.55   -30.66   -28.64       -10.57   -30.62   -28.64     0.038
  -14.77    -2.89    -2.67       -14.82    -2.89    -2.62     0.064
   30.21     8.69     6.06        30.17     8.67     6.04     0.052
  -41.47   -22.74   -37.05       -41.47   -22.74   -37.05     0.002
  -23.20   -34.03   -28.64       -23.21   -34.11   -28.63     0.086
  -10.23     6.40   -32.28       -10.21     6.41   -32.28     0.022
   -0.67    10.56    47.96        -0.75    10.57    47.97     0.074
  -20.39   -25.77   -12.85       -20.39   -25.76   -12.86     0.011
   -9.83   -28.08   -38.43        -9.91   -27.99   -38.42     0.120
   12.20    -3.31    49.56        12.23    -3.42    49.55     0.112
    5.34    -2.80    41.00         5.27    -2.97    41.00     0.183
    6.92    -5.78    29.41         6.86    -5.98    29.45     0.214
  -33.58   -18.63   -12.03       -33.59   -18.63   -12.05     0.024
   10.77     4.48    60.13        10.78     4.49    60.11     0.023
   12.54    11.05    -2.70        12.54    11.02    -2.67     0.048
  -21.83    12.00   -43.98       -21.82    11.97   -43.96     0.031
   16.67    25.22    36.75        16.61    25.43    36.68     0.231
   14.66   -12.32     7.26        14.65   -12.26     7.24     0.062
  -28.69    10.68   -21.21       -28.70    10.70   -21.20     0.020
  -31.34    10.80   -25.15       -31.38    10.85   -25.13     0.069
   18.78     1.92    55.66        18.65     2.01    55.67     0.160
    5.15   -13.11     2.07         5.15   -13.12     2.07     0.018
  -29.36   -24.33   -13.24       -29.37   -24.35   -13.32     0.083
   -5.58   -23.37   -38.49        -5.56   -23.43   -38.54     0.074
  -17.16     5.24   -52.49       -17.16     5.22   -52.44     0.052
  -10.81    14.85    27.49       -10.81    14.84    27.48     0.007
  -31.02   -32.49   -40.59       -31.03   -32.53   -40.63     0.056
   22.03    -3.53     9.07        22.08    -3.58     9.09     0.065
   20.79    16.95    28.42        20.79    16.95    28.42     0.002
   11.49    -4.33    36.89        11.45    -4.26    36.88     0.080
    4.20   -24.22   -11.48         4.20   -24.22   -11.48     0.008
  -25.71   -25.82   -13.20       -25.74   -25.74   -13.28     0.118
  -40.39   -19.66   -46.92       -40.40   -19.66   -46.92     0.015
   16.72     3.99    59.61        16.72     3.99    59.60     0.010
    8.27    -3.63    60.39         8.26    -3.65    60.43     0.038
   30.14     1.70     4.27        30.35     1.80     4.31     0.231
   30.82    13.26    -7.27        30.78    13.21    -7.26     0.059
    8.49   -15.71     0.45         8.40   -15.85     0.49     0.163
   13.90     4.43   -16.32        13.92     4.42   -16.30     0.036
   15.25    11.23    -3.47        15.17    11.30    -3.52     0.111
   14.10    -7.10    21.09        13.97    -7.00    21.05     0.167
   -9.41    18.19    37.07        -9.39    18.18    37.06     0.031
   18.18    -2.67    20.41        18.23    -2.74    20.43     0.086
   18.76     8.65   -19.51        18.73     8.71   -19.49     0.066
   -9.27   -17.16    -7.44        -9.27   -17.17    -7.43     0.010
  -43.81   -16.52   -21.47       -43.87   -16.52   -21.47     0.056
   -5.85    -3.60     8.25        -5.85    -3.60     8.25     0.004
   15.43   -12.81   -12.61        15.44   -12.91   -12.66     0.121
    5.97   -11.31     9.99         6.02   -11.26     9.97     0.076
   -2.48   -12.14   -32.39        -2.47   -12.14   -32.42     0.037
   26.79    21.01     0.63        26.68    20.94     0.64     0.128
   21.71    15.04    24.68        21.63    15.04    24.66     0.075
   12.38    22.58     2.33        12.33    22.60     2.28     0.072
    9.26   -10.68   -18.28         9.25   -10.67   -18.27     0.014
  -20.68   -34.40   -33.62       -20.72   -34.27   -33.62     0.134
  -18.02    14.01   -31.08       -18.00    14.12   -31.06     0.113
   -7.80   -30.16   -20.74        -7.80   -30.15   -20.74     0.015
   -0.21    -6.57    14.80        -0.24    -6.54    14.84     0.055
   18.13    26.51    22.90        18.11    26.48    22.88     0.039
  -40.55    -0.27   -46.40       -40.52    -0.29   -46.39     0.030
    0.42    17.12    18.43         0.39    17.10    18.40     0.046
   33.37     9.48   -14.31        33.30     9.50   -14.29     0.071
   20.17    -2.96   -17.68        20.16    -2.98   -17.71     0.032
   25.33    -2.80     5.37        25.33    -2.81     5.37     0.001
  -34.69   -17.73   -55.54       -34.69   -17.73   -55.55     0.009
   27.00    -0.25   -26.86        27.01    -0.24   -26.84     0.020
   18.56    21.49    36.48        18.66    21.52    36.48     0.109
   32.05     5.59    -0.55        32.00     5.60    -0.55     0.056
   -2.16   -21.33   -37.36        -2.13   -21.32   -37.38     0.044
   16.61    18.02    50.76        16.64    18.02    50.76     0.027
  -43.61   -20.96   -25.93       -43.59   -20.96   -25.93     0.018
   18.91    25.16    -9.81        18.92    25.10    -9.79     0.063
  -12.73    11.89   -26.12       -12.75    11.97   -26.09     0.091
   14.06    24.57    26.38        14.08    24.33    26.35     0.248
  -33.65   -32.69   -27.84       -33.67   -32.72   -27.83     0.034
   -2.40    11.05    42.44        -2.54    11.10    42.49     0.155
   28.37    18.39   -14.55        28.35    18.36   -14.53     0.030
  -16.16     9.60   -21.12       -16.16     9.65   -21.11     0.044
  -14.98    -5.39    -3.91       -15.01    -5.40    -3.89     0.043
   21.92    -3.72     8.93        21.99    -3.75     8.96     0.088
   21.79     0.60    20.31        21.64     0.68    20.26     0.178
   -6.33     2.03     9.82        -6.27     2.04     9.79     0.072
   -4.65   -11.53     0.80        -4.66   -11.54     0.81     0.008
   18.92    -8.16    11.55        18.79    -8.07    11.50     0.171
  -41.37   -12.70   -50.69       -41.45   -12.68   -50.73     0.092
   18.55    26.46     0.09        18.56    26.58     0.07     0.117
   15.40    25.71    22.62        15.37    25.71    22.64     0.027
   16.52     9.49   -10.05        16.61     9.47   -10.03     0.094
   20.52     8.09    34.00        20.50     8.09    34.00     0.029
   -8.33    16.90    25.40        -8.34    16.90    25.39     0.018
   12.96     4.76   -12.80        12.96     4.76   -12.80     0.001
  -14.44   -26.24   -12.19       -14.44   -26.23   -12.21     0.020
  -14.45     3.53   -51.02       -14.49     3.52   -50.98     0.057
    0.98    13.63    51.12         0.98    13.63    51.12     0.004
   16.46    -2.97    24.64        16.54    -3.11    24.66     0.159
   27.36    -0.97     7.21        27.42    -1.06     7.24     0.111
    1.96    -5.83    16.43         2.01    -5.86    16.49     0.085
  -23.42    -1.85   -10.71       -23.44    -1.84   -10.67     0.047
   12.40    22.70     2.25        12.41    22.70     2.25     0.013
  -22.99    -7.01   -57.31       -22.99    -7.01   -57.30     0.011
   -0.61    -0.05    20.73        -0.73    -0.08    20.74     0.132
   17.38    24.28    29.80        17.37    24.41    29.78     0.134
   32.55    11.82    -4.24        32.51    11.78    -4.24     0.063
  -19.31   -33.17   -39.49       -19.31   -33.13   -39.48     0.040
   13.60    22.24    -2.39        13.69    22.25    -2.38     0.087
   -1.93   -17.74   -31.79        -2.05   -17.79   -31.75     0.136
    8.78   -14.26   -16.68         8.73   -14.24   -16.65     0.063
   23.69     5.02   -24.26        23.68     5.01   -24.28     0.019
  -43.60   -20.77   -25.53       -43.65   -20.79   -25.53     0.058
   14.78    16.43   -19.44        14.74    16.41   -19.44     0.049
    2.85    -7.47    13.05         2.93    -7.53    13.10     0.125
  -20.77   -16.17    -9.40       -20.77   -16.17    -9.38     0.018
    7.35   -18.05   -19.10         7.44   -18.05   -19.12     0.091
   30.41     9.84   -21.02        30.42     9.84   -21.02     0.016
    4.76   -17.62   -24.87         4.73   -17.63   -24.86     0.037
    4.23    -2.49    39.50         4.21    -2.54    39.50     0.049
  -19.63    12.75   -43.00       -19.63    12.74   -43.00     0.011
   19.51    22.76    31.51        19.44    22.73    31.50     0.071
   18.95    14.95    39.60        18.98    14.95    39.60     0.036
   30.59     4.03   -26.94        30.56     4.02   -26.94     0.031
   15.10     5.97   -12.54        15.05     6.03   -12.56     0.079
  -33.20   -20.51   -12.49       -33.21   -20.50   -12.40     0.090
    0.30     0.78    42.94         0.25     0.72    42.95     0.081
   24.81    17.69    13.69        24.80    17.69    13.69     0.008
   22.89    13.07    21.27        22.83    13.07    21.26     0.064
  -44.69   -12.21   -21.23       -44.69   -12.21   -21.23     0.000
   27.19     3.61    11.54        27.21     3.61    11.55     0.020
   32.91     9.28    -3.68        33.04     9.25    -3.67     0.140
  -36.35     8.01   -42.72       -36.34     7.96   -42.71     0.054
  -19.06   -24.44   -11.03       -19.06   -24.44   -11.03     0.003
   18.78    14.39    40.01        19.01    14.43    40.02     0.231
   -1.06   -25.15    -9.07        -1.06   -25.16    -9.08     0.015
   -3.07    -5.65    10.31        -3.04    -5.61    10.30     0.057
   19.27     9.35    58.17        19.37     9.40    58.19     0.113
   -0.90     6.64    56.22        -0.94     6.62    56.22     0.040
    5.34    -0.46    61.38         5.33    -0.46    61.43     0.051
    0.02    11.72    52.52         0.04    11.71    52.51     0.021
   -4.56     7.44    22.77        -4.48     7.50    22.74     0.102
    6.15    -3.36    45.16         6.13    -3.46    45.15     0.103
  -35.68   -18.87   -54.13       -35.71   -18.87   -54.16     0.035
  -39.90     0.76   -47.40       -39.87     0.75   -47.40     0.031
   -7.22   -26.09    -9.64        -7.23   -26.08    -9.63     0.022
  -24.86   -33.81   -27.63       -24.86   -33.90   -27.62     0.091
  -10.28    15.99    37.31       -10.38    16.03    37.38     0.130
  -20.28   -18.68   -56.07       -20.27   -18.68   -56.02     0.051
  -37.08   -31.33   -31.77       -37.08   -31.33   -31.77     0.002
   23.32    14.40   -22.20        23.33    14.42   -22.23     0.034
   -4.90     4.30   -21.25        -4.93     4.24   -21.20     0.080
  -36.47   -11.28   -11.06       -36.45   -11.27   -11.04     0.030
   16.04    10.86    58.86        16.05    10.88    58.94     0.074
    0.26   -23.44   -32.44         0.27   -23.44   -32.45     0.013
   22.17    -2.08   -20.20        22.22    -2.05   -20.17     0.063
   -1.99   -20.66    -8.67        -2.00   -20.73    -8.62     0.091
    9.61    -4.64    51.80         9.59    -4.51    51.82     0.134
   22.31    26.01     9.74        22.28    25.98     9.73     0.040
  -38.84   -22.05   -17.31       -38.83   -22.04   -17.32     0.017
    4.35    16.99    14.78         4.39    16.98    14.81     0.048
    3.79   -23.16   -25.59         3.81   -23.17   -25.60     0.021
   14.36    23.82    38.78        14.43    23.76    38.79     0.090
    8.71    -4.48    57.12         8.70    -4.70    57.12     0.219
  -17.04   -33.07   -38.89       -17.04   -33.09   -38.89     0.020
   -9.52    19.67    33.19        -9.52    19.67    33.19     0.001
   13.89    -5.32    24.81        14.02    -5.44    24.84     0.185
   -1.13     8.28    55.21        -1.01     8.25    55.21     0.125
   18.13   -15.46    -6.00        18.07   -15.27    -5.92     0.217
   20.40    18.42    31.16        20.14    18.42    31.10     0.269
   32.78    11.49   -16.03        32.75    11.49   -16.02     0.032
   -5.06     6.56    -5.78        -5.00     6.50    -5.84     0.106
  -21.61   -29.29   -16.45       -21.60   -29.32   -16.42     0.042
  -26.67     6.91   -16.74       -26.67     6.89   -16.75     0.016
    6.87    20.82    24.62         6.87    20.87    24.62     0.046
   14.26    -2.27    47.11        14.28    -2.30    47.10     0.036
   15.64    24.88    39.36        15.65    24.78    39.36     0.103
  -15.47     4.52   -11.84       -15.47     4.52   -11.84     0.008
  -12.58   -30.14   -20.68       -12.58   -30.22   -20.66     0.085
   20.58     8.60    29.96        20.62     8.62    29.96     0.049
    9.12    20.96    10.93         9.17    20.93    10.94     0.054
   17.39     7.12   -18.34        17.43     7.11   -18.30     0.060
    7.51   -15.28   -19.15         7.51   -15.28   -19.15     0.007
  -11.35   -18.19    -8.01       -11.35   -18.21    -7.96     0.052
   16.81    25.51    39.21        16.86    25.57    39.20     0.082
  -35.83   -32.12   -29.61       -35.80   -32.07   -29.63     0.066
  -11.50   -12.34    -4.27       -11.53   -12.37    -4.24     0.051
   19.48    -8.70   -13.68        19.49    -8.70   -13.68     0.009
   24.13    -2.74   -21.81        24.13    -2.79   -21.82     0.045
   21.84    23.40   -13.27        21.81    23.32   -13.24     0.092
   22.54   -10.24    -4.75        22.60   -10.30    -4.74     0.084
   20.44   -10.66     2.85        20.50   -10.70     2.88     0.071
  -38.14     3.46   -18.12       -38.15     3.46   -18.12     0.010
   -3.14   -18.40   -35.86        -3.18   -18.42   -35.85     0.053
  -42.04    -7.85   -14.93       -42.07    -7.84   -14.91     0.036
   -2.51    11.31    42.43        -2.50    11.31    42.42     0.009
    7.02   -15.50   -20.16         7.08   -15.49   -20.19     0.067
    4.70    -6.20    21.36         4.62    -6.31    21.37     0.136
    5.33   -21.37   -24.63         5.31   -21.35   -24.62     0.029
  -45.43    -9.27   -23.12       -45.49    -9.28   -23.12     0.067
  -30.91     9.48   -21.45       -30.90     9.45   -21.47     0.033
   21.01    14.00    28.20        20.90    14.02    28.17     0.114
  -28.98   -28.23   -14.20       -28.99   -28.22   -14.21     0.014
   -6.11     2.98    10.19        -6.10     2.98    10.19     0.012
  -41.87    -3.25   -17.64       -41.92    -3.23   -17.60     0.064
   -1.20    15.65    18.03        -1.19    15.64    18.04     0.014
   -9.05     6.78   -10.35        -9.04     6.76   -10.36     0.023
  -20.19   -33.95   -29.98       -20.19   -33.96   -29.98     0.005
    0.41    12.91    52.14         0.58    12.81    52.13     0.197
    9.08    -4.55    37.69         9.08    -4.66    37.70     0.111
    2.05     8.66    60.33         2.00     8.74    60.45     0.148
   20.51    26.01    -0.98        20.57    26.14    -0.99     0.139
   -9.91    -2.34     3.53        -9.88    -2.33     3.51     0.036
  -28.44     8.60   -45.41       -28.45     8.64   -45.44     0.052
   -3.10   -21.49    -9.62        -3.10   -21.52    -9.59     0.044
    5.47    -3.39   -21.39         5.48    -3.39   -21.40     0.013
   -0.44     5.05    45.16        -0.60     4.99    45.19     0.169
  -14.43   -23.33   -50.50       -14.43   -23.32   -50.53     0.029
  -34.90   -10.46   -11.12       -34.90   -10.46   -11.09     0.027
   -6.08    15.83    24.18        -6.19    15.81    24.04     0.180
   16.61    -4.73   -18.38        16.57    -4.71   -18.34     0.064
   30.80     0.61     1.67        30.69     0.64     1.68     0.113
   26.91    12.92     7.80        26.93    12.93     7.81     0.022
  -33.41     6.47   -47.42       -33.40     6.44   -47.39     0.040
   14.35    -2.92    55.55        14.39    -2.97    55.55     0.061
    9.77    19.45     6.33         9.83    19.43     6.35     0.061
   12.60    -3.11    44.77        12.63    -3.16    44.76     0.054
   20.74    12.90    28.95        20.55    12.93    28.91     0.194
    1.13    16.87    17.84         1.06    16.82    17.78     0.106
  -34.90   -25.96   -17.88       -34.91   -25.97   -17.87     0.017
  -19.11   -14.27    -8.11       -19.11   -14.29    -8.06     0.050
   -1.40    11.55    43.83        -1.38    11.54    43.80     0.041
   23.32     0.79    16.77        23.24     0.83    16.72     0.099
   17.88     0.87    57.46        17.86     0.89    57.46     0.026
   32.04     7.66   -15.83        32.11     7.63   -15.85     0.069
   26.61    17.80     7.26        26.65    17.82     7.27     0.042
   -1.99    21.81    41.33        -2.01    21.86    41.39     0.077
  -10.82   -28.82   -38.75       -10.85   -28.80   -38.75     0.035
   17.25    25.18    37.68        17.29    25.23    37.69     0.060
   10.28    14.83     3.01        10.24    14.89     2.98     0.076
  -22.56   -26.06   -52.98       -22.54   -26.11   -53.05     0.076
   -2.92   -20.82   -37.98        -2.95   -20.81   -37.95     0.042
   13.98    25.30     4.20        13.93    25.35     4.18     0.074
   -0.73     1.31    25.81        -0.76     1.30    25.81     0.035
   18.51     2.73    49.31        18.48     2.75    49.31     0.040
   22.98    21.90    19.26        22.93    21.89    19.24     0.055
  -23.93   -30.83   -45.55       -23.93   -30.82   -45.54     0.014
  -17.81    14.47   -32.65       -17.84    14.37   -32.66     0.103
    2.82   -21.03    -8.61         2.82   -21.02    -8.63     0.024
   23.41    20.79   -16.92        23.48    20.86   -16.95     0.109
   10.74    -3.96    41.73        10.71    -3.88    41.71     0.083
   13.41    -0.90   -19.34        13.40    -0.90   -19.34     0.004
  -35.53    -6.62   -55.69       -35.48    -6.64   -55.62     0.092
    3.44    17.65    44.30         3.44    17.66    44.31     0.017
   17.21    15.94    52.15        16.96    15.87    52.13     0.264
   -0.69    -4.11    15.93        -0.73    -4.11    15.95     0.042
  -24.00     5.31   -15.76       -23.99     5.35   -15.72     0.063
  -34.76     9.99   -39.37       -34.78    10.02   -39.37     0.033
   16.39     5.10   -18.55        16.29     5.13   -18.64     0.141
    3.55   -26.20   -14.26         3.55   -26.20   -14.26     0.000
   19.27    23.33    31.52        19.16    23.26    31.49     0.132
  -14.71   -32.36   -28.13       -14.70   -32.39   -28.13     0.034
   28.06    -1.99     2.36        28.04    -1.96     2.36     0.032
  -41.99   -22.91   -33.58       -41.97   -22.90   -33.58     0.022
   10.27     4.44    60.39        10.29     4.42    60.47     0.077
   -9.40    -0.54   -43.16        -9.43    -0.55   -43.15     0.034
   14.69    24.17    36.30        14.74    24.12    36.30     0.071
  -18.62     7.69   -17.58       -18.66     7.77   -17.50     0.119
  -11.18    13.68    36.05       -11.17    13.69    36.04     0.014
    0.85    21.50    26.73         0.86    21.46    26.74     0.038
  -21.17   -34.47   -38.43       -21.21   -34.37   -38.43     0.108
    6.77    -2.03   -20.56         6.79    -2.04   -20.56     0.016
   19.10    27.02    19.59        19.12    27.11    19.60     0.096
  -35.36    -9.61   -56.24       -35.37    -9.60   -56.29     0.047
   15.47   -16.03    -5.86        15.47   -16.04    -5.86     0.009
   21.33    25.25    -6.35        21.32    25.25    -6.35     0.003
    2.42    15.06    50.84         2.40    15.10    50.84     0.051
   -4.72   -26.19    -8.69        -4.70   -26.21    -8.81     0.117
    9.85     9.26    62.17         9.74     9.11    62.30     0.230
   -0.13    -5.25   -27.98        -0.13    -5.24   -27.98     0.004
   26.22    19.46     7.88        26.15    19.47     7.87     0.082
    8.64    20.25    35.66         8.63    20.29    35.67     0.040
  -28.17   -27.46   -49.44       -28.15   -27.39   -49.39     0.092
   23.88    13.87    17.22        23.91    13.87    17.23     0.026
   19.31    27.13     7.57        19.35    27.30     7.55     0.174
  -41.76     4.57   -36.15       -41.66     4.52   -36.13     0.106
    9.46    -3.91    48.46         9.47    -4.08    48.43     0.172
   15.05   -16.49    -1.11        15.06   -16.47    -1.12     0.019
  -21.84    13.75   -40.86       -21.84    13.79   -40.87     0.040
   11.61   -12.20    10.71        11.62   -12.22    10.72     0.020
   18.97     3.50    51.91        19.01     3.49    51.91     0.042
   17.28    27.26     3.88        17.30    27.21     3.89     0.054
   20.73     5.42    30.19        20.80     5.41    30.20     0.066
   19.30    24.68    24.90        19.32    24.86    24.93     0.187
  -34.88   -19.58   -11.94       -34.88   -19.58   -11.95     0.006
   -4.07   -23.69   -37.47        -4.07   -23.70   -37.47     0.009
   -2.39   -19.65   -35.99        -2.40   -19.68   -35.98     0.036
   13.18    -3.20    49.52        13.15    -3.12    49.52     0.089
   25.31    23.30     3.72        25.25    23.24     3.72     0.091
   32.83     7.58   -13.48        32.75     7.61   -13.45     0.092
  -16.75   -32.41   -40.98       -16.75   -32.29   -40.92     0.132
   11.38     6.08    60.06        11.38     6.10    60.10     0.043
   -4.73    -6.98     5.78        -4.68    -6.94     5.74     0.068
  -32.74   -23.63   -52.05       -32.75   -23.65   -52.06     0.017
   16.63     7.22   -18.27        16.62     7.24   -18.27     0.020
   22.25    -0.19    18.18        22.20    -0.17    18.15     0.058
  -12.32    13.94    34.75       -12.33    13.94    34.76     0.011
   -1.41   -10.62     3.77        -1.38   -10.56     3.74     0.074
  -19.82   -25.04   -11.39       -19.82   -25.03   -11.40     0.017
   31.27     2.74   -20.48        31.30     2.74   -20.48     0.026
  -17.01   -31.25   -21.61       -17.00   -31.28   -21.60     0.030
   17.03   -13.62     4.23        17.01   -13.52     4.14     0.134
  -37.48     4.73   -20.06       -37.47     4.71   -20.07     0.025
   20.75   -11.93    -7.85        20.82   -12.04    -7.84     0.126
   -2.05    -8.25     7.95        -2.02    -8.18     7.92     0.087
   -2.23     8.10     6.02        -2.31     8.23     6.01     0.154
   12.24    22.25     2.31        12.24    22.26     2.33     0.023
   -2.26     7.20     0.88        -2.32     7.34     0.85     0.160
  -34.00     8.63   -22.21       -34.01     8.64   -22.21     0.012
   27.18     2.98   -26.55        27.17     2.99   -26.56     0.016
   -9.73   -23.42   -44.88        -9.75   -23.40   -44.87     0.027
    7.92    15.67     8.12         7.98    15.71     8.16     0.077
   30.66     1.42     3.30        30.68     1.43     3.30     0.028
  -33.53   -19.07   -55.14       -33.52   -19.08   -55.22     0.077
  -37.55     0.91   -14.70       -37.51     0.90   -14.71     0.044
  -31.09   -29.25   -17.39       -31.01   -29.18   -17.44     0.117
   27.41    13.34     6.03        27.35    13.30     6.01     0.078
    0.28   -25.99   -28.45         0.22   -25.93   -28.43     0.089
   13.49   -12.22     7.73        13.49   -12.23     7.73     0.010
  -35.26    -8.98   -11.81       -35.26    -8.94   -11.75     0.065
   15.80     4.77   -18.28        15.83     4.76   -18.26     0.035
   13.22    -2.48    40.87        13.25    -2.53    40.87     0.065
   15.30     4.30   -17.98        15.34     4.29   -17.94     0.066
   33.27    10.33   -14.48        33.30    10.33   -14.49     0.033
   -0.84     0.60    20.65        -0.92     0.58    20.66     0.086
    2.02     8.78    -1.21         2.05     8.71    -1.19     0.082
   32.15    13.04   -12.85        32.16    13.04   -12.84     0.008
    9.73    20.98    34.25         9.75    20.75    34.19     0.239
   20.05    10.42    38.66        20.04    10.42    38.66     0.006
    4.78   -11.70   -22.94         4.75   -11.70   -22.92     0.041
  -19.39   -24.31   -11.06       -19.38   -24.33   -11.00     0.066
    3.29    -5.28   -24.30         3.22    -5.27   -24.27     0.077
  -12.44   -23.22   -11.34       -12.43   -23.23   -11.31     0.034
