81,125,pa2-debug-e-output1.txt
199.768,201.382,208.497
407.647,390.851,209.728
100.407,100.563,99.8278
97.7166,104.069,224.75
95.0267,107.576,349.672
101.744,225.507,96.3495
99.054,229.014,221.271
96.3641,232.52,346.193
103.081,350.452,92.8711
100.391,353.958,217.793
97.7014,357.465,342.715
225.37,99.3012,102.554
222.681,102.808,227.476
219.991,106.314,352.398
226.708,224.246,99.0757
224.018,227.752,223.998
221.328,231.259,348.919
228.045,349.19,95.5973
225.355,352.697,220.519
222.665,356.203,345.441
350.334,98.0395,105.28
347.644,101.546,230.202
344.955,105.053,355.124
351.672,222.984,101.802
348.982,226.49,226.724
346.292,229.997,351.646
353.009,347.928,98.3235
350.319,351.435,223.245
347.629,354.941,348.167
99.2554,98.1291,226.932
102.571,100.912,351.857
105.886,103.695,476.782
102.727,223.048,224.057
106.043,225.831,348.982
109.358,228.614,473.907
106.199,347.967,221.182
109.514,350.749,346.107
112.83,353.532,471.032
224.163,94.5833,223.696
227.479,97.3661,348.621
230.794,100.149,473.546
227.635,219.502,220.821
230.95,222.285,345.746
234.266,225.068,470.671
231.107,344.421,217.946
234.422,347.204,342.871
237.738,349.986,467.796
349.071,91.0374,220.46
352.387,93.8203,345.385
355.702,96.6032,470.31
352.543,215.956,217.585
355.858,218.739,342.51
359.174,221.522,467.435
356.014,340.875,214.71
359.33,343.658,339.635
362.645,346.441,464.56
100.44,100.008,351.383
97.1561,100.681,476.338
93.872,101.354,601.293
103.411,224.971,350.787
100.126,225.644,475.742
96.8422,226.318,600.697
106.381,349.934,350.192
103.097,350.608,475.147
99.8125,351.281,600.102
225.362,97.0543,354.682
222.078,97.7275,479.637
218.794,98.4007,604.592
228.332,222.018,354.087
225.048,222.691,479.042
221.764,223.364,603.997
231.302,346.981,353.491
228.018,347.654,478.446
224.734,348.327,603.401
350.283,94.1007,357.981
346.999,94.774,482.936
343.715,95.4472,607.891
353.254,219.064,357.386
349.969,219.737,482.341
346.685,220.41,607.296
356.224,344.027,356.791
352.94,344.701,481.746
349.656,345.374,606.701
98.7482,99.6543,476.923
96.191,100.57,601.893
93.6337,101.486,726.864
96.6067,224.632,475.963
94.0494,225.548,600.934
91.4922,226.464,725.904
94.4651,349.61,475.004
91.9079,350.526,599.974
89.3506,351.442,724.945
223.704,101.815,479.464
221.146,102.731,604.434
218.589,103.646,729.405
221.562,226.793,478.504
219.005,227.709,603.475
216.448,228.624,728.445
219.421,351.771,477.545
216.863,352.687,602.515
214.306,353.602,727.486
348.659,103.976,482.005
346.102,104.891,606.975
343.545,105.807,731.946
346.518,228.954,481.045
343.96,229.869,606.016
341.403,230.785,730.986
344.376,353.932,480.086
341.819,354.847,605.056
339.262,355.763,730.027
99.6722,101.324,601.23
99.4536,101.547,726.229
99.2351,101.771,851.229
103.419,226.268,601.013
103.2,226.491,726.013
102.982,226.714,851.012
107.165,351.211,600.796
106.947,351.435,725.796
106.728,351.658,850.796
224.616,97.5779,601.455
224.397,97.8011,726.454
224.179,98.0244,851.454
228.362,222.522,601.238
228.144,222.745,726.238
227.925,222.968,851.237
232.109,347.465,601.021
231.89,347.688,726.021
231.672,347.912,851.021
349.559,93.8317,601.68
349.341,94.055,726.679
349.122,94.2782,851.679
353.306,218.775,601.463
353.087,218.999,726.463
352.869,219.222,851.462
357.053,343.719,601.247
356.834,343.942,726.246
356.615,344.166,851.246
100.51,226.463,101.221
100.721,226.372,226.22
100.932,226.281,351.22
99.4447,351.458,101.313
99.6555,351.368,226.313
99.8663,351.277,351.313
98.3791,476.454,101.406
98.5899,476.363,226.406
98.8008,476.272,351.405
225.505,227.529,101.01
225.716,227.438,226.01
225.927,227.347,351.01
224.44,352.524,101.103
224.651,352.433,226.103
224.862,352.342,351.103
223.374,477.52,101.196
223.585,477.429,226.196
223.796,477.338,351.195
350.501,228.594,100.8
350.712,228.503,225.8
350.922,228.413,350.8
349.435,353.59,100.893
349.646,353.499,225.893
349.857,353.408,350.893
348.37,478.585,100.986
348.581,478.494,225.986
348.791,478.403,350.985
98.7319,225.713,224.975
95.941,226.276,349.942
93.1501,226.839,474.91
95.7159,350.675,224.344
92.925,351.238,349.312
90.1341,351.801,474.279
92.6999,475.637,223.714
89.9089,476.2,348.681
87.118,476.763,473.649
223.664,228.742,227.751
220.873,229.305,352.719
218.083,229.869,477.686
220.648,353.704,227.121
217.857,354.267,352.088
215.066,354.831,477.056
217.632,478.666,226.49
214.841,479.229,351.458
212.05,479.793,476.425
348.597,231.771,230.528
345.806,232.335,355.495
343.015,232.898,480.463
345.581,356.734,229.897
342.79,357.297,354.865
339.999,357.86,479.832
342.565,481.696,229.267
339.774,482.259,354.234
336.983,482.822,479.202
100.313,225.597,351.368
96.8935,228.532,476.286
93.4738,231.466,601.205
98.383,350.546,348.379
94.9633,353.481,473.298
91.5436,356.416,598.217
96.4528,475.496,345.391
93.0331,478.43,470.31
89.6134,481.365,595.229
225.252,227.608,354.741
221.832,230.542,479.659
218.412,233.477,604.578
223.321,352.557,351.752
219.902,355.492,476.671
216.482,358.426,601.59
221.391,477.506,348.764
217.971,480.441,473.683
214.552,483.376,598.602
350.19,229.618,358.114
346.77,232.553,483.032
343.35,235.488,607.951
348.26,354.568,355.125
344.84,357.502,480.044
341.42,360.437,604.963
346.329,479.517,352.137
342.91,482.452,477.056
339.49,485.386,601.975
100.252,226.264,473.886
99.7863,222.532,598.83
99.3205,218.799,723.773
101.636,351.201,477.624
101.17,347.468,602.567
100.704,343.736,727.51
103.02,476.137,481.361
102.554,472.405,606.305
102.088,468.672,731.248
225.244,224.867,474.31
224.778,221.135,599.254
224.312,217.402,724.197
226.628,349.804,478.048
226.162,346.071,602.991
225.696,342.338,727.935
228.012,474.74,481.786
227.546,471.007,606.729
227.08,467.275,731.672
350.235,223.47,474.735
349.769,219.737,599.678
349.303,216.005,724.621
351.619,348.406,478.472
351.153,344.674,603.416
350.687,340.941,728.359
353.003,473.343,482.21
352.537,469.61,607.153
352.071,465.878,732.097
98.8458,226.787,599.773
95.7158,229.9,724.695
92.5858,233.013,849.617
100.941,351.732,596.713
97.8105,354.845,721.635
94.6805,357.958,846.557
103.035,476.677,593.652
99.9052,479.79,718.574
96.7752,482.903,843.496
223.789,224.771,602.954
220.659,227.883,727.876
217.529,230.996,852.798
225.884,349.716,599.894
222.754,352.828,724.816
219.624,355.941,849.738
227.979,474.661,596.833
224.848,477.773,721.755
221.718,480.886,846.677
348.732,222.754,606.135
345.602,225.866,731.057
342.472,228.979,855.979
350.827,347.699,603.074
347.697,350.811,727.996
344.567,353.924,852.918
352.922,472.644,600.014
349.792,475.756,724.936
346.662,478.869,849.858
100.358,350.531,98.8545
96.7156,349.105,223.793
93.0728,347.679,348.732
98.6086,475.511,100.23
94.9658,474.085,225.169
91.323,472.659,350.107
96.8587,600.491,101.605
93.2159,599.065,226.544
89.5731,597.64,351.483
225.293,352.24,102.517
221.65,350.814,227.455
218.007,349.388,352.394
223.543,477.22,103.892
219.9,475.794,228.831
216.258,474.368,353.77
221.793,602.2,105.267
218.151,600.774,230.206
214.508,599.348,355.145
350.228,353.949,106.179
346.585,352.523,231.118
342.942,351.097,356.056
348.478,478.929,107.554
344.835,477.503,232.493
341.192,476.077,357.432
346.728,603.909,108.929
343.085,602.483,233.868
339.442,601.057,358.807
100.068,350.978,225.031
102.251,352.167,350.006
104.434,353.356,474.981
96.549,475.923,223.903
98.732,477.112,348.879
100.915,478.301,473.854
93.0298,600.869,222.776
95.2127,602.058,347.751
97.3957,603.247,472.727
225,354.477,222.815
227.183,355.666,347.79
229.366,356.855,472.766
221.48,479.422,221.688
223.663,480.611,346.663
225.846,481.8,471.638
217.961,604.367,220.561
220.144,605.557,345.536
222.327,606.746,470.511
349.931,357.976,220.6
352.114,359.165,345.575
354.297,360.354,470.55
346.412,482.921,219.472
348.595,484.11,344.448
350.778,485.299,469.423
342.893,607.866,218.345
345.076,609.055,343.32
347.258,610.244,468.296
100.748,348.594,351.671
101.093,348.494,476.671
101.439,348.395,601.67
100.266,473.593,351.772
100.612,473.493,476.772
100.958,473.394,601.771
99.7853,598.592,351.873
100.131,598.492,476.873
100.477,598.393,601.872
225.746,349.075,351.326
226.092,348.976,476.326
226.437,348.876,601.325
225.265,474.074,351.427
225.611,473.975,476.427
225.956,473.875,601.426
224.784,599.073,351.528
225.13,598.974,476.527
225.475,598.874,601.527
350.745,349.557,350.981
351.09,349.457,475.98
351.436,349.358,600.98
350.264,474.556,351.082
350.609,474.456,476.081
350.955,474.357,601.081
349.782,599.555,351.183
350.128,599.455,476.182
350.474,599.356,601.182
99.995,351.359,475.066
100.182,348.105,600.023
100.368,344.852,724.981
103.112,476.278,478.313
103.299,473.024,603.271
103.485,469.771,728.228
106.229,601.197,481.561
106.416,597.943,606.519
106.602,594.69,731.476
224.956,348.248,474.798
225.143,344.994,599.755
225.329,341.741,724.713
228.073,473.167,478.046
228.26,469.913,603.003
228.446,466.66,727.961
231.19,598.085,481.294
231.377,594.832,606.251
231.563,591.579,731.209
349.917,345.136,474.53
350.104,341.883,599.488
350.29,338.63,724.445
353.034,470.055,477.778
353.221,466.802,602.736
353.407,463.549,727.693
356.151,594.974,481.026
356.338,591.721,605.983
356.524,588.467,730.941
101.366,348.922,599.706
97.7502,349.002,724.654
94.1345,349.081,849.601
102.913,473.912,599.671
99.2972,473.992,724.619
95.6815,474.072,849.566
104.46,598.903,599.636
100.844,598.983,724.584
97.2286,599.062,849.531
226.304,347.377,603.322
222.688,347.456,728.27
219.073,347.536,853.218
227.851,472.367,603.287
224.235,472.447,728.235
220.62,472.527,853.183
229.398,597.357,603.252
225.782,597.437,728.2
222.167,597.517,853.148
351.242,345.831,606.939
347.626,345.911,731.887
344.011,345.991,856.834
352.789,470.822,606.904
349.173,470.901,731.851
345.558,470.981,856.799
354.336,595.812,606.869
350.721,595.892,731.816
347.105,595.972,856.764
99.487,473.174,99.4549
99.1815,474.274,224.45
98.8759,475.374,349.444
102.902,598.123,98.3635
102.596,599.223,223.358
102.291,600.323,348.353
106.317,723.072,97.2722
106.011,724.172,222.267
105.706,725.272,347.262
224.44,469.762,99.7904
224.134,470.862,224.785
223.829,471.962,349.78
227.855,594.711,98.699
227.549,595.811,223.694
227.244,596.911,348.689
231.27,719.659,97.6077
230.964,720.759,222.603
230.659,721.859,347.597
349.393,466.35,100.126
349.087,467.45,225.121
348.782,468.55,350.115
352.808,591.299,99.0345
352.502,592.399,224.029
352.197,593.499,349.024
356.223,716.247,97.9432
355.917,717.347,222.938
355.612,718.447,347.933
101.429,473.402,225.917
98.7075,472.678,350.886
95.9856,471.954,475.854
100.153,598.393,226.614
97.4308,597.669,351.582
94.709,596.945,476.55
98.8761,723.385,227.31
96.1542,722.661,352.278
93.4324,721.937,477.247
226.393,474.663,228.647
223.671,473.939,353.615
220.949,473.215,478.583
225.117,599.654,229.343
222.395,598.93,354.311
219.673,598.206,479.279
223.84,724.646,230.039
221.118,723.922,355.007
218.396,723.198,479.976
351.357,475.924,231.376
348.635,475.2,356.344
345.913,474.476,481.312
350.08,600.916,232.072
347.359,600.192,357.04
344.637,599.468,482.008
348.804,725.907,232.768
346.082,725.183,357.736
343.36,724.459,482.705
99.243,474.378,348.05
95.925,475.898,472.997
92.6071,477.417,597.943
96.5913,599.34,346.46
93.2734,600.859,471.407
89.9555,602.379,596.353
93.9397,724.302,344.87
90.6218,725.821,469.817
87.3038,727.341,594.763
224.171,477.071,351.335
220.853,478.59,476.281
217.535,480.11,601.228
221.519,602.033,349.745
218.201,603.552,474.691
214.883,605.072,599.638
218.868,726.994,348.154
215.55,728.514,473.101
212.232,730.033,598.048
349.099,479.764,354.619
345.781,481.283,479.566
342.463,482.803,604.513
346.447,604.725,353.029
343.129,606.245,477.976
339.811,607.764,602.923
343.795,729.687,351.439
340.477,731.207,476.386
337.159,732.726,601.333
100.584,473.444,473.968
100.31,476.453,598.931
100.036,479.462,723.895
101.327,598.405,470.96
101.053,601.414,595.924
100.779,604.424,720.887
102.07,723.367,467.953
101.796,726.376,592.916
101.523,729.385,717.88
225.581,472.707,474.259
225.308,475.717,599.223
225.034,478.726,724.186
226.324,597.669,471.252
226.051,600.678,596.215
225.777,603.687,721.179
227.068,722.631,468.244
226.794,725.64,593.208
226.52,728.649,718.171
350.579,471.971,474.551
350.305,474.98,599.514
350.031,477.989,724.478
351.322,596.933,471.543
351.048,599.942,596.507
350.774,602.951,721.47
352.065,721.894,468.536
351.791,724.903,593.499
351.518,727.913,718.463
98.2163,476.541,598.188
98.5152,478.471,723.173
98.814,480.4,848.158
95.2371,601.491,596.266
95.5359,603.42,721.251
95.8348,605.35,846.236
92.2578,726.441,594.345
92.5567,728.37,719.329
92.8555,730.3,844.314
223.18,479.516,597.843
223.479,481.445,722.828
223.778,483.374,847.813
220.201,604.465,595.922
220.5,606.395,720.906
220.799,608.324,845.891
217.222,729.415,594
217.521,731.344,718.985
217.82,733.274,843.969
348.145,482.49,597.499
348.443,484.419,722.483
348.742,486.349,847.468
345.165,607.44,595.577
345.464,609.369,720.562
345.763,611.298,845.546
342.186,732.389,593.655
342.485,734.319,718.64
342.784,736.248,843.625
99.5715,600.044,100.358
98.7251,599.044,225.351
97.8788,598.044,350.345
98.6593,725.037,101.352
97.8129,724.037,226.345
96.9666,723.037,351.338
97.7471,850.029,102.346
96.9007,849.029,227.339
96.0544,848.029,352.332
224.565,600.949,101.212
223.719,599.949,226.205
222.873,598.949,351.198
223.653,725.942,102.206
222.807,724.942,227.199
221.96,723.942,352.192
222.741,850.935,103.2
221.895,849.935,228.193
221.048,848.935,353.186
349.559,601.855,102.065
348.713,600.855,227.059
347.866,599.855,352.052
348.647,726.848,103.059
347.801,725.847,228.052
346.954,724.847,353.046
347.735,851.84,104.053
346.888,850.84,229.046
346.042,849.84,354.04
99.1046,600.992,226.034
101.681,602.325,351
104.257,603.658,475.966
100.745,725.974,224.667
103.321,727.307,349.633
105.897,728.64,474.6
102.385,850.956,223.3
104.961,852.289,348.266
107.537,853.622,473.233
224.067,599.325,223.476
226.643,600.658,348.442
229.22,601.99,473.408
225.707,724.306,222.109
228.284,725.639,347.075
230.86,726.972,472.041
227.348,849.288,220.742
229.924,850.621,345.708
232.5,851.954,470.674
349.03,597.657,220.917
351.606,598.99,345.884
354.182,600.323,470.85
350.67,722.638,219.55
353.246,723.971,344.517
355.822,725.304,469.483
352.31,847.62,218.183
354.886,848.953,343.15
357.462,850.286,468.116
100.366,598.209,348.791
99.7503,601.706,473.74
99.1348,605.202,598.69
101.317,723.157,345.299
100.701,726.653,470.248
100.086,730.15,595.198
102.268,848.105,341.807
101.652,851.601,466.757
101.036,855.098,591.706
225.361,597.276,349.432
224.745,600.773,474.382
224.13,604.269,599.332
226.312,722.224,345.941
225.696,725.72,470.89
225.08,729.217,595.84
227.262,847.171,342.449
226.647,850.668,467.398
226.031,854.164,592.348
350.356,596.343,350.074
349.74,599.839,475.024
349.125,603.336,599.974
351.306,721.29,346.583
350.691,724.787,471.532
350.075,728.283,596.482
352.257,846.238,343.091
351.642,849.735,468.04
351.026,853.231,592.99
100.276,598.277,476.422
99.6688,596.219,601.404
99.0618,594.16,726.385
101.41,723.254,478.486
100.803,721.196,603.467
100.196,719.138,728.449
102.544,848.232,480.549
101.937,846.174,605.531
101.33,844.116,730.512
225.269,597.133,477.01
224.662,595.075,601.992
224.055,593.017,726.973
226.403,722.111,479.074
225.796,720.053,604.055
225.189,717.994,729.037
227.537,847.088,481.137
226.93,845.03,606.119
226.323,842.972,731.101
350.263,595.989,477.599
349.656,593.931,602.58
349.049,591.873,727.562
351.397,720.967,479.662
350.79,718.909,604.644
350.182,716.851,729.625
352.531,845.945,481.726
351.923,843.887,606.707
351.316,841.829,731.689
98.9333,599.245,600.562
96.0474,602.581,725.484
93.1616,605.917,850.406
99.8952,724.197,597.247
97.0094,727.533,722.169
94.1235,730.869,847.091
100.857,849.15,593.933
97.9713,852.486,718.855
95.0855,855.822,843.777
223.896,598.36,603.472
221.01,601.696,728.394
218.125,605.032,853.316
224.858,723.313,600.157
221.972,726.648,725.08
219.087,729.984,850.002
225.82,848.265,596.843
222.934,851.601,721.765
220.048,854.937,846.687
348.859,597.475,606.382
345.973,600.811,731.305
343.088,604.147,856.227
349.821,722.428,603.068
346.935,725.764,727.99
344.049,729.1,852.912
350.783,847.38,599.753
347.897,850.716,724.676
345.011,854.052,849.598
225.407,101.422,99.5099
223.283,101.068,224.491
221.159,100.714,349.473
225.333,226.422,99.8627
223.21,226.068,224.844
221.086,225.714,349.826
225.26,351.421,100.215
223.136,351.067,225.197
221.012,350.713,350.178
350.389,101.49,101.634
348.265,101.136,226.615
346.141,100.782,351.597
350.315,226.489,101.987
348.191,226.135,226.968
346.068,225.781,351.95
350.242,351.489,102.339
348.118,351.135,227.321
345.994,350.781,352.302
475.371,101.557,103.758
473.247,101.203,228.739
471.123,100.849,353.721
475.297,226.557,104.111
473.173,226.203,229.092
471.05,225.849,354.074
475.224,351.556,104.463
473.1,351.202,229.445
470.976,350.848,354.426
225.616,101.175,226.444
227.06,103.055,351.421
228.504,104.934,476.399
228.308,226.132,224.534
229.752,228.011,349.511
231.196,229.891,474.489
231,351.088,222.623
232.444,352.968,347.601
233.888,354.847,472.578
350.579,98.4618,225.041
352.023,100.341,350.018
353.467,102.221,474.996
353.27,223.418,223.131
354.714,225.298,348.108
356.158,227.178,473.086
355.962,348.375,221.22
357.406,350.254,346.198
358.85,352.134,471.175
475.541,95.7484,223.638
476.985,97.6281,348.615
478.429,99.5077,473.593
478.233,220.705,221.727
479.677,222.584,346.705
481.121,224.464,471.683
480.925,345.661,219.817
482.369,347.541,344.795
483.813,349.421,469.772
223.721,98.7411,351.421
226.156,95.5938,476.357
228.591,92.4465,601.294
220.098,223.647,354.638
222.533,220.5,479.574
224.968,217.353,604.511
216.475,348.553,357.855
218.909,345.406,482.792
221.344,342.259,607.728
348.645,102.425,349.079
351.08,99.278,474.016
353.515,96.1307,598.952
345.022,227.331,352.296
347.456,224.184,477.233
349.891,221.037,602.169
341.398,352.237,355.513
343.833,349.09,480.45
346.268,345.943,605.386
473.569,106.109,346.737
476.004,102.962,471.674
478.438,99.8148,596.61
469.945,231.015,349.954
472.38,227.868,474.891
474.815,224.721,599.828
466.322,355.921,353.171
468.757,352.774,478.108
471.192,349.627,603.045
224.944,99.3128,474.923
227.046,96.488,599.873
229.148,93.6633,724.823
224.717,224.281,477.752
226.819,221.456,602.702
228.921,218.631,727.652
224.489,349.248,480.581
226.591,346.424,605.531
228.693,343.599,730.481
349.926,99.588,472.826
352.028,96.7633,597.777
354.13,93.9385,722.727
349.699,224.556,475.655
351.801,221.731,600.606
353.903,218.906,725.556
349.471,349.524,478.484
351.573,346.699,603.435
353.675,343.874,728.385
474.909,99.8632,470.73
477.011,97.0385,595.68
479.113,94.2137,720.631
474.681,224.831,473.559
476.783,222.006,598.509
478.885,219.182,723.46
474.453,349.799,476.388
476.555,346.974,601.338
478.657,344.149,726.289
225.491,99.0346,600.707
225.07,102.377,725.662
224.649,105.718,850.616
222.304,223.949,597.355
221.883,227.291,722.31
221.462,230.633,847.265
219.118,348.863,594.004
218.697,352.205,718.958
218.275,355.547,843.913
350.45,102.231,601.043
350.028,105.573,725.997
349.607,108.915,850.952
347.263,227.146,597.691
346.842,230.488,722.646
346.421,233.83,847.6
344.076,352.06,594.339
343.655,355.402,719.294
343.234,358.744,844.249
475.408,105.428,601.378
474.987,108.77,726.333
474.566,112.112,851.288
472.222,230.342,598.027
471.801,233.684,722.981
471.379,237.026,847.936
469.035,355.257,594.675
468.614,358.599,719.63
468.193,361.941,844.584
223.635,223.09,98.9373
224.86,221.052,223.915
226.084,219.015,348.892
221.981,348.062,100.991
223.205,346.025,225.968
224.43,343.987,350.946
220.327,473.034,103.044
221.551,470.997,228.022
222.776,468.96,352.999
348.618,224.764,97.7401
349.843,222.727,222.718
351.067,220.689,347.695
346.964,349.736,99.7936
348.188,347.699,224.771
349.413,345.661,349.748
345.31,474.708,101.847
346.534,472.671,226.824
347.759,470.634,351.802
473.601,226.438,96.5429
474.826,224.401,221.52
476.05,222.363,346.498
471.947,351.41,98.5964
473.171,349.373,223.574
474.396,347.335,348.551
470.293,476.382,100.65
471.517,474.345,225.627
472.742,472.308,350.605
225.523,224.256,225.332
227.663,225.002,350.311
229.803,225.748,475.291
225.397,349.254,224.588
227.538,350,349.567
229.678,350.746,474.547
225.272,474.252,223.844
227.412,474.998,348.823
229.552,475.744,473.803
350.504,224.369,223.191
352.645,225.115,348.17
354.785,225.861,473.15
350.379,349.367,222.447
352.519,350.113,347.426
354.659,350.859,472.406
350.253,474.364,221.703
352.394,475.11,346.682
354.534,475.856,471.662
475.486,224.482,221.05
477.626,225.228,346.029
479.767,225.974,471.009
475.361,349.479,220.306
477.501,350.225,345.285
479.641,350.971,470.265
475.235,474.477,219.562
477.375,475.223,344.541
479.516,475.969,469.521
224.109,226.373,349.583
224.213,229.48,474.545
224.316,232.587,599.506
222.927,351.329,346.478
223.031,354.436,471.439
223.134,357.542,596.4
221.745,476.285,343.372
221.849,479.392,468.334
221.952,482.498,593.295
349.104,227.552,349.45
349.207,230.659,474.412
349.311,233.766,599.373
347.921,352.508,346.345
348.025,355.615,471.306
348.129,358.722,596.268
346.739,477.464,343.239
346.843,480.571,468.201
346.946,483.677,593.162
474.098,228.732,349.317
474.202,231.838,474.279
474.305,234.945,599.24
472.916,353.687,346.212
473.019,356.794,471.173
473.123,359.901,596.135
471.734,478.643,343.106
471.837,481.75,468.068
471.941,484.857,593.029
224.459,224.933,474.047
226.646,223.788,599.023
228.834,222.643,723.998
224.201,349.928,475.197
226.389,348.783,600.172
228.577,347.638,725.148
223.943,474.922,476.347
226.131,473.777,601.322
228.319,472.632,726.298
349.439,225.211,471.862
351.627,224.066,596.837
353.815,222.921,721.813
349.182,350.206,473.011
351.369,349.06,597.987
353.557,347.915,722.963
348.924,475.2,474.161
351.112,474.055,599.137
353.3,472.91,724.112
474.42,225.489,469.676
476.608,224.344,594.652
478.795,223.199,719.627
474.162,350.483,470.826
476.35,349.338,595.802
478.538,348.193,720.777
473.904,475.478,471.976
476.092,474.333,596.951
478.28,473.188,721.927
225.35,226.181,598.635
228.878,224.619,723.575
232.406,223.057,848.516
226.646,351.165,600.161
230.174,349.603,725.101
233.701,348.041,850.042
227.942,476.149,601.687
231.469,474.587,726.628
234.997,473.025,851.568
350.294,224.929,595.091
353.822,223.367,720.032
357.349,221.805,844.972
351.59,349.913,596.618
355.117,348.351,721.558
358.645,346.789,846.498
352.885,474.897,598.144
356.413,473.335,723.084
359.941,471.773,848.025
475.237,223.677,591.548
478.765,222.115,716.489
482.293,220.553,841.429
476.533,348.661,593.074
480.061,347.099,718.015
483.588,345.537,842.955
477.829,473.645,594.6
481.356,472.083,719.541
484.884,470.521,844.481
225.239,350.781,98.4904
223.94,350.816,223.484
222.641,350.851,348.477
227.425,475.762,98.4781
226.126,475.797,223.471
224.827,475.832,348.465
229.612,600.743,98.4658
228.312,600.778,223.459
227.013,600.813,348.452
350.213,348.595,99.7901
348.914,348.631,224.783
347.615,348.666,349.777
352.4,473.576,99.7778
351.1,473.611,224.771
349.801,473.646,349.764
354.586,598.557,99.7655
353.286,598.592,224.759
351.987,598.627,349.752
475.187,346.41,101.09
473.888,346.445,226.083
472.589,346.48,351.076
477.374,471.39,101.077
476.074,471.425,226.071
474.775,471.461,351.064
479.56,596.371,101.065
478.261,596.406,226.058
476.961,596.441,351.052
223.26,349.23,225.725
223.839,348.165,350.719
224.419,347.099,475.713
220.839,474.202,226.802
221.419,473.137,351.796
221.998,472.071,476.79
218.419,599.174,227.878
218.999,598.108,352.872
219.578,597.043,477.866
348.235,351.655,225.167
348.815,350.59,350.161
349.394,349.524,475.155
345.815,476.627,226.243
346.394,475.562,351.237
346.974,474.496,476.231
343.394,601.599,227.32
343.974,600.534,352.314
344.553,599.468,477.308
473.21,354.081,224.608
473.79,353.015,349.602
474.369,351.95,474.596
470.79,479.053,225.684
471.369,477.987,350.679
471.949,476.922,475.673
468.37,604.024,226.761
468.949,602.959,351.755
469.528,601.894,476.749
223.05,349.257,351.709
226.503,347.736,476.652
229.956,346.216,601.595
220.683,474.224,353.295
224.136,472.704,478.238
227.589,471.183,603.181
218.316,599.192,354.882
221.769,597.671,479.825
225.222,596.151,604.768
347.98,351.667,348.285
351.433,350.146,473.228
354.886,348.625,598.171
345.613,476.634,349.872
349.066,475.114,474.815
352.519,473.593,599.758
343.246,601.602,351.458
346.699,600.081,476.401
350.152,598.56,601.344
472.91,354.077,344.862
476.363,352.556,469.805
479.816,351.035,594.748
470.543,479.044,346.448
473.996,477.523,471.391
477.449,476.003,596.334
468.175,604.012,348.035
471.629,602.491,472.978
475.082,600.97,597.921
225.925,350.332,476.259
228.656,350.696,601.229
231.386,351.06,726.199
223.265,475.304,475.954
225.996,475.668,600.923
228.726,476.032,725.893
220.605,600.275,475.648
223.336,600.639,600.617
226.067,601.003,725.587
350.867,352.985,473.522
353.597,353.349,598.491
356.328,353.713,723.461
348.207,477.956,473.216
350.938,478.32,598.185
353.668,478.684,723.155
345.547,602.927,472.91
348.278,603.291,597.879
351.008,603.656,722.849
475.809,355.637,470.784
478.539,356.001,595.753
481.27,356.365,720.723
473.149,480.609,470.478
475.879,480.973,595.448
478.61,481.337,720.417
470.489,605.58,470.172
473.22,605.944,595.142
475.95,606.308,720.111
223.369,349.681,601.636
221.788,351.061,726.618
220.206,352.441,851.601
225.996,474.646,600.289
224.415,476.026,725.272
222.834,477.406,850.254
228.624,599.611,598.943
227.043,600.991,723.925
225.461,602.371,848.907
348.331,347.071,603.246
346.75,348.451,728.228
345.169,349.831,853.211
350.959,472.036,601.899
349.377,473.416,726.881
347.796,474.796,851.864
353.586,597.001,600.552
352.005,598.381,725.535
350.424,599.761,850.517
473.294,344.461,604.856
471.712,345.841,729.838
470.131,347.221,854.82
475.921,469.426,603.509
474.34,470.806,728.491
472.758,472.186,853.474
478.549,594.391,602.162
476.967,595.771,727.145
475.386,597.151,852.127
223.462,473.346,101.772
226.652,475.921,226.705
229.842,478.497,351.638
222.547,598.317,99.2196
225.737,600.892,224.152
228.927,603.467,349.085
221.632,723.287,96.6669
224.822,725.863,221.6
228.012,728.438,346.532
348.418,474.195,98.5638
351.608,476.771,223.497
354.798,479.346,348.429
347.503,599.166,96.0112
350.693,601.741,220.944
353.883,604.317,345.877
346.588,724.137,93.4585
349.778,726.712,218.391
352.968,729.287,343.324
473.374,475.045,95.3554
476.564,477.62,220.288
479.754,480.195,345.221
472.459,600.015,92.8027
475.649,602.591,217.735
478.839,605.166,342.668
471.544,724.986,90.25
474.734,727.561,215.183
477.924,730.137,340.116
224.977,473.022,223.189
221.36,475.813,348.106
217.743,478.605,473.022
226.01,597.987,220.426
222.392,600.779,345.343
218.775,603.57,470.259
227.042,722.952,217.663
223.425,725.744,342.58
219.808,728.535,467.496
349.921,472.07,226.829
346.303,474.861,351.745
342.686,477.653,476.661
350.953,597.035,224.066
347.336,599.827,348.982
343.718,602.618,473.899
351.986,722,221.303
348.368,724.792,346.219
344.751,727.584,471.136
474.864,471.118,230.468
471.247,473.91,355.384
467.629,476.701,480.301
475.896,596.083,227.705
472.279,598.875,352.622
468.662,601.667,477.538
476.929,721.048,224.942
473.312,723.84,349.859
469.694,726.632,474.775
225.734,473.868,349.023
224.453,472.814,474.012
223.172,471.76,599.001
223.345,598.84,350.052
222.064,597.787,475.041
220.784,596.733,600.03
220.956,723.813,351.081
219.676,722.76,476.07
218.395,721.706,601.059
350.705,476.246,350.324
349.424,475.192,475.313
348.143,474.139,600.302
348.316,601.219,351.353
347.035,600.165,476.342
345.754,599.112,601.331
345.927,726.192,352.382
344.646,725.138,477.371
343.365,724.085,602.36
475.676,478.624,351.625
474.395,477.57,476.614
473.114,476.517,601.603
473.287,603.597,352.653
472.006,602.543,477.642
470.725,601.49,602.631
470.898,728.57,353.682
469.617,727.516,478.671
468.336,726.463,603.66
223.017,475.113,475.118
224.115,474.708,600.113
225.213,474.304,725.107
226.129,600.073,475.495
227.227,599.669,600.489
228.325,599.265,725.484
229.24,725.034,475.872
230.339,724.63,600.866
231.437,724.226,725.861
347.973,472.004,474.01
349.071,471.6,599.005
350.17,471.196,723.999
351.085,596.965,474.387
352.183,596.561,599.381
353.282,596.156,724.376
354.197,721.926,474.764
355.295,721.521,599.758
356.394,721.117,724.753
472.93,468.896,472.902
474.028,468.492,597.896
475.126,468.087,722.891
476.041,593.856,473.279
477.14,593.452,598.273
478.238,593.048,723.268
479.153,718.817,473.655
480.252,718.413,598.65
481.35,718.009,723.645
223.959,474.699,599.999
221.729,478.242,724.929
219.498,481.785,849.859
223.931,599.648,596.455
221.701,603.192,721.385
219.47,606.735,846.315
223.903,724.598,592.911
221.673,728.141,717.841
219.442,731.685,842.77
348.939,474.79,602.228
346.709,478.333,727.158
344.479,481.876,852.088
348.911,599.74,598.684
346.681,603.283,723.614
344.45,606.826,848.543
348.883,724.69,595.139
346.653,728.233,720.069
344.422,731.776,844.999
473.919,474.881,604.457
471.689,478.425,729.386
469.459,481.968,854.316
473.891,599.831,600.912
471.661,603.374,725.842
469.431,606.917,850.772
473.863,724.781,597.368
471.633,728.324,722.298
469.402,731.867,847.228
226.212,601.228,98.0701
226.958,600.561,223.066
227.705,599.894,348.062
224.718,726.218,98.7462
225.465,725.55,223.742
226.211,724.883,348.738
223.225,851.207,99.4223
223.971,850.54,224.418
224.717,849.872,349.414
351.201,602.726,97.3319
351.947,602.059,222.328
352.693,601.392,347.324
349.707,727.715,98.008
350.453,727.048,223.004
351.2,726.381,348
348.213,852.705,98.6842
348.96,852.037,223.68
349.706,851.37,348.676
476.19,604.224,96.5938
476.936,603.557,221.59
477.682,602.89,346.586
474.696,729.213,97.2699
475.442,728.546,222.266
476.188,727.879,347.262
473.202,854.202,97.946
473.948,853.535,222.942
474.695,852.868,347.938
225.436,599.028,226.256
223.118,602.567,351.184
220.799,606.106,476.112
226.654,723.972,222.738
224.336,727.511,347.667
222.017,731.051,472.595
227.872,848.917,219.221
225.554,852.456,344.15
223.235,855.995,469.078
350.409,597.876,228.608
348.09,601.415,353.536
345.772,604.954,478.464
351.627,722.82,225.091
349.308,726.359,350.019
346.99,729.899,474.947
352.845,847.765,221.574
350.526,851.304,346.502
348.208,854.843,471.43
475.382,596.724,230.96
473.063,600.263,355.888
470.744,603.802,480.817
476.6,721.668,227.443
474.281,725.207,352.371
471.962,728.747,477.3
477.818,846.613,223.926
475.499,850.152,348.854
473.18,853.691,473.782
224.934,601.42,349.978
225.88,604.248,474.943
226.825,607.075,599.907
225.793,726.385,347.144
226.738,729.213,472.109
227.683,732.04,597.073
226.651,851.35,344.31
227.596,854.178,469.274
228.542,857.005,594.239
349.928,600.54,349.053
350.873,603.368,474.017
351.818,606.196,598.982
350.786,725.505,346.219
351.731,728.333,471.183
352.677,731.161,596.147
351.645,850.47,343.384
352.59,853.298,468.349
353.535,856.126,593.313
474.921,599.661,348.127
475.867,602.489,473.092
476.812,605.316,598.056
475.78,724.626,345.293
476.725,727.453,470.257
477.67,730.281,595.222
476.638,849.591,342.459
477.583,852.418,467.423
478.529,855.246,592.388
225.658,600.221,473.38
226.567,596.964,598.335
227.476,593.707,723.289
223.076,725.151,476.656
223.985,721.894,601.61
224.894,718.637,726.564
220.493,850.082,479.931
221.402,846.824,604.885
222.311,843.567,729.839
350.628,602.826,472.539
351.537,599.569,597.494
352.446,596.312,722.448
348.046,727.756,475.814
348.955,724.499,600.769
349.864,721.242,725.723
345.463,852.687,479.09
346.372,849.43,604.044
347.281,846.173,728.998
475.598,605.431,471.698
476.507,602.174,596.652
477.416,598.917,721.607
473.016,730.362,474.973
473.925,727.105,599.928
474.834,723.847,724.882
470.433,855.292,478.249
471.342,852.035,603.203
472.251,848.778,728.157
226.258,600.871,601.09
227.688,600.64,726.082
229.117,600.408,851.074
223.337,725.837,601.355
224.766,725.605,726.347
226.196,725.374,851.338
220.415,850.802,601.62
221.845,850.571,726.612
223.274,850.339,851.603
351.216,603.795,599.667
352.646,603.564,724.658
354.075,603.332,849.65
348.294,728.761,599.932
349.724,728.529,724.923
351.154,728.298,849.915
345.373,853.727,600.196
346.803,853.495,725.188
348.232,853.263,850.18
476.174,606.72,598.243
477.603,606.488,723.234
479.033,606.257,848.226
473.252,731.685,598.508
474.682,731.454,723.499
476.111,731.222,848.491
470.331,856.651,598.773
471.76,856.419,723.764
473.19,856.188,848.756
349.317,100.646,99.059
350.651,100.801,224.052
351.985,100.955,349.045
351.039,225.634,98.8862
352.373,225.789,223.879
353.706,225.943,348.872
352.761,350.622,98.7135
354.094,350.777,223.706
355.428,350.931,348.699
474.298,98.9227,97.7275
475.632,99.0771,222.72
476.966,99.2315,347.713
476.02,223.911,97.5548
477.354,224.065,222.548
478.687,224.22,347.54
477.742,348.899,97.382
479.075,349.053,222.375
480.409,349.208,347.368
599.279,97.1993,96.396
600.613,97.3537,221.389
601.947,97.5081,346.382
601.001,222.187,96.2233
602.335,222.342,221.216
603.668,222.496,346.209
602.723,347.175,96.0506
604.056,347.33,221.043
605.39,347.484,346.036
348.903,99.4688,223.215
350.292,101.105,348.196
351.681,102.741,473.178
350.331,224.45,221.563
351.719,226.086,346.544
353.108,227.722,471.526
351.758,349.431,219.91
353.146,351.067,344.892
354.535,352.703,469.874
473.888,98.0235,221.845
475.276,99.6598,346.826
476.665,101.296,471.808
475.315,223.004,220.193
476.703,224.641,345.174
478.092,226.277,470.156
476.742,347.985,218.541
478.13,349.622,343.522
479.519,351.258,468.504
598.872,96.5783,220.475
600.26,98.2145,345.457
601.649,99.8508,470.438
600.299,221.559,218.823
601.687,223.195,343.805
603.076,224.832,468.786
601.726,346.54,217.171
603.115,348.176,342.152
604.503,349.813,467.134
348.686,99.3731,351.304
347.435,97.142,476.278
346.183,94.9109,601.252
346.27,224.33,353.511
345.019,222.099,478.485
343.768,219.868,603.459
343.854,349.287,355.718
342.603,347.056,480.691
341.352,344.825,605.665
473.656,101.766,352.598
472.405,99.5351,477.572
471.154,97.304,602.546
471.24,226.723,354.805
469.989,224.492,479.779
468.738,222.261,604.752
468.825,351.681,357.011
467.573,349.449,481.985
466.322,347.218,606.959
598.627,104.159,353.892
597.375,101.928,478.866
596.124,99.6971,603.84
596.211,229.117,356.099
594.96,226.885,481.072
593.708,224.654,606.046
593.795,354.074,358.305
592.544,351.843,483.279
591.293,349.611,608.253
350.527,101.245,473.497
348.7,98.5006,598.453
346.873,95.7558,723.41
352.34,226.201,476.268
350.513,223.457,601.224
348.686,220.712,726.181
354.153,351.158,479.039
352.326,348.413,603.996
350.499,345.668,728.952
475.5,99.3925,475.283
473.674,96.6478,600.24
471.847,93.903,725.196
477.313,224.349,478.054
475.487,221.604,603.011
473.66,218.859,727.967
479.126,349.305,480.826
477.299,346.56,605.782
475.473,343.815,730.739
600.474,97.5398,477.069
598.647,94.795,602.026
596.82,92.0502,726.982
602.287,222.496,479.841
600.46,219.751,604.797
598.633,217.006,729.754
604.1,347.452,482.612
602.273,344.707,607.568
600.446,341.962,732.525
349.948,98.7108,601.194
350.231,101.818,726.156
350.514,104.926,851.117
347.606,223.65,598.093
347.889,226.758,723.054
348.173,229.866,848.015
345.265,348.59,594.991
345.548,351.698,719.952
345.831,354.805,844.913
474.926,101.045,600.853
475.209,104.152,725.814
475.492,107.26,850.775
472.584,225.984,597.751
472.867,229.092,722.713
473.15,232.199,847.674
470.243,350.924,594.65
470.526,354.031,719.611
470.809,357.139,844.572
599.903,103.378,600.512
600.186,106.486,725.473
600.47,109.593,850.434
597.562,228.318,597.41
597.845,231.425,722.371
598.128,234.533,847.332
595.22,353.257,594.309
595.503,356.365,719.27
595.787,359.473,844.231
349.031,225.781,101.189
350.538,224.11,226.169
352.045,222.439,351.148
350.888,350.757,102.838
352.395,349.085,227.817
353.902,347.414,352.797
352.745,475.732,104.487
354.252,474.061,229.466
355.759,472.389,354.446
474.008,223.945,99.6576
475.515,222.273,224.637
477.022,220.602,349.617
475.865,348.92,101.307
477.372,347.249,226.286
478.879,345.577,351.266
477.722,473.895,102.955
479.229,472.224,227.935
480.736,470.552,352.915
598.985,222.108,98.1264
600.492,220.436,223.106
601.999,218.765,348.086
600.842,347.083,99.7753
602.349,345.412,224.755
603.856,343.74,349.735
602.699,472.058,101.424
604.206,470.387,226.404
605.713,468.716,351.384
349.772,226.191,223.12
353.154,229.72,348.024
356.537,233.249,472.929
347.817,351.128,219.643
351.199,354.656,344.548
354.582,358.185,469.452
345.862,476.064,216.166
349.244,479.593,341.071
352.626,483.122,465.975
474.711,228.051,219.684
478.093,231.58,344.588
481.476,235.109,469.493
472.756,352.987,216.207
476.138,356.516,341.112
479.52,360.045,466.016
470.801,477.924,212.731
474.183,481.453,337.635
477.565,484.981,462.539
599.65,229.911,216.248
603.032,233.44,341.153
606.415,236.968,466.057
597.695,354.847,212.772
601.077,358.376,337.676
604.459,361.905,462.58
595.739,479.783,209.295
599.122,483.312,334.199
602.504,486.841,459.104
349.384,223.874,349.743
351.543,220.938,474.69
353.701,218.002,599.637
349.604,348.839,352.676
351.762,345.904,477.623
353.921,342.968,602.569
349.823,473.805,355.608
351.981,470.869,480.555
354.14,467.933,605.502
474.366,223.705,347.58
476.524,220.77,472.527
478.682,217.834,597.474
474.585,348.671,350.513
476.743,345.735,475.459
478.902,342.799,600.406
474.804,473.636,353.445
476.963,470.7,478.392
479.121,467.765,603.339
599.347,223.537,345.417
601.505,220.601,470.364
603.664,217.665,595.311
599.566,348.502,348.35
601.724,345.566,473.296
603.883,342.631,598.243
599.785,473.468,351.282
601.944,470.532,476.229
604.102,467.596,601.176
348.154,225.546,473.432
346.373,227.456,598.405
344.591,229.367,723.378
351.501,350.487,471.57
349.719,352.398,596.542
347.938,354.308,721.515
354.848,475.428,469.707
353.066,477.339,594.68
351.284,479.25,719.653
473.097,222.226,475.264
471.315,224.137,600.237
469.533,226.048,725.21
476.444,347.168,473.402
474.662,349.078,598.375
472.88,350.989,723.347
479.791,472.109,471.539
478.009,474.02,596.512
476.227,475.93,721.485
598.039,218.907,477.096
596.258,220.817,602.069
594.476,222.728,727.042
601.386,343.848,475.234
599.604,345.759,600.207
597.823,347.669,725.179
604.733,468.789,473.372
602.951,470.7,598.344
601.169,472.611,723.317
350.347,226.72,599.125
352.766,230.301,724.05
355.186,233.882,848.975
350.198,351.669,595.546
352.618,355.25,720.471
355.037,358.831,845.396
350.05,476.617,591.967
352.469,480.198,716.892
354.889,483.78,841.818
475.323,226.799,596.702
477.743,230.38,721.627
480.162,233.961,846.553
475.175,351.748,593.123
477.594,355.329,718.048
480.014,358.91,842.974
475.026,476.696,589.544
477.446,480.277,714.47
479.865,483.859,839.395
600.3,226.878,594.279
602.719,230.459,719.205
605.139,234.04,844.13
600.151,351.827,590.7
602.571,355.408,715.626
604.99,358.989,840.551
600.003,476.775,587.121
602.422,480.357,712.047
604.842,483.938,836.972
348.163,349.027,100.748
349.462,348.196,225.739
350.76,347.365,350.729
350.205,474.007,101.558
351.504,473.177,226.548
352.802,472.346,351.539
352.247,598.988,102.367
353.545,598.157,227.358
354.844,597.326,352.348
473.14,346.993,99.4362
474.438,346.163,224.427
475.737,345.332,349.417
475.182,471.974,100.246
476.48,471.143,225.236
477.779,470.312,350.227
477.224,596.955,101.055
478.522,596.124,226.046
479.82,595.293,351.036
598.116,344.96,98.1245
599.415,344.129,223.115
600.713,343.298,348.105
600.158,469.941,98.934
601.457,469.11,223.925
602.755,468.279,348.915
602.2,594.921,99.7435
603.499,594.091,224.734
604.797,593.26,349.725
348.485,349.646,223.672
348.651,348.74,348.669
348.817,347.834,473.666
345.201,474.6,224.583
345.367,473.694,349.579
345.533,472.787,474.576
341.918,599.553,225.493
342.083,598.647,350.49
342.249,597.741,475.486
473.442,352.931,223.531
473.608,352.025,348.527
473.773,351.119,473.524
470.158,477.885,224.441
470.324,476.978,349.438
470.49,476.072,474.434
466.874,602.838,225.351
467.04,601.932,350.348
467.206,601.026,475.344
598.399,356.216,223.389
598.564,355.31,348.385
598.73,354.403,473.382
595.115,481.17,224.299
595.281,480.263,349.296
595.446,479.357,474.292
591.831,606.123,225.209
591.997,605.217,350.206
592.163,604.311,475.203
351.659,350.906,351.261
353.235,350.583,476.25
354.811,350.26,601.24
348.564,475.867,351.622
350.14,475.544,476.612
351.716,475.221,601.602
345.47,600.828,351.984
347.046,600.505,476.974
348.622,600.182,601.963
476.611,354.004,349.693
478.187,353.682,474.683
479.762,353.359,599.673
473.516,478.965,350.055
475.092,478.643,475.045
476.668,478.32,600.034
470.422,603.927,350.417
471.998,603.604,475.406
473.574,603.281,600.396
601.562,357.103,348.126
603.138,356.78,473.115
604.714,356.458,598.105
598.468,482.064,348.488
600.044,481.741,473.477
601.62,481.419,598.467
595.374,607.025,348.849
596.949,606.703,473.839
598.525,606.38,598.829
349.724,349.708,474.438
347.455,352.486,599.386
345.185,355.264,724.335
347.089,474.648,471.612
344.82,477.426,596.56
342.551,480.204,721.509
344.454,599.588,468.786
342.185,602.366,593.735
339.916,605.144,718.683
474.676,352.393,476.648
472.406,355.171,601.596
470.137,357.949,726.545
472.041,477.333,473.822
469.772,480.111,598.77
467.502,482.889,723.719
469.406,602.273,470.996
467.137,605.051,595.944
464.867,607.83,720.893
599.627,355.078,478.857
597.358,357.856,603.806
595.089,360.634,728.754
596.992,480.018,476.031
594.723,482.796,600.98
592.454,485.574,725.928
594.358,604.958,473.205
592.088,607.736,598.154
589.819,610.515,723.103
350.688,349.463,598.988
354.082,349.845,723.942
357.475,350.226,848.895
349.26,474.455,598.646
352.653,474.836,723.599
356.046,475.218,848.552
347.831,599.446,598.303
351.224,599.827,723.256
354.618,600.209,848.21
475.634,350.882,595.591
479.027,351.264,720.544
482.421,351.645,845.498
474.206,475.873,595.248
477.599,476.255,720.202
480.992,476.636,845.155
472.777,600.865,594.905
476.17,601.246,719.859
479.563,601.628,844.812
600.58,352.301,592.193
603.973,352.682,717.147
607.367,353.064,842.1
599.151,477.292,591.851
602.545,477.674,716.804
605.938,478.055,841.757
597.723,602.284,591.508
601.116,602.665,716.461
604.509,603.047,841.415
350.535,476.439,98.9868
350.973,475.564,223.983
351.411,474.688,348.979
352.266,601.424,99.8561
352.704,600.549,224.852
353.142,599.673,349.848
353.997,726.409,100.725
354.435,725.534,225.722
354.873,724.658,350.718
475.522,474.711,98.5368
475.96,473.836,223.533
476.398,472.96,348.529
477.253,599.696,99.406
477.691,598.821,224.402
478.129,597.945,349.398
478.984,724.681,100.275
479.422,723.806,225.271
479.86,722.93,350.268
600.509,472.983,98.0867
600.947,472.108,223.083
601.385,471.233,348.079
602.24,597.968,98.9559
602.678,597.093,223.952
603.116,596.218,348.948
603.971,722.953,99.8252
604.409,722.078,224.821
604.847,721.203,349.818
349.008,473.371,226.666
348.837,471.263,351.648
348.665,469.154,476.631
351.818,598.322,228.778
351.646,596.213,353.76
351.475,594.105,478.742
354.627,723.272,230.89
354.456,721.164,355.872
354.284,719.056,480.854
473.977,470.559,226.79
473.805,468.451,351.772
473.634,466.343,476.755
476.786,595.51,228.902
476.615,593.402,353.884
476.443,591.293,478.866
479.595,720.461,231.014
479.424,718.352,355.996
479.252,716.244,480.978
598.945,467.748,226.914
598.774,465.639,351.896
598.602,463.531,476.879
601.754,592.698,229.026
601.583,590.59,354.008
601.411,588.481,478.99
604.564,717.649,231.138
604.392,715.54,356.12
604.221,713.432,481.102
350.324,475.209,350.821
350.463,477.108,475.806
350.603,479.006,600.792
349.559,600.192,348.923
349.699,602.091,473.909
349.839,603.989,598.894
348.795,725.176,347.025
348.935,727.074,472.011
349.074,728.973,596.996
475.321,475.971,350.67
475.461,477.87,475.655
475.601,479.768,600.641
474.557,600.955,348.772
474.697,602.853,473.757
474.836,604.752,598.743
473.792,725.938,346.874
473.932,727.836,471.86
474.072,729.735,596.845
600.319,476.734,350.518
600.459,478.632,475.504
600.598,480.531,600.489
599.554,601.717,348.621
599.694,603.615,473.606
599.834,605.514,598.592
598.79,726.7,346.723
598.93,728.599,471.709
599.069,730.497,596.694
348.123,474.42,473.445
349.137,475.013,598.44
350.15,475.605,723.434
344.54,599.367,472.882
345.554,599.96,597.876
346.567,600.553,722.871
340.957,724.315,472.318
341.971,724.907,597.313
342.984,725.5,722.307
473.068,477.998,472.415
474.081,478.591,597.41
475.095,479.184,722.404
469.485,602.946,471.852
470.498,603.538,596.846
471.512,604.131,721.841
465.902,727.893,471.288
466.915,728.486,596.283
467.929,729.078,721.277
598.012,481.576,471.385
599.026,482.169,596.379
600.039,482.762,721.374
594.429,606.524,470.821
595.443,607.117,595.816
596.456,607.709,720.81
590.846,731.471,470.258
591.86,732.064,595.252
592.873,732.657,720.247
348.258,474.011,600.431
349.282,472.256,725.414
350.307,470.501,850.398
348.306,598.998,602.185
349.331,597.244,727.169
350.355,595.489,852.152
348.355,723.986,603.939
349.379,722.231,728.923
350.404,720.477,853.906
473.254,473.976,599.406
474.278,472.222,724.389
475.303,470.467,849.373
473.302,598.964,601.16
474.327,597.21,726.144
475.351,595.455,851.127
473.351,723.952,602.914
474.375,722.197,727.898
475.4,720.443,852.881
598.25,473.942,598.381
599.274,472.188,723.364
600.298,470.433,848.348
598.298,598.93,600.135
599.322,597.175,725.119
600.347,595.421,850.102
598.347,723.918,601.889
599.371,722.163,726.873
600.395,720.409,851.856
348.283,599.456,98.0916
346.925,596.702,223.054
345.567,593.948,348.016
351.591,724.381,100.881
350.233,721.627,225.843
348.875,718.873,350.805
354.898,849.306,103.67
353.54,846.552,228.632
352.182,843.798,353.594
473.232,596.119,99.3759
471.874,593.365,224.338
470.516,590.611,349.3
476.54,721.044,102.165
475.182,718.29,227.127
473.824,715.536,352.089
479.847,845.969,104.954
478.489,843.215,229.916
477.131,840.461,354.878
598.181,592.782,100.66
596.823,590.028,225.623
595.465,587.274,350.585
601.488,717.707,103.449
600.13,714.953,228.412
598.772,712.199,353.374
604.796,842.632,106.238
603.438,839.878,231.201
602.08,837.124,356.163
351.694,601.975,224.98
352.618,598.527,349.929
353.543,595.078,474.878
350.691,726.924,228.437
351.616,723.475,353.386
352.54,720.026,478.334
349.688,851.872,231.893
350.613,848.423,356.842
351.538,844.974,481.791
476.686,603.003,224.084
477.611,599.554,349.033
478.536,596.106,473.982
475.684,727.951,227.54
476.608,724.503,352.489
477.533,721.054,477.438
474.681,852.9,230.996
475.606,849.451,355.945
476.53,846.002,480.894
601.679,604.031,223.187
602.604,600.582,348.136
603.528,597.133,473.085
600.676,728.979,226.643
601.601,725.53,351.592
602.526,722.082,476.541
599.674,853.927,230.099
600.598,850.479,355.048
601.523,847.03,479.997
350.205,598.705,350.218
347.795,601.562,475.162
345.386,604.419,600.106
350.938,723.67,347.374
348.529,726.527,472.318
346.119,729.385,597.262
351.671,848.636,344.53
349.262,851.493,469.475
346.852,854.35,594.419
475.179,598.027,352.643
472.77,600.884,477.587
470.361,603.741,602.531
475.912,722.992,349.799
473.503,725.849,474.743
471.094,728.707,599.688
476.646,847.958,346.956
474.236,850.815,471.9
471.827,853.672,596.844
600.154,597.349,355.068
597.745,600.206,480.012
595.335,603.063,604.957
600.887,722.314,352.225
598.478,725.171,477.169
596.069,728.029,602.113
601.62,847.28,349.381
599.211,850.137,474.325
596.802,852.994,599.269
350.826,601.606,474.542
352.941,601.132,599.523
355.055,600.658,724.504
354.471,726.552,474.954
356.586,726.078,599.935
358.7,725.604,724.916
358.116,851.498,475.366
360.231,851.024,600.347
362.345,850.551,725.328
475.755,597.968,472.414
477.87,597.495,597.396
479.984,597.021,722.377
479.4,722.915,472.826
481.515,722.441,597.808
483.629,721.967,722.789
483.045,847.861,473.238
485.16,847.387,598.22
487.274,846.913,723.201
600.684,594.331,470.287
602.799,593.857,595.268
604.913,593.383,720.249
604.329,719.277,470.699
606.444,718.803,595.68
608.558,718.329,720.661
607.974,844.223,471.111
610.089,843.749,596.092
612.203,843.276,721.073
348.165,599.116,600.724
351.863,596.746,725.647
355.561,594.376,850.57
345.322,724.059,603.179
349.021,721.69,728.101
352.719,719.32,853.024
342.48,849.003,605.633
346.179,846.633,730.556
349.877,844.264,855.478
473.077,602.029,597.081
476.776,599.659,722.004
480.474,597.289,846.927
470.235,726.972,599.536
473.934,724.603,724.459
477.632,722.233,849.381
467.393,851.916,601.99
471.092,849.546,726.913
474.79,847.177,851.836
597.99,604.942,593.439
601.689,602.572,718.361
605.387,600.202,843.284
595.148,729.885,595.893
598.847,727.516,720.816
602.545,725.146,845.738
592.306,854.829,598.347
596.005,852.459,723.27
599.703,850.09,848.193
474.905,101.65,99.2533
477.952,100.147,224.207
480.999,98.6433,349.161
471.695,226.599,100.835
474.742,225.095,225.789
477.789,223.592,350.743
468.485,351.548,102.416
471.532,350.044,227.37
474.579,348.541,352.324
599.827,104.897,96.2463
602.874,103.394,221.2
605.921,101.891,346.154
596.617,229.846,97.8279
599.664,228.343,222.782
602.711,226.839,347.736
593.407,354.795,99.4094
596.454,353.292,224.363
599.501,351.788,349.317
724.749,108.145,93.2394
727.795,106.641,218.193
730.842,105.138,343.147
721.539,233.094,94.8209
724.585,231.59,219.775
727.632,230.087,344.729
718.329,358.042,96.4025
721.375,356.539,221.356
724.422,355.036,346.31
474.516,101.86,226.203
477.007,98.185,351.125
479.498,94.5104,476.046
470.924,226.752,229.949
473.415,223.077,354.87
475.906,219.403,479.791
467.332,351.644,233.694
469.823,347.969,358.615
472.314,344.295,483.537
599.439,105.524,223.82
601.93,101.849,348.741
604.421,98.1745,473.663
595.848,230.416,227.566
598.339,226.741,352.487
600.829,223.067,477.408
592.256,355.308,231.311
594.747,351.634,356.232
597.238,347.959,481.153
724.363,109.188,221.437
726.854,105.513,346.358
729.345,101.839,471.279
720.771,234.08,225.183
723.262,230.405,350.104
725.753,226.731,475.025
717.179,358.972,228.928
719.67,355.298,353.849
722.161,351.623,478.77
474.306,98.4524,349.328
471.014,101.368,474.251
467.723,104.284,599.174
471.724,223.39,346.344
468.433,226.306,471.267
465.141,229.222,596.189
469.143,348.328,343.36
465.851,351.244,468.282
462.56,354.16,593.205
599.236,101.111,352.558
595.944,104.027,477.481
592.653,106.943,602.403
596.654,226.048,349.574
593.363,228.964,474.496
590.071,231.88,599.419
594.073,350.986,346.59
590.781,353.902,471.512
587.49,356.818,596.435
724.166,103.769,355.788
720.874,106.685,480.71
717.583,109.601,605.633
721.584,228.707,352.804
718.293,231.623,477.726
715.001,234.539,602.649
719.003,353.644,349.819
715.711,356.56,474.742
712.42,359.476,599.664
476.758,100.85,474.58
474.357,99.211,599.546
471.957,97.5723,724.513
474.035,225.81,476.167
471.634,224.171,601.133
469.233,222.533,726.099
471.311,350.77,477.753
468.911,349.132,602.719
466.51,347.493,727.685
601.705,103.542,477.016
599.305,101.903,601.982
596.904,100.264,726.948
598.982,228.502,478.602
596.581,226.864,603.569
594.18,225.225,728.535
596.259,353.463,480.189
593.858,351.824,605.155
591.457,350.185,730.121
726.653,106.234,479.452
724.252,104.595,604.418
721.851,102.957,729.384
723.929,231.194,481.038
721.528,229.556,606.004
719.128,227.917,730.971
721.206,356.155,482.625
718.805,354.516,607.591
716.404,352.877,732.557
474.5,98.237,599.829
477.146,101.668,724.753
479.792,105.098,849.678
476.315,223.176,596.359
478.961,226.606,721.284
481.607,230.037,846.209
478.131,348.114,592.89
480.777,351.545,717.814
483.423,354.976,842.739
599.459,96.3492,597.234
602.105,99.7799,722.159
604.751,103.211,847.084
601.274,221.288,593.764
603.92,224.719,718.689
606.566,228.149,843.614
603.09,346.226,590.295
605.736,349.657,715.22
608.382,353.088,840.144
724.417,94.4613,594.639
727.063,97.892,719.564
729.709,101.323,844.489
726.233,219.4,591.169
728.879,222.831,716.094
731.525,226.261,841.019
728.048,344.339,587.7
730.694,347.769,712.625
733.34,351.2,837.55
475.782,226.226,99.5402
473.56,227.946,224.509
471.337,229.666,349.477
478.674,351.182,97.8718
476.451,352.902,222.84
474.229,354.622,347.809
481.566,476.137,96.2034
479.343,477.857,221.172
477.12,479.577,346.14
600.729,223.365,101.802
598.506,225.085,226.77
596.284,226.805,351.739
603.621,348.32,100.133
601.398,350.04,225.102
599.175,351.76,350.07
606.513,473.276,98.465
604.29,474.996,223.433
602.067,476.716,348.402
725.676,220.503,104.063
723.453,222.223,229.032
721.23,223.943,354
728.568,345.459,102.395
726.345,347.179,227.363
724.122,348.899,352.332
731.459,470.414,100.727
729.237,472.134,225.695
727.014,473.854,350.663
473.191,225.683,223.085
472.944,223.185,348.059
472.698,220.687,473.034
471.759,350.65,225.58
471.513,348.152,350.555
471.267,345.654,475.529
470.327,475.617,228.075
470.081,473.119,353.05
469.835,470.621,478.025
598.182,227.11,223.359
597.936,224.611,348.334
597.69,222.113,473.309
596.751,352.076,225.855
596.504,349.578,350.829
596.258,347.08,475.804
595.319,477.043,228.35
595.073,474.545,353.325
594.827,472.047,478.299
723.174,228.536,223.634
722.927,226.038,348.609
722.681,223.539,473.584
721.742,353.503,226.129
721.496,351.005,351.104
721.25,348.506,476.079
720.311,478.47,228.625
720.064,475.971,353.599
719.818,473.473,478.574
473.606,226.801,351.927
476.112,226.32,476.901
478.618,225.839,601.875
471.4,351.781,352.452
473.906,351.3,477.426
476.412,350.819,602.4
469.194,476.76,352.978
471.7,476.279,477.952
474.205,475.798,602.926
598.561,229.018,349.43
601.067,228.536,474.404
603.573,228.055,599.378
596.355,353.997,349.955
598.861,353.516,474.929
601.367,353.035,599.903
594.149,478.976,350.481
596.655,478.495,475.455
599.161,478.014,600.429
723.517,231.234,346.933
726.023,230.753,471.907
728.529,230.272,596.881
721.311,356.213,347.459
723.817,355.732,472.432
726.322,355.251,597.406
719.105,481.193,347.984
721.61,480.712,472.958
724.116,480.23,597.932
473.091,226.171,473.213
473.221,228.079,598.198
473.352,229.987,723.183
476.44,351.111,471.302
476.57,353.02,596.287
476.701,354.928,721.273
479.789,476.052,469.391
479.92,477.96,594.376
480.05,479.868,719.362
598.046,222.82,473.133
598.176,224.728,598.119
598.307,226.636,723.104
601.395,347.761,471.223
601.526,349.669,596.208
601.656,351.577,721.193
604.744,472.701,469.312
604.875,474.609,594.297
605.005,476.517,719.282
723.001,219.469,473.054
723.131,221.377,598.04
723.262,223.285,723.025
726.35,344.41,471.143
726.481,346.318,596.129
726.611,348.226,721.114
729.7,469.35,469.232
729.83,471.258,594.218
729.96,473.166,719.203
476.207,225.972,599.218
477.46,227.368,724.204
478.712,228.763,849.19
474.968,350.958,597.834
476.22,352.354,722.82
477.472,353.75,847.806
473.728,475.944,596.451
474.981,477.34,721.437
476.233,478.736,846.423
601.195,227.197,597.952
602.447,228.593,722.938
603.7,229.989,847.924
599.955,352.184,596.568
601.208,353.579,721.554
602.46,354.975,846.54
598.716,477.17,595.185
599.968,478.566,720.171
601.22,479.961,845.157
726.183,228.423,596.686
727.435,229.819,721.672
728.687,231.215,846.658
724.943,353.409,595.302
726.195,354.805,720.288
727.448,356.201,845.274
723.703,478.395,593.919
724.956,479.791,718.905
726.208,481.187,843.891
473.083,348.902,101.776
473.069,349.593,226.774
473.055,350.284,351.772
469.857,473.858,101.085
469.842,474.549,226.083
469.828,475.24,351.081
466.63,598.815,100.394
466.616,599.506,225.392
466.602,600.196,350.39
598.042,352.128,101.773
598.027,352.819,226.771
598.013,353.51,351.769
594.815,477.085,101.082
594.801,477.776,226.08
594.786,478.467,351.078
591.589,602.041,100.391
591.574,602.732,225.389
591.56,603.423,350.387
723,355.355,101.769
722.986,356.046,226.767
722.971,356.737,351.765
719.773,480.311,101.078
719.759,481.002,226.076
719.745,481.693,351.074
716.547,605.268,100.387
716.533,605.959,225.385
716.518,606.65,350.383
476.862,350.288,223.832
478.058,348.504,348.814
479.255,346.72,473.795
479.802,475.241,225.587
480.998,473.457,350.569
482.194,471.673,475.55
482.742,600.194,227.343
483.938,598.41,352.324
485.134,596.626,477.306
601.822,347.365,222.595
603.018,345.581,347.576
604.214,343.798,472.558
604.762,472.318,224.35
605.958,470.534,349.331
607.154,468.751,474.313
607.702,597.271,226.105
608.898,595.487,351.087
610.094,593.704,476.068
726.782,344.442,221.357
727.978,342.659,346.339
729.174,340.875,471.32
729.722,469.395,223.112
730.918,467.612,348.094
732.114,465.828,473.075
732.662,594.349,224.868
733.858,592.565,349.849
735.054,590.781,474.831
473.358,348.086,350.375
474.567,351.17,475.331
475.776,354.254,600.287
473.956,473.047,347.285
475.165,476.131,472.241
476.375,479.214,597.197
474.555,598.007,344.195
475.764,601.091,469.151
476.973,604.175,594.107
598.351,347.458,349.181
599.56,350.542,474.137
600.769,353.626,599.093
598.949,472.419,346.091
600.158,475.503,471.047
601.367,478.586,596.003
599.547,597.379,343.001
600.756,600.463,467.957
601.966,603.547,592.913
723.344,346.831,347.987
724.553,349.914,472.943
725.762,352.998,597.899
723.942,471.791,344.897
725.151,474.875,469.853
726.36,477.959,594.809
724.54,596.751,341.807
725.749,599.835,466.763
726.958,602.919,591.719
474.905,350.369,475.729
474.657,347.046,600.685
474.408,343.723,725.641
472.692,475.305,479.048
472.443,471.982,604.003
472.195,468.659,728.959
470.478,600.242,482.366
470.23,596.918,607.321
469.981,593.595,732.277
599.886,352.575,476.037
599.637,349.252,600.992
599.388,345.929,725.948
597.672,477.511,479.355
597.424,474.188,604.31
597.175,470.865,729.266
595.459,602.448,482.673
595.21,599.125,607.629
594.961,595.802,732.584
724.866,354.781,476.344
724.617,351.458,601.3
724.369,348.135,726.255
722.652,479.717,479.662
722.404,476.394,604.618
722.155,473.071,729.573
720.439,604.654,482.98
720.19,601.331,607.936
719.942,598.008,732.891
476.314,348.723,598.305
472.942,350.573,723.246
469.571,352.422,848.187
477.052,473.707,596.474
473.68,475.557,721.415
470.308,477.407,846.356
477.79,598.692,594.644
474.418,600.542,719.585
471.046,602.391,844.526
601.267,348.035,601.687
597.895,349.885,726.628
594.523,351.734,851.569
602.004,473.019,599.857
598.633,474.869,724.798
595.261,476.719,849.738
602.742,598.004,598.026
599.37,599.854,722.967
595.998,601.703,847.908
726.219,347.347,605.07
722.847,349.197,730.01
719.475,351.046,854.951
726.957,472.331,603.239
723.585,474.181,728.18
720.213,476.031,853.121
727.694,597.316,601.409
724.323,599.165,726.349
720.951,601.015,851.29
476.7,475.689,99.0446
474.115,479.164,223.97
471.53,482.639,348.895
475.245,600.632,95.5389
472.66,604.107,220.464
470.075,607.582,345.389
473.79,725.574,92.0332
471.205,729.049,216.958
468.62,732.524,341.883
601.665,477.216,101.588
599.08,480.691,226.513
596.494,484.166,351.438
600.21,602.158,98.0826
597.625,605.633,223.007
595.039,609.108,347.932
598.755,727.1,94.5768
596.17,730.576,219.502
593.584,734.051,344.427
726.63,478.742,104.132
724.044,482.218,229.057
721.459,485.693,353.982
725.175,603.685,100.626
722.589,607.16,225.551
720.004,610.635,350.476
723.72,728.627,97.1205
721.134,732.102,222.045
718.549,735.577,346.97
476.667,476.06,225.673
480.384,477.239,350.613
484.101,478.419,475.552
477.239,601.053,224.476
480.956,602.232,349.415
484.673,603.412,474.355
477.811,726.046,223.279
481.528,727.225,348.218
485.244,728.405,473.158
601.611,475.453,221.962
605.328,476.632,346.901
609.045,477.812,471.84
602.182,600.446,220.765
605.899,601.625,345.704
609.616,602.805,470.643
602.754,725.439,219.568
606.471,726.618,344.507
610.188,727.798,469.446
726.554,474.846,218.251
730.271,476.025,343.19
733.988,477.205,468.129
727.126,599.839,217.054
730.843,601.018,341.993
734.56,602.198,466.932
727.698,724.832,215.857
731.414,726.011,340.796
735.131,727.191,465.735
474.865,473.044,351.216
478.519,475.266,476.143
482.173,477.488,601.07
475.005,598.024,348.989
478.658,600.246,473.916
482.312,602.469,598.843
475.144,723.004,346.762
478.797,725.226,471.689
482.451,727.449,596.615
599.812,472.84,347.566
603.465,475.062,472.493
607.119,477.284,597.419
599.951,597.82,345.338
603.605,600.042,470.265
607.258,602.264,595.192
600.09,722.8,343.111
603.744,725.022,468.038
607.398,727.244,592.965
724.758,472.635,343.915
728.412,474.858,468.842
732.066,477.08,593.769
724.898,597.615,341.688
728.551,599.838,466.615
732.205,602.06,591.542
725.037,722.596,339.461
728.69,724.818,464.387
732.344,727.04,589.314
475.266,474.195,476.473
472.914,476.352,601.432
470.563,478.509,726.391
475.791,599.175,474.325
473.439,601.332,599.284
471.088,603.49,724.244
476.316,724.156,472.177
473.964,726.313,597.137
471.613,728.47,722.096
600.243,473.71,478.833
597.891,475.868,603.792
595.54,478.025,728.752
600.768,598.691,476.685
598.416,600.848,601.645
596.064,603.005,726.604
601.293,723.671,474.538
598.941,725.829,599.497
596.589,727.986,724.456
725.22,473.226,481.193
722.868,475.383,606.153
720.516,477.541,731.112
725.744,598.207,479.046
723.393,600.364,604.005
721.041,602.521,728.964
726.269,723.187,476.898
723.918,725.344,601.857
721.566,727.501,726.816
475.473,474.664,600.329
474.537,473.045,725.315
473.601,471.426,850.301
472.704,599.623,601.926
471.768,598.004,726.912
470.832,596.385,851.898
469.935,724.582,603.524
468.998,722.963,728.51
468.062,721.344,853.496
600.439,477.421,601.3
599.503,475.802,726.286
598.567,474.183,851.272
597.67,602.38,602.898
596.734,600.761,727.884
595.797,599.142,852.87
594.9,727.339,604.496
593.964,725.72,729.482
593.028,724.102,854.468
725.405,480.178,602.272
724.469,478.559,727.258
723.533,476.94,852.244
722.636,605.137,603.87
721.699,603.518,728.856
720.763,601.9,853.842
719.866,730.096,605.467
718.93,728.477,730.453
717.994,726.859,855.439
476.945,599.997,101.927
479.899,596.626,226.847
482.852,593.254,351.767
479.292,724.931,105.244
482.245,721.56,230.163
485.199,718.188,355.083
481.638,849.865,108.56
484.592,846.494,233.48
487.545,843.122,358.4
601.888,597.73,98.9123
604.842,594.359,223.832
607.795,590.987,348.752
604.235,722.664,102.229
607.188,719.293,227.148
610.142,715.921,352.068
606.582,847.598,105.545
609.535,844.227,230.465
612.488,840.855,355.384
726.831,595.464,95.8972
729.785,592.092,220.817
732.738,588.721,345.736
729.178,720.398,99.2136
732.131,717.026,224.133
735.085,713.655,349.053
731.525,845.332,102.53
734.478,841.96,227.45
737.431,838.589,352.369
475.038,600.212,226.224
477.263,602.555,351.182
479.488,604.897,476.14
476.601,725.18,223.853
478.826,727.522,348.811
481.051,729.865,473.769
478.164,850.147,221.482
480.389,852.49,346.44
482.614,854.833,471.399
600.009,598.607,224.028
602.234,600.95,348.987
604.459,603.293,473.945
601.572,723.575,221.658
603.797,725.918,346.616
606.021,728.261,471.574
603.134,848.543,219.287
605.359,850.886,344.245
607.584,853.228,469.203
724.979,597.003,221.833
727.204,599.346,346.792
729.429,601.688,471.75
726.542,721.971,219.463
728.767,724.313,344.421
730.992,726.656,469.379
728.105,846.938,217.092
730.33,849.281,342.05
732.555,851.624,467.008
474.924,601.526,350.338
473.838,598.92,475.306
472.752,596.314,600.274
472.346,726.473,352.922
471.26,723.867,477.89
470.173,721.26,602.858
469.767,851.42,355.505
468.681,848.813,480.473
467.595,846.207,605.441
599.893,604.082,351.478
598.807,601.475,476.446
597.72,598.869,601.414
597.315,729.028,354.061
596.228,726.422,479.029
595.142,723.816,603.997
594.736,853.975,356.645
593.65,851.369,481.613
592.564,848.762,606.581
724.862,606.637,352.617
723.775,604.031,477.585
722.689,601.424,602.553
722.283,731.584,355.201
721.197,728.977,480.169
720.111,726.371,605.137
719.705,856.53,357.784
718.618,853.924,482.752
717.532,851.318,607.72
476.952,601.886,474.744
478.94,598.138,599.672
480.929,594.391,724.6
479.674,726.802,478.448
481.662,723.054,603.376
483.651,719.306,728.304
482.396,851.717,482.153
484.384,847.969,607.081
486.373,844.221,732.008
601.906,599.225,472.675
603.895,595.477,597.603
605.884,591.729,722.531
604.628,724.14,476.379
606.617,720.392,601.307
608.606,716.644,726.235
607.35,849.056,480.084
609.339,845.308,605.012
611.328,841.56,729.939
726.861,596.563,470.606
728.849,592.815,595.534
730.838,589.067,720.462
729.583,721.479,474.31
731.571,717.731,599.238
733.56,713.983,724.166
732.305,846.394,478.015
734.293,842.646,602.942
736.282,838.898,727.87
475.412,601.836,598.644
478.337,599.469,723.588
481.262,597.102,848.531
477.939,726.789,600.952
480.863,724.422,725.896
483.788,722.055,850.839
480.465,851.743,603.261
483.389,849.376,728.204
486.314,847.009,853.147
600.353,599.365,595.673
603.277,596.998,720.616
606.202,594.631,845.56
602.879,724.318,597.981
605.803,721.951,722.924
608.728,719.584,847.868
605.405,849.272,600.289
608.33,846.905,725.233
611.254,844.537,850.176
725.293,596.894,592.702
728.217,594.527,717.645
731.142,592.16,842.588
727.819,721.847,595.01
730.744,719.48,719.953
733.668,717.113,844.897
730.345,846.801,597.318
733.27,844.433,722.261
736.194,842.066,847.205
601.922,101.809,98.4521
602.063,100.267,223.443
602.205,98.7257,348.433
604.692,226.769,99.9903
604.834,225.227,224.981
604.975,223.686,349.971
607.463,351.729,101.528
607.604,350.187,226.519
607.745,348.645,351.509
726.891,99.0408,98.2765
727.032,97.4991,223.267
727.174,95.9573,348.257
729.661,224.001,99.8147
729.803,222.459,224.805
729.944,220.917,349.796
732.432,348.96,101.353
732.573,347.419,226.343
732.715,345.877,351.334
851.86,96.2724,98.101
852.002,94.7307,223.091
852.143,93.189,348.082
854.631,221.232,99.6392
854.772,219.691,224.63
854.913,218.149,349.62
857.401,346.192,101.177
857.542,344.65,226.168
857.684,343.109,351.158
598.524,100.982,223.284
599.783,101.325,348.277
601.041,101.669,473.271
598.748,225.981,222.939
600.006,226.325,347.932
601.265,226.668,472.925
598.971,350.981,222.593
600.23,351.324,347.586
601.488,351.667,472.579
723.518,100.755,222.026
724.776,101.098,347.02
726.035,101.442,472.013
723.741,225.754,221.681
725,226.098,346.674
726.258,226.441,471.667
723.965,350.753,221.335
725.223,351.097,346.328
726.482,351.44,471.321
848.511,100.528,220.769
849.77,100.871,345.762
851.028,101.215,470.755
848.735,225.527,220.423
849.993,225.87,345.416
851.252,226.214,470.409
848.958,350.526,220.077
850.217,350.87,345.07
851.475,351.213,470.064
598.978,99.1705,350.228
596.496,99.9238,475.201
594.014,100.677,600.174
596.132,224.135,349.418
593.65,224.889,474.391
591.168,225.642,599.364
593.286,349.1,348.608
590.804,349.854,473.581
588.322,350.607,598.554
723.921,102.032,352.692
721.439,102.786,477.665
718.957,103.539,602.638
721.075,226.997,351.882
718.593,227.751,476.855
716.111,228.504,601.828
718.229,351.962,351.072
715.747,352.716,476.045
713.264,353.469,601.018
848.864,104.894,355.156
846.382,105.647,480.129
843.9,106.401,605.102
846.018,229.859,354.346
843.536,230.612,479.319
841.054,231.366,604.292
843.172,354.824,353.537
840.689,355.577,478.51
838.207,356.331,603.483
601.982,99.9397,476.346
602.905,100.08,601.343
603.827,100.221,726.339
604.087,224.922,476.19
605.01,225.063,601.186
605.932,225.203,726.183
606.192,349.904,476.034
607.115,350.045,601.03
608.037,350.185,726.027
726.961,97.8336,475.426
727.884,97.9742,600.423
728.806,98.1148,725.419
729.066,222.816,475.27
729.989,222.956,600.266
730.911,223.097,725.263
731.171,347.798,475.114
732.094,347.939,600.11
733.016,348.079,725.107
851.94,95.7274,474.506
852.863,95.8681,599.502
853.785,96.0087,724.499
854.045,220.71,474.35
854.968,220.85,599.346
855.89,220.991,724.343
856.15,345.692,474.194
857.073,345.832,599.19
857.995,345.973,724.187
598.995,99.8133,598.358
602.366,103.256,723.265
605.737,106.698,848.173
596.412,224.741,594.985
599.783,228.183,719.892
603.154,231.626,844.799
593.83,349.669,591.612
597.201,353.111,716.519
600.572,356.553,841.426
723.923,102.303,594.918
727.294,105.745,719.825
730.665,109.187,844.732
721.34,227.231,591.545
724.711,230.673,716.452
728.082,234.115,841.359
718.758,352.159,588.172
722.129,355.601,713.079
725.5,359.043,837.986
848.851,104.793,591.478
852.222,108.235,716.385
855.593,111.677,841.292
846.268,229.72,588.105
849.639,233.163,713.012
853.01,236.605,837.919
843.686,354.648,584.732
847.057,358.09,709.639
850.428,361.533,834.546
601.863,225.8,99.6266
599.183,228.356,224.572
596.503,230.912,349.517
604.969,350.737,97.1372
602.289,353.293,222.082
599.609,355.849,347.027
608.074,475.673,94.6477
605.394,478.229,219.593
602.714,480.786,344.538
726.796,222.749,102.369
724.116,225.305,227.314
721.436,227.862,352.259
729.901,347.686,99.8793
727.221,350.242,224.824
724.541,352.798,349.77
733.007,472.623,97.3898
730.327,475.179,222.335
727.647,477.735,347.28
851.729,219.699,105.111
849.049,222.255,230.056
846.369,224.811,355.001
854.834,344.635,102.621
852.154,347.191,227.566
849.474,349.748,352.512
857.939,469.572,100.132
855.259,472.128,225.077
852.579,474.684,350.022
600.223,226.428,225.22
596.815,228.402,350.158
593.408,230.377,475.096
598.983,351.405,223.211
595.576,353.38,348.149
592.168,355.355,473.087
597.743,476.383,221.202
594.336,478.358,346.14
590.929,480.332,471.078
725.17,227.722,228.608
721.763,229.696,353.546
718.355,231.671,478.484
723.931,352.699,226.599
720.523,354.674,351.536
717.116,356.649,476.474
722.691,477.677,224.589
719.283,479.652,349.527
715.876,481.626,474.465
850.118,229.016,231.995
846.71,230.99,356.933
843.303,232.965,481.871
848.878,353.993,229.986
845.471,355.968,354.924
842.063,357.943,479.862
847.638,478.971,227.977
844.231,480.946,352.915
840.823,482.92,477.853
600.056,223.387,351.658
600.548,227.059,476.603
601.04,230.731,601.548
601.256,348.327,347.982
601.748,351.999,472.927
602.24,355.671,597.872
602.455,473.267,344.305
602.947,476.94,469.25
603.439,480.612,594.195
725.049,222.174,351.202
725.541,225.846,476.147
726.033,229.518,601.092
726.249,347.114,347.525
726.741,350.786,472.47
727.233,354.458,597.415
727.449,472.054,343.848
727.941,475.726,468.794
728.433,479.398,593.739
850.043,220.96,350.745
850.535,224.632,475.69
851.027,228.304,600.635
851.242,345.9,347.069
851.734,349.572,472.014
852.226,353.244,596.959
852.442,470.84,343.392
852.934,474.512,468.337
853.426,478.184,593.282
601.696,224.805,474.931
604.865,226.621,599.878
608.034,228.437,724.825
601.886,349.792,473.11
605.055,351.608,598.057
608.224,353.423,723.004
602.076,474.779,471.289
605.245,476.594,596.236
608.414,478.41,721.183
726.656,224.57,471.765
729.825,226.385,596.712
732.994,228.201,721.659
726.846,349.556,469.944
730.015,351.372,594.891
733.184,353.187,719.838
727.036,474.543,468.123
730.205,476.358,593.07
733.374,478.174,718.017
851.616,224.334,468.6
854.785,226.149,593.546
857.954,227.965,718.493
851.805,349.32,466.779
854.974,351.136,591.725
858.143,352.952,716.672
851.995,474.307,464.958
855.164,476.122,589.904
858.333,477.938,714.851
600.389,225.917,601.392
598.545,227.919,726.362
596.7,229.92,851.332
602.383,350.886,599.42
600.538,352.887,724.39
598.694,354.889,849.36
604.376,475.854,597.447
602.532,477.856,722.418
600.687,479.857,847.388
725.359,223.953,603.267
723.515,225.955,728.238
721.671,227.956,853.208
727.353,348.922,601.295
725.509,350.923,726.266
723.664,352.925,851.236
729.347,473.89,599.323
727.502,475.892,724.294
725.658,477.893,849.264
850.33,221.989,605.143
848.486,223.991,730.114
846.641,225.992,855.084
852.324,346.958,603.171
850.479,348.959,728.141
848.635,350.961,853.112
854.317,471.926,601.199
852.473,473.928,726.169
850.628,475.929,851.14
599.892,349.97,98.0257
601.367,351.062,223.012
602.841,352.155,347.999
600.641,474.962,96.9238
602.116,476.055,221.91
603.59,477.148,346.897
601.39,599.955,95.822
602.865,601.048,220.808
604.339,602.141,345.795
724.881,349.207,96.5579
726.356,350.3,221.544
727.83,351.393,346.531
725.63,474.2,95.456
727.105,475.293,220.443
728.579,476.386,345.429
726.38,599.193,94.3541
727.854,600.286,219.341
729.328,601.379,344.327
849.87,348.445,95.0901
851.345,349.538,220.077
852.819,350.631,345.063
850.619,473.438,93.9882
852.094,474.531,218.975
853.568,475.624,343.961
851.369,598.431,92.8863
852.843,599.524,217.873
854.318,600.617,342.859
598.19,349.133,224.683
596.156,347.776,349.659
594.122,346.418,474.635
599.699,474.117,226.065
597.665,472.759,351.041
595.631,471.401,476.017
601.208,599.1,227.448
599.173,597.742,352.424
597.139,596.384,477.4
723.165,347.602,226.7
721.13,346.245,351.677
719.096,344.887,476.653
724.673,472.586,228.083
722.639,471.228,353.059
720.605,469.87,478.035
726.182,597.569,229.465
724.148,596.211,354.441
722.114,594.853,479.417
848.139,346.072,228.718
846.105,344.714,353.694
844.071,343.356,478.67
849.648,471.055,230.1
847.613,469.697,355.076
845.579,468.339,480.052
851.156,596.038,231.483
849.122,594.68,356.459
847.088,593.323,481.435
599.731,351.971,351.456
598.529,353.468,476.442
597.327,354.965,601.427
602.064,476.94,349.982
600.862,478.437,474.967
599.661,479.934,599.953
604.397,601.91,348.508
603.195,603.407,473.493
601.994,604.904,598.478
724.704,349.652,352.686
723.502,351.149,477.671
722.3,352.646,602.657
727.037,474.622,351.212
725.835,476.119,476.197
724.633,477.616,601.182
729.37,599.591,349.737
728.168,601.088,474.722
726.966,602.585,599.708
849.676,347.334,353.916
848.474,348.831,478.901
847.272,350.328,603.886
852.009,472.303,352.441
850.807,473.8,477.426
849.605,475.297,602.412
854.342,597.273,350.967
853.14,598.77,475.952
851.938,600.267,600.937
598.929,348.68,475.808
597.182,348.828,600.796
595.435,348.975,725.784
599.534,473.679,475.669
597.787,473.826,600.657
596.04,473.973,725.645
600.139,598.677,475.53
598.392,598.825,600.518
596.645,598.972,725.506
723.915,348.077,477.556
722.168,348.225,602.544
720.421,348.372,727.531
724.52,473.076,477.417
722.773,473.223,602.405
721.026,473.37,727.392
725.125,598.074,477.278
723.378,598.222,602.266
721.631,598.369,727.254
848.901,347.474,479.304
847.154,347.622,604.291
845.407,347.769,729.279
849.506,472.473,479.165
847.759,472.62,604.152
846.012,472.767,729.14
850.112,597.471,479.026
848.364,597.618,604.014
846.617,597.766,729.001
599.999,349.007,600.709
597.023,348.35,725.672
594.046,347.693,850.635
596.337,473.952,601.279
593.361,473.295,726.242
590.384,472.638,851.204
592.676,598.897,601.848
589.699,598.24,726.811
586.722,597.583,851.774
724.91,352.654,603.704
721.934,351.997,728.667
718.957,351.34,853.629
721.248,477.599,604.273
718.272,476.942,729.236
715.295,476.285,854.199
717.586,602.544,604.843
714.61,601.887,729.806
711.633,601.23,854.769
849.821,356.301,606.698
846.845,355.644,731.661
843.868,354.987,856.624
846.159,481.246,607.268
843.183,480.589,732.231
840.206,479.932,857.194
842.497,606.191,607.838
839.521,605.534,732.8
836.544,604.877,857.763
600.645,474.797,100.825
603.549,475.356,225.79
606.453,475.916,350.755
599.449,599.79,100.293
602.353,600.35,225.258
605.257,600.909,350.223
598.253,724.783,99.7604
601.157,725.343,224.725
604.061,725.903,349.69
725.605,475.98,97.9155
728.509,476.539,222.88
731.413,477.099,347.845
724.41,600.973,97.3834
727.314,601.533,222.348
730.218,602.092,347.313
723.214,725.966,96.8513
726.118,726.526,221.816
729.022,727.086,346.781
850.566,477.163,95.0063
853.47,477.722,219.971
856.374,478.282,344.936
849.37,602.156,94.4743
852.274,602.716,219.439
855.178,603.275,344.404
848.175,727.149,93.9422
851.078,727.709,218.907
853.982,728.269,343.872
600.56,475.411,225.473
604.14,474.638,350.42
607.719,473.865,475.366
597.002,600.357,226.348
600.581,599.584,351.295
604.16,598.811,476.241
593.443,725.304,227.224
597.022,724.531,352.17
600.601,723.757,477.116
725.459,478.994,221.918
729.038,478.22,346.864
732.617,477.447,471.81
721.9,603.94,222.793
725.479,603.167,347.739
729.058,602.393,472.685
718.341,728.886,223.668
721.92,728.113,348.614
725.499,727.34,473.561
850.357,482.576,218.362
853.936,481.803,343.308
857.515,481.03,468.255
846.798,607.522,219.237
850.377,606.749,344.183
853.956,605.976,469.13
843.239,732.468,220.112
846.818,731.695,345.059
850.397,730.922,470.005
600.544,476.054,351.848
603.417,474.812,476.809
606.289,473.57,601.77
603.862,601.004,353.014
606.734,599.762,477.975
609.606,598.521,602.935
607.179,725.955,354.179
610.051,724.713,479.14
612.924,723.471,604.101
725.467,472.764,348.944
728.34,471.522,473.905
731.212,470.281,598.866
728.785,597.715,350.11
731.657,596.473,475.07
734.529,595.231,600.031
732.102,722.665,351.275
734.974,721.424,476.236
737.847,720.182,601.197
850.39,469.475,346.04
853.263,468.233,471.001
856.135,466.991,595.962
853.708,594.425,347.205
856.58,593.184,472.166
859.452,591.942,597.127
857.025,719.376,348.371
859.897,718.134,473.332
862.769,716.893,598.292
601.677,474.402,474.377
597.949,473.167,599.316
594.22,471.932,724.254
600.792,599.393,475.586
597.064,598.158,600.525
593.335,596.923,725.463
599.907,724.384,476.796
596.179,723.149,601.734
592.45,721.914,726.672
726.618,475.25,478.114
722.89,474.015,603.052
719.162,472.78,727.991
725.733,600.241,479.323
722.005,599.006,604.261
718.277,597.771,729.2
724.848,725.232,480.532
721.12,723.997,605.471
717.392,722.762,730.409
851.559,476.099,481.851
847.831,474.864,606.789
844.103,473.629,731.727
850.674,601.09,483.06
846.946,599.855,607.998
843.218,598.62,732.937
849.789,726.081,484.269
846.061,724.846,609.207
842.333,723.611,734.146
599.323,473.672,601.586
599.429,476.248,726.56
599.535,478.824,851.533
599.63,598.645,599.01
599.736,601.221,723.984
599.842,603.797,848.957
599.937,723.618,596.434
600.043,726.194,721.408
600.149,728.77,846.381
724.323,473.363,601.487
724.429,475.939,726.46
724.535,478.515,851.434
724.63,598.337,598.911
724.736,600.912,723.884
724.842,603.488,848.857
724.936,723.31,596.335
725.042,725.885,721.308
725.148,728.461,846.281
849.322,473.055,601.387
849.429,475.63,726.36
849.535,478.206,851.334
849.629,598.028,598.811
849.735,600.604,723.784
849.841,603.179,848.758
849.936,723.001,596.235
850.042,725.577,721.208
850.148,728.152,846.182
599.651,598.387,98.6844
600.567,599.408,223.677
601.484,600.429,348.669
603.292,723.33,97.6371
604.209,724.351,222.63
605.126,725.372,347.622
606.933,848.273,96.5899
607.85,849.294,221.582
608.767,850.315,346.575
724.594,594.739,97.7978
725.511,595.76,222.79
726.428,596.78,347.783
728.236,719.681,96.7505
729.152,720.702,221.743
730.069,721.723,346.735
731.877,844.624,95.7033
732.794,845.645,220.696
733.711,846.666,345.688
849.538,591.09,96.9112
850.454,592.111,221.904
851.371,593.132,346.896
853.179,716.032,95.8639
854.096,717.053,220.856
855.013,718.074,345.849
856.821,840.975,94.8167
857.737,841.996,219.809
858.654,843.017,344.802
600.203,601.388,225.765
597.005,599.688,350.712
593.808,597.987,475.66
602.605,726.353,227.527
599.407,724.652,352.474
596.21,722.952,477.422
605.007,851.317,229.289
601.809,849.617,354.236
598.611,847.916,479.184
725.139,598.942,228.929
721.941,597.242,353.876
718.744,595.541,478.824
727.541,723.906,230.691
724.343,722.206,355.638
721.146,720.506,480.586
729.943,848.871,232.453
726.745,847.171,357.4
723.547,845.47,482.348
850.075,596.496,232.093
846.877,594.796,357.04
843.68,593.095,481.988
852.477,721.46,233.855
849.279,719.76,358.803
846.082,718.06,483.75
854.879,846.425,235.617
851.681,844.725,360.565
848.483,843.024,485.512
600.454,598.586,350.738
596.941,599.354,475.686
593.427,600.121,600.634
596.903,723.532,349.87
593.39,724.3,474.819
589.877,725.068,599.767
593.352,848.479,349.003
589.839,849.247,473.951
586.326,850.014,598.899
725.354,602.16,354.228
721.841,602.927,479.176
718.328,603.695,604.124
721.803,727.106,353.36
718.29,727.874,478.308
714.777,728.642,603.257
718.252,852.053,352.493
714.739,852.82,477.441
711.226,853.588,602.389
850.254,605.733,357.717
846.741,606.501,482.666
843.228,607.269,607.614
846.703,730.68,356.85
843.19,731.448,481.798
839.677,732.215,606.746
843.152,855.627,355.982
839.639,856.394,480.931
836.126,857.162,605.879
601.206,600.441,473.128
598.924,599.486,598.104
596.641,598.531,723.079
600.155,725.433,474.064
597.872,724.478,599.039
595.59,723.523,724.015
599.103,850.425,474.999
596.821,849.47,599.975
594.539,848.515,724.95
726.181,601.475,475.419
723.898,600.52,600.394
721.616,599.565,725.37
725.13,726.467,476.354
722.847,725.512,601.33
720.565,724.557,726.305
724.078,851.459,477.29
721.796,850.504,602.265
719.513,849.55,727.241
851.156,602.509,477.709
848.873,601.554,602.684
846.591,600.599,727.66
850.104,727.501,478.644
847.822,726.546,603.62
845.539,725.592,728.595
849.053,852.493,479.58
846.771,851.538,604.556
844.488,850.584,729.531
600.269,601.26,598.519
602.222,598.985,723.483
604.175,596.709,848.447
603.98,726.186,600.735
605.932,723.91,725.699
607.885,721.635,850.663
607.69,851.111,602.952
609.643,848.835,727.916
611.596,846.56,852.88
725.198,597.585,596.499
727.151,595.31,721.463
729.104,593.034,846.427
728.909,722.511,598.716
730.862,720.235,723.68
732.815,717.96,848.644
732.62,847.436,600.933
734.573,845.16,725.897
736.526,842.885,850.861
850.128,593.91,594.48
852.081,591.635,719.444
854.034,589.359,844.408
853.839,718.836,596.697
855.792,716.56,721.661
857.745,714.285,846.625
857.55,843.761,598.914
859.502,841.485,723.878
861.455,839.21,848.842
