27,125,pa2-debug-b-output1.txt
191.297,209.651,190.456
397.375,391.784,199.976
100.816,100.377,100.989
104.569,103.378,225.897
108.322,106.379,350.805
102.829,225.323,97.9268
106.583,228.324,222.834
110.336,231.325,347.742
104.843,350.269,94.8642
108.596,353.27,219.772
112.349,356.271,344.679
225.743,98.2726,97.2863
229.496,101.274,222.194
233.25,104.275,347.101
227.757,223.219,94.2237
231.51,226.22,219.131
235.263,229.221,344.039
229.77,348.165,91.1611
233.524,351.166,216.069
237.277,354.167,340.976
350.671,96.1686,93.5831
354.424,99.1697,218.491
358.177,102.171,343.398
352.684,221.115,90.5205
356.437,224.116,215.428
360.191,227.117,340.336
354.698,346.061,87.4579
358.451,349.062,212.365
362.204,352.063,337.273
100.636,101.251,226.469
103.043,99.4897,351.433
105.45,97.7282,476.398
102.238,226.229,228.2
104.645,224.467,353.164
107.052,222.706,478.129
103.839,351.207,229.931
106.246,349.445,354.895
108.653,347.684,479.86
225.603,99.6838,224.04
228.01,97.9222,349.004
230.417,96.1607,473.968
227.204,224.662,225.771
229.611,222.9,350.735
232.018,221.138,475.699
228.805,349.639,227.502
231.213,347.878,352.466
233.62,346.116,477.43
350.569,98.1163,221.61
352.977,96.3547,346.575
355.384,94.5932,471.539
352.171,223.094,223.341
354.578,221.333,348.306
356.985,219.571,473.27
353.772,348.072,225.072
356.179,346.31,350.037
358.586,344.549,475.001
98.4942,99.2076,350.77
96.63,95.5215,475.701
94.7657,91.8354,600.633
95.3856,224.116,354.409
93.5213,220.43,479.34
91.6571,216.744,604.272
92.2769,349.024,358.048
90.4127,345.338,482.979
88.5484,341.652,607.911
223.442,102.26,352.724
221.577,98.5742,477.656
219.713,94.8881,602.588
220.333,227.169,356.363
218.469,223.482,481.295
216.605,219.796,606.227
217.224,352.077,360.002
215.36,348.391,484.934
213.496,344.705,609.866
348.389,105.313,354.679
346.525,101.627,479.611
344.661,97.9407,604.542
345.28,230.221,358.318
343.416,226.535,483.25
341.552,222.849,608.181
342.172,355.13,361.957
340.308,351.444,486.889
338.443,347.757,611.82
98.3275,101.565,476.728
95.6591,103.409,601.686
92.9908,105.253,726.643
99.2528,226.548,474.903
96.5844,228.392,599.861
93.916,230.236,724.819
100.178,351.531,473.078
97.5097,353.376,598.036
94.8413,355.22,722.994
223.296,100.679,479.409
220.627,102.523,604.367
217.959,104.367,729.325
224.221,225.662,477.585
221.553,227.506,602.543
218.884,229.35,727.5
225.146,350.645,475.76
222.478,352.49,600.718
219.809,354.334,725.676
348.264,99.7929,482.091
345.595,101.637,607.049
342.927,103.481,732.007
349.189,224.776,480.266
346.521,226.62,605.224
343.852,228.464,730.182
350.114,349.759,478.442
347.446,351.604,603.399
344.777,353.448,728.357
101.143,99.8183,598.101
103.231,96.5356,723.04
105.318,93.2528,847.98
97.6804,224.726,601.441
99.7679,221.443,726.38
101.855,218.16,851.319
94.2175,349.633,604.78
96.305,346.35,729.72
98.3925,343.068,854.659
226.078,103.335,596.106
228.165,100.053,721.045
230.253,96.7699,845.985
222.615,228.243,599.446
224.702,224.96,724.385
226.79,221.677,849.324
219.152,353.15,602.785
221.24,349.867,727.725
223.327,346.585,852.664
351.013,106.852,594.111
353.1,103.57,719.05
355.188,100.287,843.99
347.55,231.76,597.451
349.637,228.477,722.39
351.725,225.194,847.329
344.087,356.667,600.79
346.174,353.384,725.73
348.262,350.102,850.669
101.217,226.119,98.2665
99.6775,224.316,223.244
98.1379,222.513,348.222
102.017,351.104,100.08
100.477,349.3,225.057
98.9374,347.497,350.035
102.816,476.088,101.893
101.277,474.285,226.87
99.737,472.482,351.848
226.205,225.298,99.7944
224.665,223.494,224.772
223.126,221.691,349.749
227.005,350.282,101.607
225.465,348.479,226.585
223.925,346.676,351.563
227.804,475.266,103.421
226.265,473.463,228.398
224.725,471.66,353.376
351.193,224.476,101.322
349.653,222.673,226.3
348.114,220.87,351.277
351.993,349.46,103.135
350.453,347.657,228.113
348.913,345.854,353.09
352.792,474.444,104.948
351.253,472.641,229.926
349.713,470.838,354.904
100.606,226.632,224.36
102.875,223.437,349.299
105.144,220.243,474.237
101.91,351.585,227.531
104.179,348.39,352.47
106.447,345.196,477.409
103.213,476.538,230.703
105.482,473.343,355.641
107.751,470.148,480.58
225.579,225.387,222.059
227.848,222.192,346.997
230.117,218.997,471.936
226.882,350.34,225.23
229.151,347.145,350.169
231.42,343.95,475.107
228.186,475.293,228.402
230.455,472.098,353.34
232.723,468.903,478.279
350.552,224.142,219.758
352.82,220.947,344.696
355.089,217.752,469.635
351.855,349.094,222.929
354.124,345.9,347.868
356.393,342.705,472.806
353.159,474.047,226.1
355.427,470.853,351.039
357.696,467.658,475.978
100.413,224.735,348.404
103.615,221.241,473.314
106.817,217.746,598.224
103.559,349.649,351.818
106.761,346.154,476.728
109.963,342.66,601.638
106.704,474.563,355.232
109.906,471.068,480.142
113.108,467.574,605.052
225.332,221.68,345.116
228.535,218.185,470.026
231.737,214.69,594.936
228.478,346.593,348.53
231.68,343.099,473.44
234.882,339.604,598.35
231.623,471.507,351.944
234.825,468.013,476.854
238.028,464.518,601.764
350.252,218.624,341.828
353.454,215.129,466.738
356.656,211.635,591.648
353.397,343.538,345.242
356.599,340.043,470.152
359.801,336.548,595.062
356.543,468.451,348.656
359.745,464.957,473.566
362.947,461.462,598.476
101.836,223.801,473.707
98.3118,222.312,598.649
94.7878,220.823,723.59
104.896,348.753,475.282
101.372,347.265,600.224
97.8482,345.776,725.165
107.957,473.706,476.858
104.433,472.217,601.799
100.909,470.729,726.74
226.749,220.697,477.193
223.225,219.209,602.135
219.701,217.72,727.076
229.809,345.65,478.769
226.285,344.161,603.71
222.761,342.673,728.651
232.869,470.603,480.344
229.345,469.114,605.285
225.821,467.625,730.227
351.661,217.594,480.68
348.137,216.105,605.621
344.613,214.617,730.562
354.722,342.547,482.255
351.198,341.058,607.196
347.674,339.569,732.138
357.782,467.499,483.83
354.258,466.01,608.771
350.734,464.522,733.713
99.0667,223.672,600.762
102.488,223.614,725.715
105.91,223.556,850.668
101.085,348.655,600.764
104.507,348.598,725.717
107.929,348.54,850.67
103.104,473.639,600.766
106.525,473.581,725.72
109.947,473.524,850.673
224.004,221.654,597.339
227.425,221.596,722.293
230.847,221.539,847.246
226.022,346.638,597.342
229.444,346.58,722.295
232.865,346.522,847.248
228.041,471.621,597.344
231.462,471.564,722.297
234.884,471.506,847.251
348.94,219.636,593.917
352.362,219.579,718.87
355.784,219.521,843.824
350.959,344.62,593.92
354.381,344.562,718.873
357.802,344.505,843.826
352.978,469.604,593.922
356.399,469.546,718.875
359.821,469.488,843.828
100.84,351.024,99.1424
100.305,354.053,224.105
99.7701,357.082,349.067
103.015,475.968,96.1229
102.48,478.998,221.085
101.945,482.027,346.047
105.19,600.913,93.1034
104.655,603.942,218.066
104.12,606.971,343.028
225.82,348.862,99.7299
225.285,351.892,224.692
224.75,354.921,349.654
227.995,473.807,96.7104
227.46,476.836,221.673
226.925,479.865,346.635
230.17,598.752,93.6908
229.635,601.781,218.653
229.1,604.81,343.615
350.8,346.701,100.317
350.265,349.73,225.279
349.73,352.76,350.242
352.975,471.646,97.2978
352.44,474.675,222.26
351.905,477.704,347.222
355.15,596.59,94.2783
354.615,599.62,219.24
354.08,602.649,344.203
101.137,348.427,226.422
102.823,349.984,351.401
104.509,351.54,476.38
100.092,473.413,224.88
101.778,474.97,349.859
103.464,476.526,474.838
99.0473,598.4,223.338
100.733,599.956,348.317
102.419,601.512,473.295
226.121,349.451,224.723
227.807,351.008,349.702
229.493,352.564,474.681
225.076,474.437,223.181
226.762,475.994,348.16
228.449,477.55,473.139
224.032,599.423,221.639
225.718,600.98,346.618
227.404,602.536,471.597
351.106,350.475,223.025
352.792,352.032,348.003
354.478,353.588,472.982
350.061,475.461,221.482
351.747,477.018,346.461
353.433,478.574,471.44
349.016,600.447,219.94
350.702,602.004,344.919
352.388,603.56,469.898
98.5359,350.437,351.669
101.454,347.007,476.588
104.371,343.578,601.507
101.64,475.353,355.026
104.558,471.924,479.945
107.475,468.494,604.864
104.744,600.269,358.383
107.662,596.84,483.302
110.579,593.411,608.22
223.463,347.413,348.668
226.381,343.984,473.587
229.299,340.554,598.506
226.567,472.329,352.025
229.485,468.9,476.944
232.403,465.471,601.863
229.671,597.246,355.382
232.589,593.816,480.301
235.507,590.387,605.219
348.391,344.389,345.667
351.308,340.96,470.586
354.226,337.531,595.505
351.495,469.306,349.024
354.412,465.876,473.943
357.33,462.447,598.862
354.599,594.222,352.381
357.516,590.793,477.3
360.434,587.363,602.219
99.9475,350.27,473.838
100.316,346.884,598.792
100.684,343.497,723.746
99.1686,475.222,477.227
99.5367,471.835,602.181
99.9048,468.449,727.134
98.3897,600.173,480.616
98.7578,596.787,605.569
99.1259,593.4,730.523
224.945,351.059,473.492
225.313,347.672,598.445
225.681,344.286,723.399
224.166,476.01,476.88
224.534,472.624,601.834
224.902,469.237,726.787
223.387,600.962,480.269
223.755,597.575,605.222
224.123,594.189,730.176
349.942,351.847,473.145
350.31,348.461,598.098
350.678,345.074,723.052
349.163,476.799,476.533
349.531,473.412,601.487
349.899,470.026,726.44
348.384,601.75,479.922
348.752,598.364,604.876
349.12,594.978,729.829
101.589,350.094,599.293
100.655,352.212,724.271
99.7207,354.33,849.25
98.8318,475.045,597.154
97.8977,477.164,722.133
96.9635,479.282,847.111
96.0746,599.997,595.016
95.1404,602.115,719.995
94.2062,604.233,844.973
226.555,352.867,600.18
225.621,354.985,725.158
224.687,357.103,850.137
223.798,477.818,598.041
222.864,479.936,723.02
221.93,482.054,847.999
221.041,602.769,595.903
220.107,604.888,720.882
219.172,607.006,845.86
351.521,355.64,601.067
350.587,357.758,726.045
349.653,359.876,851.024
348.764,480.591,598.929
347.83,482.709,723.907
346.896,484.827,848.886
346.007,605.542,596.79
345.073,607.66,721.769
344.138,609.778,846.747
99.6498,474.252,99.4034
97.4558,470.755,224.335
95.2619,467.257,349.267
97.7932,599.19,102.868
95.5993,595.693,227.8
93.4054,592.195,352.732
95.9367,724.128,106.333
93.7427,720.631,231.265
91.5488,717.134,356.197
224.617,476.047,101.648
222.423,472.549,226.58
220.229,469.052,351.512
222.76,600.985,105.113
220.566,597.487,230.045
218.372,593.99,354.977
220.904,725.923,108.578
218.71,722.426,233.51
216.516,718.928,358.442
349.584,477.841,103.893
347.39,474.344,228.825
345.196,470.847,353.757
347.727,602.78,107.358
345.533,599.282,232.29
343.339,595.785,357.222
345.871,727.718,110.823
343.677,724.22,235.755
341.483,720.723,360.687
98.5628,476.93,223.142
100.351,479.146,348.11
102.14,481.361,473.077
99.0163,601.91,220.92
100.805,604.125,345.888
102.593,606.341,470.855
99.4699,726.889,218.698
101.258,729.105,343.666
103.047,731.32,468.633
223.549,476.445,221.362
225.338,478.661,346.33
227.126,480.876,471.297
224.003,601.425,219.14
225.791,603.64,344.108
227.58,605.855,469.075
224.456,726.404,216.918
226.245,728.619,341.885
228.033,730.835,466.853
348.536,475.96,219.582
350.324,478.175,344.549
352.113,480.391,469.517
348.989,600.939,217.36
350.778,603.155,342.327
352.566,605.37,467.295
349.443,725.919,215.138
351.231,728.134,340.105
353.02,730.35,465.073
100.172,475.519,349.463
100.664,471.925,474.41
101.156,468.33,599.357
97.0895,600.429,353.068
97.5815,596.835,478.015
98.0735,593.24,602.963
94.0072,725.339,356.674
94.4992,721.745,481.621
94.9911,718.15,606.568
225.133,478.615,349.06
225.625,475.02,474.007
226.117,471.426,598.954
222.051,603.524,352.665
222.543,599.93,477.612
223.034,596.336,602.56
218.968,728.434,356.271
219.46,724.84,481.218
219.952,721.245,606.165
350.094,481.71,348.657
350.586,478.115,473.604
351.078,474.521,598.551
347.012,606.62,352.262
347.504,603.025,477.21
347.996,599.431,602.157
343.929,731.53,355.868
344.421,727.935,480.815
344.913,724.341,605.762
99.7176,476.357,474.542
96.3224,475.059,599.489
92.9273,473.761,724.436
103.318,601.297,475.938
99.923,599.999,600.885
96.5279,598.701,725.832
106.919,726.238,477.334
103.524,724.94,602.281
100.128,723.642,727.228
224.62,472.72,477.898
221.224,471.422,602.845
217.829,470.124,727.793
228.22,597.66,479.294
224.825,596.363,604.241
221.43,595.065,729.188
231.821,722.601,480.69
228.426,721.303,605.637
225.03,720.005,730.584
349.522,469.083,481.254
346.126,467.785,606.202
342.731,466.487,731.149
353.122,594.024,482.65
349.727,592.726,607.597
346.332,591.428,732.545
356.723,718.964,484.046
353.328,717.666,608.993
349.932,716.368,733.94
99.8024,475.7,599.433
100.092,479.151,724.385
100.381,482.602,849.337
97.2448,600.627,595.989
97.534,604.078,720.941
97.8232,607.528,845.893
94.6872,725.553,592.545
94.9764,729.004,717.497
95.2656,732.455,842.449
224.776,478.249,599.073
225.065,481.7,724.025
225.354,485.151,848.977
222.218,603.175,595.629
222.507,606.626,720.581
222.797,610.077,845.533
219.661,728.102,592.185
219.95,731.553,717.137
220.239,735.003,842.089
349.749,480.798,598.714
350.039,484.249,723.666
350.328,487.699,848.618
347.192,605.724,595.27
347.481,609.175,720.222
347.77,612.626,845.174
344.634,730.65,591.825
344.923,734.101,716.777
345.213,737.552,841.73
98.8359,599.723,99.1185
96.9642,601.907,224.085
95.0926,604.091,349.052
98.0941,724.702,96.9235
96.2225,726.886,221.89
94.3508,729.069,346.857
97.3523,849.68,94.7284
95.4807,851.864,219.695
93.609,854.048,344.662
223.82,600.498,100.977
221.948,602.681,225.944
220.076,604.865,350.911
223.078,725.476,98.7818
221.206,727.66,223.749
219.335,729.844,348.716
222.336,850.455,96.5868
220.464,852.639,221.554
218.593,854.822,346.521
348.803,601.272,102.835
346.932,603.456,227.802
345.06,605.64,352.769
348.062,726.251,100.64
346.19,728.434,225.607
344.318,730.618,350.574
347.32,851.229,98.4452
345.448,853.413,223.412
343.577,855.597,348.379
100.813,600.792,225.581
102.164,601.502,350.571
103.516,602.211,475.562
101.855,725.786,224.86
103.207,726.495,349.851
104.558,727.204,474.841
102.897,850.779,224.139
104.249,851.489,349.13
105.601,852.198,474.121
225.801,599.742,224.235
227.153,600.451,349.226
228.504,601.161,474.216
226.843,724.736,223.514
228.195,725.445,348.505
229.547,726.154,473.496
227.886,849.729,222.794
229.237,850.439,347.784
230.589,851.148,472.775
350.789,598.692,222.889
352.141,599.401,347.88
353.493,600.111,472.871
351.832,723.686,222.169
353.183,724.395,347.159
354.535,725.104,472.15
352.874,848.679,221.448
354.226,849.388,346.439
355.577,850.098,471.429
98.0324,601.127,350.914
96.8092,603.412,475.887
95.5861,605.697,600.86
97.6298,726.105,348.625
96.4066,728.39,473.598
95.1835,730.675,598.571
97.2272,851.084,346.336
96.004,853.368,471.309
94.7809,855.653,596.282
223.026,601.552,352.13
221.803,603.837,477.103
220.579,606.122,602.076
222.623,726.53,349.841
221.4,728.815,474.814
220.177,731.1,599.787
222.221,851.508,347.552
220.997,853.793,472.525
219.774,856.078,597.498
348.019,601.977,353.345
346.796,604.262,478.318
345.573,606.546,603.291
347.617,726.955,351.056
346.393,729.24,476.029
345.17,731.525,601.002
347.214,851.933,348.767
345.991,854.218,473.74
344.768,856.503,598.714
101.719,600.52,474.585
99.1446,603.911,599.512
96.5699,607.302,724.44
99.084,725.444,471.14
96.5093,728.835,596.067
93.9346,732.226,720.995
96.4487,850.369,467.694
93.874,853.76,592.622
91.2993,857.151,717.549
226.665,603.224,477.087
224.09,606.615,602.014
221.516,610.006,726.941
224.03,728.149,473.641
221.455,731.54,598.569
218.88,734.931,723.496
221.394,853.074,470.196
218.82,856.465,595.123
216.245,859.856,720.051
351.611,605.929,479.588
349.036,609.32,604.516
346.461,612.711,729.443
348.975,730.854,476.143
346.401,734.245,601.07
343.826,737.636,725.998
346.34,855.778,472.698
343.765,859.169,597.625
341.191,862.56,722.553
99.2497,600.408,598.981
101.069,599.085,723.961
102.888,597.762,848.941
99.4343,725.4,600.301
101.253,724.078,725.281
103.072,722.755,850.261
99.6189,850.393,601.621
101.438,849.071,726.601
103.257,847.748,851.581
224.236,600.242,597.16
226.055,598.92,722.14
227.874,597.597,847.12
224.421,725.235,598.48
226.24,723.912,723.46
228.059,722.59,848.44
224.606,850.228,599.8
226.425,848.905,724.78
228.244,847.583,849.76
349.223,600.077,595.339
351.042,598.754,720.319
352.861,597.432,845.299
349.408,725.07,596.659
351.227,723.747,721.639
353.046,722.425,846.619
349.592,850.063,597.979
351.411,848.74,722.959
353.23,847.417,847.939
224.791,98.4225,100.398
228.42,101.772,225.301
232.05,105.122,350.203
224.16,223.376,97.0654
227.789,226.726,221.968
231.419,230.076,346.87
223.528,348.33,93.7327
227.158,351.68,218.635
230.788,355.03,343.537
349.736,98.9563,96.7529
353.366,102.306,221.655
356.996,105.656,346.558
349.105,223.91,93.4201
352.735,227.26,218.322
356.365,230.61,343.225
348.474,348.864,90.0874
352.104,352.214,214.99
355.734,355.564,339.892
474.682,99.4902,93.1076
478.312,102.84,218.01
481.942,106.19,342.912
474.051,224.444,89.7748
477.681,227.794,214.677
481.31,231.144,339.58
473.42,349.398,86.4421
477.05,352.748,211.344
480.679,356.098,336.247
226.331,98.6989,224.66
226.756,100.083,349.651
227.181,101.467,474.643
224.716,223.681,223.281
225.141,225.065,348.273
225.566,226.449,473.264
223.101,348.663,221.903
223.526,350.047,346.894
223.951,351.431,471.886
351.32,100.309,224.217
351.745,101.693,349.208
352.17,103.077,474.2
349.705,225.291,222.838
350.13,226.675,347.83
350.555,228.059,472.822
348.09,350.273,221.46
348.515,351.657,346.452
348.94,353.041,471.443
476.309,101.919,223.774
476.734,103.303,348.766
477.159,104.687,473.757
474.694,226.901,222.396
475.119,228.285,347.387
475.544,229.669,472.379
473.079,351.883,221.017
473.504,353.267,346.009
473.929,354.651,471
225.493,101.14,350.611
222.36,98.5852,475.546
219.228,96.0309,600.48
226.869,226.105,353.2
223.737,223.551,478.135
220.604,220.997,603.07
228.246,351.071,355.79
225.114,348.516,480.725
221.981,345.962,605.659
350.446,99.6987,353.715
347.313,97.1444,478.649
344.181,94.5901,603.584
351.823,224.664,356.304
348.69,222.11,481.239
345.557,219.556,606.173
353.199,349.63,358.894
350.067,347.076,483.828
346.934,344.521,608.763
475.399,98.2579,356.818
472.266,95.7036,481.753
469.134,93.1493,606.688
476.776,223.223,359.408
473.643,220.669,484.342
470.511,218.115,609.277
478.152,348.189,361.997
475.02,345.635,486.932
471.887,343.08,611.866
224.039,100.223,473.237
222.294,98.6465,598.215
220.549,97.0702,723.193
220.575,225.165,474.764
218.83,223.589,599.742
217.085,222.013,724.72
217.111,350.108,476.292
215.366,348.532,601.27
213.621,346.955,726.248
348.979,103.665,475.025
347.234,102.089,600.003
345.489,100.512,724.98
345.515,228.608,476.552
343.77,227.031,601.53
342.025,225.455,726.508
342.051,353.55,478.08
340.306,351.974,603.057
338.561,350.398,728.035
473.919,107.107,476.812
472.174,105.531,601.79
470.429,103.954,726.768
470.455,232.05,478.34
468.71,230.473,603.318
466.965,228.897,728.296
466.991,356.992,479.867
465.246,355.416,604.845
463.501,353.84,729.823
226.219,101.66,600.243
229.159,98.6099,725.171
232.1,95.5595,850.099
225.435,226.62,603.312
228.376,223.57,728.241
231.316,220.519,853.169
224.652,351.58,606.382
227.592,348.53,731.31
230.533,345.479,856.238
351.182,102.516,597.322
354.122,99.4652,722.25
357.063,96.4148,847.179
350.398,227.475,600.392
353.339,224.425,725.32
356.279,221.375,850.248
349.615,352.435,603.461
352.555,349.385,728.39
355.496,346.334,853.318
476.145,103.371,594.402
479.085,100.32,719.33
482.026,97.27,844.258
475.361,228.331,597.471
478.302,225.28,722.399
481.242,222.23,847.328
474.578,353.29,600.541
477.518,350.24,725.469
480.459,347.19,850.397
225.101,226.751,100.966
226.162,228.561,225.948
227.224,230.371,350.931
227.19,351.72,99.1386
228.252,353.53,224.121
229.313,355.34,349.103
229.28,476.689,97.3111
230.342,478.499,222.293
231.403,480.309,347.276
350.079,224.646,99.9351
351.14,226.456,224.918
352.202,228.266,349.9
352.168,349.615,98.1076
353.23,351.425,223.09
354.292,353.235,348.072
354.258,474.584,96.2801
355.32,476.394,221.262
356.381,478.204,346.245
475.057,222.541,98.9041
476.118,224.351,223.887
477.18,226.161,348.869
477.147,347.51,97.0766
478.208,349.32,222.059
479.27,351.13,347.041
479.236,472.479,95.2491
480.298,474.289,220.232
481.359,476.099,345.214
226.951,223.412,225.767
229.631,221.861,350.729
232.312,220.311,475.691
230.54,348.352,227.241
233.22,346.801,352.202
235.901,345.251,477.164
234.129,473.291,228.714
236.809,471.741,353.676
239.489,470.19,478.637
351.871,219.856,223.044
354.551,218.305,348.005
357.231,216.755,472.967
355.46,344.796,224.517
358.14,343.245,349.479
360.82,341.694,474.44
359.049,469.735,225.99
361.729,468.185,350.952
364.409,466.634,475.914
476.791,216.3,220.32
479.471,214.749,345.282
482.151,213.199,470.244
480.379,341.239,221.794
483.06,339.689,346.755
485.74,338.138,471.717
483.968,466.179,223.267
486.649,464.629,348.229
489.329,463.078,473.19
223.403,224.25,348.335
224.638,223.529,473.327
225.872,222.808,598.319
219.821,349.196,349.091
221.055,348.475,474.083
222.289,347.754,599.075
216.238,474.143,349.848
217.472,473.421,474.839
218.707,472.7,599.831
348.346,227.84,347.122
349.58,227.119,472.114
350.815,226.397,597.106
344.763,352.786,347.878
345.998,352.065,472.87
347.232,351.344,597.862
341.18,477.733,348.634
342.415,477.011,473.626
343.649,476.29,598.618
473.288,231.43,345.909
474.523,230.709,470.901
475.757,229.987,595.892
469.706,356.376,346.665
470.94,355.655,471.657
472.174,354.934,596.649
466.123,481.322,347.421
467.357,480.601,472.413
468.592,479.88,597.405
225.43,226.402,473.16
222.11,229.766,598.071
218.791,233.129,722.981
226.659,351.352,469.828
223.34,354.715,594.739
220.021,358.079,719.65
227.889,476.302,466.497
224.57,479.665,591.407
221.251,483.028,716.318
350.379,225.262,476.511
347.06,228.625,601.422
343.741,231.989,726.332
351.609,350.212,473.179
348.29,353.575,598.09
344.971,356.938,723.001
352.839,475.161,469.848
349.52,478.525,594.758
346.201,481.888,719.669
475.329,224.122,479.862
472.01,227.485,604.773
468.691,230.848,729.683
476.559,349.071,476.53
473.24,352.435,601.441
469.921,355.798,726.352
477.789,474.021,473.199
474.47,477.384,598.109
471.15,480.748,723.02
226.23,224.949,601.939
228.82,224.168,726.909
231.411,223.387,851.88
225.31,349.943,602.739
227.9,349.162,727.71
230.491,348.381,852.68
224.39,474.938,603.539
226.98,474.156,728.51
229.571,473.375,853.481
351.199,225.886,599.354
353.79,225.105,724.325
356.38,224.324,849.295
350.28,350.88,600.154
352.87,350.099,725.125
355.46,349.318,850.096
349.36,475.874,600.955
351.95,475.093,725.925
354.541,474.312,850.896
476.169,226.822,596.769
478.76,226.041,721.74
481.35,225.26,846.711
475.249,351.816,597.57
477.84,351.035,722.54
480.43,350.254,847.511
474.329,476.81,598.37
476.92,476.029,723.341
479.51,475.248,848.311
226.031,351.679,100.661
227.155,354.833,225.617
228.278,357.988,350.572
222.331,476.585,97.5411
223.455,479.74,222.496
224.579,482.894,347.451
218.631,601.491,94.4209
219.755,604.646,219.376
220.879,607.801,344.331
350.971,355.349,99.4451
352.095,358.504,224.4
353.218,361.658,349.355
347.271,480.255,96.3249
348.395,483.41,221.28
349.519,486.565,346.235
343.572,605.162,93.2046
344.695,608.316,218.16
345.819,611.471,343.115
475.911,359.019,98.2288
477.035,362.174,223.184
478.159,365.329,348.139
472.211,483.926,95.1086
473.335,487.08,220.064
474.459,490.235,345.019
468.512,608.832,91.9883
469.635,611.987,216.943
470.759,615.141,341.899
223.951,348.057,224.973
226.014,345.529,349.931
228.076,343,474.888
227.515,472.982,227.442
229.578,470.453,352.4
231.641,467.925,477.357
231.079,597.907,229.911
233.142,595.378,354.869
235.205,592.85,479.826
348.883,344.535,222.84
350.946,342.006,347.797
353.009,339.478,472.755
352.447,469.46,225.309
354.51,466.931,350.266
356.573,464.403,475.224
356.011,594.385,227.778
358.074,591.856,352.735
360.137,589.328,477.693
473.815,341.013,220.706
475.878,338.484,345.664
477.941,335.956,470.621
477.379,465.938,223.175
479.442,463.409,348.133
481.505,460.881,473.09
480.944,590.862,225.644
483.006,588.334,350.602
485.069,585.805,475.559
225.633,350.373,351.739
227.417,347.435,476.692
229.201,344.498,601.645
229.323,475.285,354.623
231.107,472.347,479.576
232.891,469.41,604.529
233.013,600.197,357.507
234.797,597.26,482.46
236.581,594.322,607.412
350.566,346.725,349.87
352.35,343.788,474.822
354.134,340.85,599.775
354.256,471.637,352.754
356.04,468.7,477.706
357.824,465.763,602.659
357.946,596.55,355.637
359.73,593.612,480.59
361.514,590.675,605.543
475.499,343.078,348
477.283,340.14,472.953
479.067,337.203,597.906
479.189,467.99,350.884
480.973,465.053,475.837
482.757,462.115,600.789
482.879,592.902,353.768
484.663,589.965,478.72
486.447,587.027,603.673
225.14,348.951,475.373
221.79,346.345,600.3
218.44,343.739,725.228
221.554,473.874,477.882
218.204,471.268,602.81
214.854,468.663,727.738
217.968,598.797,480.391
214.618,596.192,605.319
211.268,593.586,730.247
350.043,352.467,478.795
346.693,349.862,603.723
343.343,347.256,728.651
346.457,477.391,481.305
343.108,474.785,606.232
339.758,472.179,731.16
342.872,602.314,483.814
339.522,599.708,608.742
336.172,597.103,733.67
474.947,355.984,482.218
471.597,353.378,607.146
468.247,350.773,732.074
471.361,480.907,484.727
468.011,478.302,609.655
464.661,475.696,734.583
467.775,605.831,487.237
464.425,603.225,612.165
461.075,600.619,737.092
226.925,350.551,598.589
227.954,350.46,723.585
228.983,350.369,848.581
224.472,475.526,598.7
225.501,475.436,723.696
226.53,475.345,848.692
222.018,600.502,598.811
223.047,600.412,723.807
224.077,600.321,848.802
351.897,353.005,597.562
352.926,352.914,722.558
353.955,352.824,847.554
349.443,477.981,597.673
350.472,477.89,722.669
351.502,477.799,847.664
346.99,602.956,597.784
348.019,602.866,722.779
349.048,602.775,847.775
476.868,355.459,596.535
477.898,355.368,721.531
478.927,355.278,846.527
474.415,480.435,596.646
475.444,480.344,721.642
476.473,480.254,846.637
471.962,605.411,596.757
472.991,605.32,721.752
474.02,605.229,846.748
224.64,476.922,99.1671
222.13,475.554,224.134
219.619,474.187,349.102
225.026,601.914,100.543
222.516,600.546,225.51
220.005,599.178,350.478
225.412,726.906,101.919
222.902,725.538,226.886
220.392,724.17,351.854
349.614,476.509,101.673
347.104,475.141,226.64
344.593,473.773,351.608
350,601.5,103.049
347.49,600.132,228.016
344.98,598.765,352.984
350.387,726.492,104.425
347.876,725.124,229.392
345.366,723.756,354.359
474.588,476.095,104.179
472.078,474.727,229.146
469.568,473.359,354.114
474.975,601.087,105.555
472.464,599.719,230.522
469.954,598.351,355.489
475.361,726.078,106.931
472.85,724.711,231.898
470.34,723.343,356.865
226.098,475.936,224.84
223.012,479.344,349.755
219.926,482.752,474.671
224.635,600.88,221.395
221.549,604.288,346.311
218.463,607.696,471.226
223.172,725.824,217.95
220.086,729.232,342.866
217.001,732.64,467.781
351.051,477.483,227.884
347.965,480.891,352.8
344.88,484.299,477.715
349.588,602.427,224.44
346.502,605.835,349.355
343.417,609.243,474.27
348.125,727.371,220.995
345.04,730.779,345.91
341.954,734.187,470.826
476.004,479.03,230.929
472.919,482.438,355.844
469.833,485.846,480.76
474.542,603.974,227.484
471.456,607.382,352.399
468.37,610.79,477.315
473.079,728.918,224.039
469.993,732.326,348.955
466.907,735.734,473.87
225.892,474.084,350.579
224.229,477.136,475.531
222.567,480.188,600.483
224.67,599.041,347.511
223.007,602.092,472.463
221.344,605.144,597.414
223.447,723.997,344.443
221.785,727.049,469.395
220.122,730.1,594.346
350.875,475.347,352.211
349.212,478.399,477.163
347.55,481.45,602.115
349.653,600.303,349.143
347.99,603.355,474.095
346.327,606.407,599.047
348.43,725.26,346.075
346.768,728.311,471.027
345.105,731.363,595.979
475.858,476.61,353.844
474.195,479.661,478.795
472.533,482.713,603.747
474.636,601.566,350.776
472.973,604.618,475.727
471.31,607.669,600.679
473.413,726.522,347.707
471.751,729.574,472.659
470.088,732.626,597.611
224.221,473.279,474.727
226.059,472.344,599.71
227.896,471.409,724.693
223.93,598.275,475.666
225.768,597.34,600.649
227.605,596.405,725.632
223.639,723.271,476.605
225.476,722.336,601.588
227.314,721.401,726.571
349.208,473.584,472.892
351.045,472.649,597.875
352.882,471.714,722.858
348.916,598.58,473.831
350.754,597.645,598.814
352.591,596.71,723.797
348.625,723.576,474.77
350.463,722.641,599.753
352.3,721.706,724.736
474.194,473.889,471.057
476.031,472.954,596.04
477.869,472.019,721.023
473.903,598.885,471.996
475.74,597.95,596.979
477.577,597.015,721.962
473.611,723.881,472.935
475.449,722.946,597.918
477.286,722.011,722.901
224.792,475.606,600.581
223.871,475.111,725.577
222.951,474.617,850.573
221.97,600.573,601.055
221.05,600.079,726.05
220.13,599.585,851.046
219.149,725.54,601.528
218.229,725.046,726.523
217.309,724.552,851.519
349.756,478.423,601.512
348.836,477.929,726.508
347.916,477.435,851.504
346.935,603.39,601.986
346.015,602.896,726.981
345.095,602.402,851.977
344.114,728.358,602.459
343.194,727.864,727.455
342.274,727.369,852.45
474.721,481.241,602.443
473.801,480.747,727.439
472.881,480.252,852.435
471.9,606.208,602.917
470.98,605.714,727.912
470.06,605.22,852.908
469.079,731.175,603.39
468.159,730.681,728.386
467.238,730.187,853.381
226.521,601.111,101.157
227.011,603.886,226.125
227.501,606.661,351.093
226.626,726.081,98.3818
227.116,728.855,223.35
227.606,731.63,348.318
226.731,851.05,95.6066
227.221,853.825,220.575
227.711,856.599,345.543
351.52,600.996,100.669
352.01,603.771,225.638
352.5,606.546,350.606
351.625,725.965,97.8943
352.115,728.74,222.862
352.605,731.515,347.831
351.73,850.934,95.119
352.22,853.709,220.087
352.71,856.484,345.056
476.519,600.881,100.182
477.009,603.655,225.15
477.499,606.43,350.118
476.624,725.85,97.4067
477.114,728.625,222.375
477.604,731.399,347.343
476.729,850.819,94.6315
477.219,853.594,219.6
477.709,856.369,344.568
224.478,600.526,224.275
224.605,602.289,349.263
224.731,604.053,474.25
225.578,725.509,222.511
225.705,727.272,347.498
225.831,729.035,472.486
226.679,850.492,220.747
226.805,852.255,345.734
226.932,854.018,470.722
349.473,599.424,224.164
349.6,601.187,349.152
349.726,602.951,474.139
350.573,724.407,222.4
350.7,726.17,347.388
350.827,727.933,472.375
351.674,849.389,220.636
351.8,851.153,345.623
351.927,852.916,470.611
474.468,598.322,224.053
474.595,600.085,349.041
474.721,601.848,474.028
475.569,723.305,222.289
475.695,725.068,347.277
475.822,726.831,472.264
476.669,848.287,220.525
476.795,850.051,345.512
476.922,851.814,470.5
223.328,598.307,351.987
223.19,597.049,476.981
223.053,595.791,601.974
224.89,723.291,353.247
224.752,722.033,478.24
224.614,720.775,603.234
226.452,848.275,354.506
226.314,847.017,479.5
226.176,845.759,604.494
348.319,596.744,352.109
348.181,595.486,477.103
348.043,594.228,602.097
349.88,721.728,353.369
349.743,720.47,478.363
349.605,719.212,603.356
351.442,846.712,354.628
351.304,845.454,479.622
351.166,844.196,604.616
473.309,595.181,352.231
473.171,593.923,477.225
473.033,592.665,602.219
474.871,720.165,353.491
474.733,718.907,478.485
474.595,717.649,603.478
476.432,845.149,354.751
476.295,843.891,479.744
476.157,842.633,604.738
223.441,601.826,474.429
222.896,602.819,599.424
222.351,603.812,724.418
220.931,726.797,473.425
220.386,727.79,598.42
219.841,728.782,723.415
218.422,851.768,472.422
217.877,852.761,597.417
217.332,853.753,722.411
348.415,604.34,474.954
347.87,605.333,599.948
347.325,606.326,724.943
345.905,729.311,473.95
345.36,730.304,598.945
344.815,731.296,723.94
343.395,854.282,472.947
342.85,855.275,597.942
342.305,856.267,722.936
473.388,606.854,475.479
472.843,607.847,600.473
472.298,608.84,725.468
470.879,731.825,474.475
470.334,732.818,599.47
469.789,733.81,724.465
468.369,856.796,473.472
467.824,857.789,598.466
467.279,858.781,723.461
226.028,599.759,598.68
226.389,597.833,723.665
226.75,595.907,848.649
226.879,724.741,600.603
227.24,722.815,725.588
227.601,720.89,850.572
227.73,849.723,602.526
228.091,847.798,727.511
228.452,845.872,852.496
351.024,598.913,598.306
351.385,596.988,723.291
351.746,595.062,848.275
351.875,723.896,600.229
352.236,721.97,725.214
352.597,720.044,850.198
352.726,848.878,602.152
353.087,846.952,727.137
353.448,845.027,852.122
476.021,598.068,597.932
476.382,596.142,722.917
476.743,594.217,847.901
476.872,723.05,599.855
477.233,721.125,724.84
477.594,719.199,849.824
477.723,848.033,601.778
478.084,846.107,726.763
478.445,844.181,851.748
350.421,101.797,98.6676
348.156,99.1526,223.619
345.89,96.5078,348.571
348.846,226.76,101.284
346.58,224.115,226.236
344.315,221.47,351.187
347.271,351.723,103.901
345.005,349.078,228.852
342.74,346.433,353.803
475.391,103.325,100.966
473.125,100.68,225.917
470.86,98.035,350.869
473.816,228.287,103.582
471.55,225.642,228.534
469.284,222.998,353.485
472.24,353.25,106.199
469.975,350.605,231.15
467.709,347.96,356.102
600.36,104.852,103.264
598.095,102.207,228.215
595.829,99.5623,353.167
598.785,229.815,105.88
596.52,227.17,230.832
594.254,224.525,355.783
597.21,354.777,108.497
594.944,352.132,233.448
592.679,349.488,358.4
349.925,99.5821,225.201
347.037,98.8111,350.165
344.149,98.04,475.13
352.97,224.542,226.042
350.082,223.771,351.007
347.194,223,475.971
356.015,349.502,226.884
353.127,348.731,351.848
350.239,347.96,476.812
474.854,96.5185,228.069
471.966,95.7474,353.034
469.078,94.9764,477.998
477.899,221.479,228.911
475.011,220.707,353.875
472.123,219.936,478.839
480.944,346.439,229.752
478.056,345.668,354.716
475.168,344.897,479.681
599.784,93.4548,230.938
596.896,92.6838,355.902
594.008,91.9127,480.866
602.829,218.415,231.779
599.941,217.644,356.743
597.053,216.873,481.708
605.874,343.375,232.62
602.986,342.604,357.585
600.098,341.833,482.549
348.679,98.23,351.641
351.277,94.6495,476.562
353.875,91.0689,601.484
352.015,223.136,355.151
354.613,219.556,480.073
357.211,215.975,604.995
355.35,348.042,358.662
357.948,344.462,483.584
360.547,340.881,608.506
473.607,94.9694,348.949
476.206,91.3888,473.871
478.804,87.8083,598.792
476.943,219.876,352.46
479.541,216.295,477.381
482.139,212.714,602.303
480.279,344.782,355.97
482.877,341.201,480.892
485.475,337.621,605.814
598.536,91.7088,346.257
601.134,88.1282,471.179
603.732,84.5477,596.1
601.871,216.615,349.768
604.47,213.034,474.689
607.068,209.454,599.611
605.207,341.521,353.278
607.805,337.941,478.2
610.404,334.36,603.122
349.8,101.953,475.675
352.005,99.1061,600.623
354.211,96.2588,725.571
349.3,226.92,478.532
351.505,224.072,603.48
353.711,221.225,728.428
348.8,351.886,481.388
351.006,349.039,606.336
353.211,346.192,731.284
474.78,102.503,473.482
476.985,99.6561,598.43
479.19,96.8089,723.378
474.28,227.47,476.338
476.485,224.623,601.286
478.69,221.775,726.234
473.78,352.436,479.195
475.985,349.589,604.143
478.19,346.742,729.091
599.759,103.053,471.288
601.964,100.206,596.236
604.17,97.359,721.184
599.259,228.02,474.145
601.465,225.173,599.093
603.67,222.325,724.041
598.759,352.986,477.001
600.965,350.139,601.949
603.17,347.292,726.897
350.582,100.793,601.561
350.164,101.911,726.556
349.746,103.029,851.55
347.616,225.752,600.433
347.198,226.871,725.428
346.781,227.989,850.422
344.65,350.712,599.305
344.233,351.83,724.3
343.815,352.949,849.294
475.546,103.762,601.952
475.128,104.88,726.947
474.71,105.999,851.941
472.58,228.722,600.824
472.163,229.84,725.819
471.745,230.958,850.813
469.615,353.681,599.697
469.197,354.8,724.691
468.779,355.918,849.685
600.51,106.731,602.343
600.092,107.85,727.338
599.675,108.968,852.332
597.544,231.691,601.215
597.127,232.809,726.21
596.709,233.928,851.204
594.579,356.651,600.088
594.161,357.769,725.082
593.743,358.887,850.076
351.72,224.212,98.9812
354.049,224.879,223.958
356.378,225.546,348.934
348.081,349.158,98.3821
350.41,349.825,223.359
352.739,350.492,348.335
344.441,474.103,97.783
346.77,474.77,222.759
349.099,475.437,347.736
476.646,227.84,96.6338
478.975,228.507,221.61
481.304,229.174,346.587
473.006,352.785,96.0347
475.335,353.452,221.011
477.664,354.12,345.988
469.366,477.731,95.4356
471.695,478.398,220.412
474.024,479.065,345.389
601.571,231.468,94.2865
603.9,232.135,219.263
606.229,232.802,344.24
597.931,356.413,93.6874
600.26,357.08,218.664
602.589,357.747,343.64
594.292,481.359,93.0883
596.621,482.026,218.065
598.95,482.693,343.041
350.63,223.969,225.701
347.499,220.742,350.62
344.367,217.515,475.539
348.184,348.905,228.866
345.052,345.678,353.785
341.92,342.451,478.705
345.737,473.841,232.032
342.605,470.614,356.951
339.474,467.387,481.87
475.567,226.335,228.894
472.435,223.108,353.813
469.304,219.881,478.732
473.12,351.27,232.06
469.989,348.044,356.979
466.857,344.817,481.898
470.674,476.206,235.225
467.542,472.98,360.145
464.41,469.753,485.064
600.504,228.7,232.087
597.372,225.474,357.006
594.241,222.247,481.925
598.057,353.636,235.253
594.926,350.41,360.172
591.794,347.183,485.091
595.611,478.572,238.419
592.479,475.346,363.338
589.347,472.119,488.257
351.241,223.221,350.471
350.538,220.726,475.445
349.834,218.23,600.418
351.597,348.196,352.969
350.894,345.7,477.942
350.19,343.204,602.915
351.953,473.17,355.467
351.25,470.675,480.44
350.546,468.179,605.413
476.239,222.851,351.168
475.535,220.355,476.141
474.831,217.86,601.114
476.595,347.826,353.666
475.891,345.33,478.639
475.188,342.834,603.612
476.951,472.8,356.164
476.247,470.305,481.137
475.544,467.809,606.11
601.236,222.481,351.864
600.533,219.985,476.837
599.829,217.49,601.81
601.592,347.456,354.362
600.889,344.96,479.335
600.185,342.464,604.308
601.949,472.43,356.86
601.245,469.934,481.833
600.541,467.439,606.806
351.921,225.189,474.736
350.807,221.946,599.689
349.692,218.703,724.642
352.18,350.147,477.982
351.065,346.904,602.935
349.95,343.661,727.888
352.439,475.105,481.227
351.324,471.861,606.18
350.209,468.618,731.133
476.916,224.902,475.844
475.801,221.659,600.797
474.687,218.415,725.75
477.175,349.859,479.09
476.06,346.616,604.042
474.945,343.373,728.995
477.433,474.817,482.335
476.319,471.574,607.288
475.204,468.331,732.241
601.911,224.614,476.952
600.796,221.371,601.905
599.681,218.128,726.858
602.17,349.572,480.197
601.055,346.329,605.15
599.94,343.086,730.103
602.428,474.529,483.443
601.313,471.286,608.396
600.199,468.043,733.349
350.259,226.922,598.934
346.86,225.61,723.881
343.461,224.298,848.828
347.339,351.882,600.167
343.94,350.57,725.114
340.541,349.258,850.061
344.419,476.842,601.4
341.02,475.53,726.347
337.622,474.218,851.294
475.179,229.807,602.363
471.78,228.495,727.31
468.381,227.183,852.257
472.259,354.767,603.596
468.86,353.455,728.543
465.461,352.143,853.489
469.339,479.727,604.828
465.94,478.415,729.775
462.541,477.103,854.722
600.098,232.692,605.791
596.7,231.38,730.738
593.301,230.068,855.685
597.179,357.652,607.024
593.78,356.34,731.971
590.381,355.028,856.918
594.259,482.612,608.257
590.86,481.3,733.204
587.461,479.988,858.151
350.987,349.875,98.6581
348.049,350.914,223.619
345.111,351.952,348.58
353.098,474.853,97.6691
350.16,475.892,222.63
347.222,476.93,347.591
355.208,599.832,96.6801
352.271,600.87,221.641
349.333,601.909,346.602
475.935,347.788,101.613
472.997,348.827,226.574
470.059,349.865,351.535
478.045,472.767,100.624
475.107,473.805,225.585
472.17,474.843,350.546
480.156,597.745,99.6348
477.218,598.783,224.596
474.28,599.822,349.557
600.882,345.701,104.568
597.944,346.74,229.529
595.007,347.778,354.49
602.993,470.68,103.579
600.055,471.718,228.54
597.117,472.757,353.501
605.104,595.658,102.59
602.166,596.696,227.551
599.228,597.735,352.512
349.481,348.892,223.561
348.032,349.473,348.551
346.583,350.053,473.541
348.271,473.885,222.966
346.822,474.465,347.957
345.373,475.046,472.947
347.061,598.878,222.372
345.611,599.458,347.362
344.162,600.039,472.352
474.467,350.109,225.004
473.018,350.69,349.995
471.569,351.27,474.985
473.257,475.102,224.41
471.808,475.683,349.4
470.358,476.263,474.39
472.046,600.095,223.815
470.597,600.675,348.805
469.148,601.256,473.796
599.453,351.326,226.448
598.004,351.907,351.438
596.554,352.487,476.428
598.242,476.319,225.853
596.793,476.9,350.843
595.344,477.48,475.834
597.032,601.312,225.259
595.583,601.892,350.249
594.134,602.473,475.239
351.498,350.912,350.617
354.498,352.754,475.567
357.498,354.597,600.518
348.47,475.862,348.847
351.47,477.705,473.797
354.47,479.548,598.748
345.443,600.813,347.077
348.443,602.656,472.027
351.443,604.498,596.978
476.425,353.895,347.573
479.425,355.738,472.524
482.425,357.581,597.474
473.397,478.846,345.803
476.398,480.689,470.754
479.398,482.531,595.704
470.37,603.797,344.033
473.37,605.64,468.984
476.37,607.482,593.934
601.352,356.879,344.53
604.352,358.722,469.48
607.352,360.564,594.43
598.325,481.83,342.76
601.325,483.673,467.71
604.325,485.515,592.661
595.297,606.781,340.99
598.297,608.623,465.94
601.297,610.466,590.891
349.593,351.107,474.227
348.58,352.698,599.213
347.566,354.289,724.199
350.581,476.093,472.644
349.567,477.684,597.63
348.553,479.275,722.616
351.568,601.079,471.061
350.554,602.67,596.047
349.54,604.261,721.033
474.585,350.133,475.253
473.572,351.724,600.239
472.558,353.315,725.225
475.573,475.119,473.67
474.559,476.71,598.656
473.545,478.301,723.642
476.56,600.105,472.088
475.546,601.696,597.073
474.532,603.287,722.059
599.577,349.159,476.28
598.564,350.75,601.265
597.55,352.341,726.251
600.565,474.145,474.697
599.551,475.736,599.682
598.537,477.327,724.668
601.552,599.131,473.114
600.538,600.722,598.1
599.524,602.313,723.085
348.752,348.8,600.179
350.194,351.4,725.143
351.636,354,850.108
347.713,473.769,597.591
349.155,476.369,722.556
350.597,478.969,847.52
346.674,598.738,595.003
348.116,601.338,719.968
349.558,603.937,844.932
473.739,349.809,598.716
475.181,352.409,723.68
476.623,355.008,848.645
472.701,474.778,596.128
474.142,477.378,721.092
475.584,479.977,846.057
471.662,599.747,593.54
473.104,602.346,718.505
474.546,604.946,843.469
598.727,350.818,597.253
600.169,353.417,722.217
601.611,356.017,847.182
597.688,475.786,594.665
599.13,478.386,719.629
600.572,480.986,844.594
596.649,600.755,592.077
598.091,603.355,717.042
599.533,605.955,842.006
349.48,473.617,100.749
348.498,475.542,225.73
347.517,477.467,350.711
351.832,598.58,98.8426
350.851,600.505,223.824
349.87,602.43,348.805
354.185,723.543,96.9363
353.204,725.468,221.918
352.222,727.393,346.899
474.454,471.279,101.766
473.472,473.204,226.747
472.491,475.129,351.729
476.806,596.243,99.8599
475.825,598.168,224.841
474.844,600.092,349.823
479.159,721.206,97.9537
478.178,723.131,222.935
477.196,725.056,347.916
599.428,468.942,102.784
598.446,470.867,227.765
597.465,472.792,352.746
601.78,593.905,100.877
600.799,595.83,225.859
599.818,597.755,350.84
604.133,718.868,98.971
603.152,720.793,223.952
602.17,722.718,348.934
351.484,475.215,224.022
352.485,472.351,348.985
353.487,469.488,473.949
353.251,600.17,226.871
354.253,597.306,351.834
355.255,594.443,476.798
355.018,725.125,229.72
356.02,722.261,354.684
357.022,719.398,479.647
476.467,473.471,222.98
477.469,470.607,347.943
478.471,467.744,472.907
478.234,598.426,225.829
479.236,595.562,350.793
480.238,592.699,475.756
480.002,723.381,228.678
481.004,720.518,353.642
482.005,717.654,478.605
601.451,471.727,221.938
602.452,468.864,346.901
603.454,466,471.865
603.218,596.682,224.787
604.22,593.819,349.751
605.222,590.955,474.714
604.985,721.637,227.636
605.987,718.774,352.6
606.989,715.91,477.563
349.951,476.834,348.546
349.785,476.204,473.544
349.619,475.574,598.542
352.672,601.803,349.179
352.506,601.173,474.178
352.34,600.543,599.176
355.393,726.772,349.813
355.227,726.142,474.811
355.061,725.512,599.809
474.922,474.113,348.698
474.755,473.482,473.696
474.589,472.852,598.695
477.642,599.081,349.332
477.476,598.451,474.33
477.31,597.821,599.328
480.363,724.05,349.965
480.197,723.42,474.964
480.031,722.79,599.962
599.892,471.391,348.851
599.726,470.761,473.849
599.559,470.131,598.847
602.613,596.36,349.484
602.447,595.73,474.482
602.28,595.099,599.481
605.334,721.329,350.118
605.167,720.698,475.116
605.001,720.068,600.114
350.152,476.902,475.093
352.38,477.161,600.073
354.608,477.42,725.053
350.558,601.901,474.827
352.786,602.16,599.807
355.013,602.419,724.787
350.963,726.9,474.561
353.191,727.159,599.541
355.419,727.418,724.521
475.132,476.492,472.866
477.36,476.751,597.846
479.588,477.01,722.826
475.537,601.491,472.6
477.765,601.75,597.58
479.993,602.009,722.56
475.942,726.49,472.334
478.17,726.749,597.314
480.398,727.008,722.294
600.111,476.082,470.639
602.339,476.341,595.619
604.567,476.6,720.599
600.517,601.081,470.373
602.744,601.34,595.353
604.972,601.599,720.333
600.922,726.08,470.107
603.15,726.339,595.087
605.378,726.598,720.067
348.346,476.31,601.585
348.209,475.678,726.583
348.073,475.046,851.582
346.181,601.29,602.214
346.045,600.658,727.213
345.909,600.026,852.211
344.017,726.269,602.844
343.881,725.638,727.842
343.745,725.006,852.84
473.327,478.473,601.732
473.19,477.842,726.731
473.054,477.21,851.729
471.163,603.453,602.362
471.026,602.821,727.36
470.89,602.189,852.358
468.999,728.433,602.991
468.862,727.801,727.989
468.726,727.169,852.988
598.308,480.637,601.88
598.172,480.005,726.878
598.035,479.373,851.876
596.144,605.616,602.509
596.007,604.985,727.507
595.871,604.353,852.506
593.98,730.596,603.138
593.843,729.964,728.137
593.707,729.332,853.135
348.121,601.043,101.764
344.916,603.784,226.693
341.712,606.526,351.622
345.146,725.975,98.946
341.941,728.717,223.875
338.737,731.459,348.804
342.171,850.908,96.1278
338.967,853.65,221.057
335.762,856.392,345.985
473.044,604.088,104.902
469.84,606.83,229.831
466.635,609.571,354.76
470.07,729.021,102.084
466.865,731.763,227.012
463.66,734.504,351.941
467.095,853.954,99.2655
463.89,856.695,224.194
460.686,859.437,349.123
597.968,607.133,108.04
594.763,609.875,232.968
591.559,612.617,357.897
594.993,732.066,105.221
591.789,734.808,230.15
588.584,737.55,355.079
592.018,856.999,102.403
588.814,859.741,227.332
585.609,862.482,352.261
350.893,600.567,226.888
348.256,603.554,351.825
345.619,606.541,476.761
350.438,725.53,223.891
347.801,728.517,348.827
345.164,731.505,473.764
349.983,850.493,220.893
347.346,853.48,345.829
344.709,856.468,470.766
475.864,601.084,229.514
473.227,604.072,354.45
470.59,607.059,479.387
475.41,726.048,226.516
472.772,729.035,351.453
470.135,732.022,476.389
474.955,851.011,223.518
472.318,853.998,348.455
469.681,856.986,473.391
600.836,601.602,232.139
598.199,604.59,357.076
595.562,607.577,482.012
600.381,726.565,229.141
597.744,729.553,354.078
595.107,732.54,479.014
599.926,851.529,226.144
597.289,854.516,351.08
594.652,857.503,476.017
349.781,601.06,348.846
350.332,601.081,473.845
350.883,601.102,598.844
352.361,726.034,348.814
352.912,726.054,473.813
353.462,726.075,598.812
354.94,851.007,348.782
355.491,851.028,473.781
356.042,851.048,598.78
474.754,598.481,348.296
475.304,598.502,473.294
475.855,598.522,598.293
477.333,723.454,348.264
477.884,723.475,473.262
478.435,723.496,598.261
479.912,848.428,348.232
480.463,848.448,473.231
481.014,848.469,598.229
599.726,595.902,347.745
600.277,595.922,472.744
600.828,595.943,597.743
602.305,720.875,347.713
602.856,720.896,472.712
603.407,720.916,597.711
604.884,845.848,347.681
605.435,845.869,472.68
605.986,845.89,597.679
348.263,599.313,474.723
348.487,597.561,599.711
348.711,595.809,724.698
347.887,724.301,476.476
348.111,722.548,601.464
348.335,720.796,726.451
347.511,849.288,478.229
347.735,847.536,603.216
347.959,845.783,728.204
473.262,599.693,474.505
473.486,597.94,599.492
473.71,596.188,724.48
472.886,724.68,476.257
473.11,722.928,601.245
473.334,721.175,726.233
472.51,849.667,478.01
472.734,847.915,602.998
472.958,846.162,727.985
598.261,600.072,474.286
598.485,598.319,599.274
598.709,596.567,724.261
597.885,725.059,476.039
598.109,723.307,601.026
598.333,721.554,726.014
597.509,850.046,477.792
597.733,848.294,602.779
597.957,846.542,727.767
348.649,601.521,601.661
351.635,604.3,726.594
354.62,607.08,851.527
344.979,726.438,598.969
347.965,729.217,723.902
350.95,731.997,848.836
341.309,851.355,596.277
344.295,854.135,721.211
347.28,856.914,846.144
473.56,605.124,598.596
476.545,607.904,723.529
479.53,610.684,848.463
469.89,730.042,595.904
472.875,732.821,720.837
475.86,735.601,845.771
466.22,854.959,593.212
469.205,857.738,718.146
472.19,860.518,843.079
598.47,608.728,595.531
601.455,611.508,720.464
604.441,614.288,845.398
594.8,733.645,592.839
597.785,736.425,717.773
600.771,739.205,842.706
591.13,858.562,590.148
594.115,861.342,715.081
597.101,864.122,840.014
473.672,101.462,101.369
471.402,104.401,226.313
469.132,107.34,351.258
474.016,226.427,98.4352
471.746,229.366,223.38
469.476,232.305,348.325
474.36,351.392,95.5018
472.09,354.331,220.447
469.82,357.27,345.391
598.651,101.171,103.646
596.381,104.11,228.591
594.111,107.049,353.536
598.995,226.136,100.713
596.725,229.075,225.657
594.455,232.014,350.602
599.339,351.101,97.7793
597.069,354.04,222.724
594.799,356.979,347.669
723.63,100.88,105.924
721.36,103.819,230.868
719.09,106.758,355.813
723.974,225.845,102.99
721.704,228.784,227.935
719.434,231.723,352.88
724.318,350.81,100.057
722.048,353.749,225.002
719.778,356.688,349.946
474.216,99.1947,226.921
472.966,100.736,351.905
471.715,102.277,476.889
477.559,224.141,225.414
476.308,225.682,350.398
475.058,227.224,475.382
480.902,349.087,223.906
479.651,350.628,348.89
478.401,352.17,473.875
599.165,95.8675,228.212
597.915,97.4088,353.196
596.664,98.9501,478.18
602.508,220.814,226.705
601.257,222.355,351.689
600.007,223.896,476.673
605.851,345.76,225.197
604.6,347.301,350.181
603.35,348.843,475.166
724.114,92.5402,229.503
722.864,94.0815,354.487
721.613,95.6229,479.471
727.457,217.486,227.995
726.207,219.028,352.98
724.956,220.569,477.964
730.8,342.433,226.488
729.549,343.974,351.472
728.299,345.515,476.457
476.642,101.635,349.872
478.689,105.285,474.802
480.736,108.935,599.732
476.395,226.582,346.226
478.442,230.232,471.156
480.489,233.882,596.086
476.148,351.528,342.579
478.195,355.178,467.509
480.242,358.828,592.439
601.625,101.822,347.819
603.672,105.472,472.749
605.719,109.122,597.679
601.378,226.769,344.173
603.425,230.419,469.103
605.472,234.069,594.032
601.131,351.715,340.526
603.178,355.365,465.456
605.225,359.015,590.386
726.608,102.009,345.766
728.655,105.659,470.696
730.702,109.309,595.626
726.361,226.956,342.119
728.408,230.606,467.049
730.455,234.256,591.979
726.114,351.902,338.473
728.161,355.552,463.403
730.208,359.202,588.333
474.015,98.9797,475.231
476.093,97.5804,600.206
478.171,96.1812,725.181
477.064,223.935,476.579
479.142,222.536,601.554
481.22,221.137,726.529
480.113,348.891,477.928
482.191,347.492,602.903
484.269,346.092,727.877
598.96,95.9537,473.119
601.038,94.5545,598.094
603.117,93.1552,723.069
602.009,220.909,474.468
604.087,219.51,599.442
606.166,218.111,724.417
605.058,345.865,475.816
607.137,344.466,600.791
609.215,343.066,725.766
723.906,92.9277,471.008
725.984,91.5285,595.982
728.062,90.1293,720.957
726.955,217.883,472.356
729.033,216.484,597.331
731.111,215.085,722.306
730.004,342.839,473.704
732.082,341.44,598.679
734.16,340.04,723.654
475.407,99.8026,600.124
476.785,97.3047,725.091
478.163,94.8068,850.059
474.689,224.775,602.63
476.067,222.278,727.597
477.445,219.78,852.565
473.972,349.748,605.136
475.35,347.25,730.103
476.728,344.752,855.07
600.397,100.548,598.76
601.775,98.0497,723.728
603.153,95.5518,848.695
599.68,225.52,601.266
601.058,223.023,726.234
602.435,220.525,851.201
598.962,350.493,603.772
600.34,347.995,728.74
601.718,345.497,853.707
725.387,101.293,597.397
726.765,98.7946,722.365
728.143,96.2968,847.332
724.67,226.265,599.903
726.048,223.767,724.87
727.426,221.27,849.838
723.952,351.238,602.409
725.33,348.74,727.376
726.708,346.242,852.344
473.322,225.181,100.612
470.306,222.25,225.541
467.289,219.319,350.47
476.002,350.116,103.607
472.985,347.185,228.537
469.969,344.255,353.466
478.681,475.051,106.603
475.665,472.121,231.532
472.648,469.19,356.461
598.257,222.43,103.564
595.24,219.5,228.493
592.224,216.569,353.422
600.937,347.366,106.56
597.92,344.435,231.489
594.903,341.504,356.418
603.616,472.301,109.555
600.6,469.37,234.484
597.583,466.44,359.414
723.192,219.68,106.516
720.175,216.749,231.445
717.159,213.819,356.375
725.871,344.615,109.512
722.855,341.685,234.441
719.838,338.754,359.37
728.551,469.551,112.507
725.534,466.62,237.436
722.518,463.689,362.366
475.223,226.02,224.956
477.403,224.108,349.922
479.583,222.196,474.888
476.16,351.002,226.851
478.34,349.09,351.818
480.52,347.178,476.784
477.097,475.984,228.747
479.277,474.072,353.713
481.457,472.161,478.68
600.2,225.116,222.762
602.38,223.204,347.728
604.56,221.292,472.694
601.138,350.098,224.657
603.317,348.186,349.624
605.497,346.274,474.59
602.075,475.08,226.553
604.255,473.168,351.519
606.435,471.257,476.486
725.178,224.212,220.568
727.358,222.3,345.534
729.538,220.388,470.501
726.115,349.194,222.463
728.295,347.282,347.43
730.475,345.37,472.396
727.052,474.176,224.359
729.232,472.264,349.326
731.412,470.353,474.292
474.541,226.82,348.311
475.786,226.818,473.305
477.032,226.816,598.298
477.23,351.791,348.286
478.475,351.789,473.28
479.72,351.787,598.274
479.919,476.762,348.261
481.164,476.76,473.255
482.409,476.758,598.249
599.506,224.131,347.066
600.751,224.129,472.06
601.996,224.127,597.053
602.195,349.102,347.041
603.44,349.1,472.035
604.685,349.098,597.029
604.884,474.073,347.017
606.129,474.071,472.01
607.374,474.069,597.004
724.471,221.442,345.821
725.716,221.44,470.815
726.961,221.438,595.809
727.16,346.413,345.796
728.405,346.411,470.79
729.65,346.409,595.784
729.848,471.384,345.772
731.094,471.382,470.765
732.339,471.38,595.759
475.17,226.942,474.511
476.502,224.366,599.477
477.834,221.789,724.444
477.755,351.889,477.059
479.086,349.313,602.026
480.418,346.736,726.992
480.339,476.837,479.608
481.671,474.26,604.574
483.003,471.684,729.541
600.136,224.385,473.126
601.468,221.809,598.093
602.8,219.232,723.059
602.721,349.333,475.675
604.053,346.756,600.641
605.384,344.18,725.608
605.305,474.28,478.223
606.637,471.704,603.19
607.969,469.127,728.156
725.102,221.829,471.742
726.434,219.252,596.708
727.766,216.676,721.675
727.687,346.776,474.29
729.019,344.2,599.257
730.35,341.623,724.223
730.271,471.723,476.839
731.603,469.147,601.805
732.935,466.57,726.772
473.578,226.43,599.522
477.033,225.385,724.47
480.489,224.34,849.418
473.507,351.426,600.569
476.963,350.381,725.517
480.418,349.335,850.465
473.437,476.421,601.617
476.892,475.376,726.565
480.348,474.331,851.512
598.53,226.529,596.067
601.986,225.484,721.015
605.441,224.439,845.963
598.46,351.525,597.115
601.915,350.48,722.062
605.37,349.435,847.01
598.389,476.521,598.162
601.844,475.476,723.11
605.3,474.431,848.058
723.482,226.629,592.613
726.938,225.584,717.56
730.393,224.539,842.508
723.412,351.625,593.66
726.867,350.579,718.608
730.323,349.534,843.556
723.341,476.62,594.707
726.797,475.575,719.655
730.252,474.53,844.603
473.687,348.421,100.601
470.555,351.651,225.52
467.424,354.882,350.439
472.334,473.371,97.336
469.203,476.601,222.255
466.072,479.832,347.174
470.981,598.321,94.0711
467.85,601.551,218.99
464.719,604.782,343.909
598.64,349.855,103.696
595.509,353.085,228.615
592.378,356.315,353.534
597.287,474.805,100.431
594.156,478.035,225.35
591.025,481.265,350.269
595.935,599.755,97.1661
592.804,602.985,222.085
589.672,606.215,347.004
723.594,351.288,106.791
720.462,354.519,231.71
717.331,357.749,356.629
722.241,476.238,103.526
719.11,479.469,228.445
715.978,482.699,353.364
720.888,601.188,100.261
717.757,604.419,225.18
714.626,607.649,350.099
473.031,348.648,224.088
472.31,351.433,349.055
471.588,354.219,474.022
473.996,473.613,221.308
473.275,476.399,346.275
472.553,479.184,471.242
474.961,598.579,218.528
474.24,601.364,343.495
473.518,604.149,468.462
598.025,347.699,224.83
597.304,350.485,349.797
596.583,353.27,474.764
598.99,472.665,222.051
598.269,475.45,347.018
597.548,478.235,471.984
599.955,597.63,219.271
599.234,600.415,344.238
598.513,603.201,469.205
723.019,346.751,225.573
722.298,349.536,350.54
721.577,352.321,475.507
723.984,471.716,222.793
723.263,474.501,347.76
722.542,477.287,472.727
724.949,596.681,220.013
724.228,599.467,344.98
723.507,602.252,469.947
476.86,348.447,349.552
480.354,346.718,474.491
483.848,344.989,599.431
474.89,473.419,351.337
478.384,471.69,476.276
481.878,469.961,601.215
472.92,598.391,353.121
476.414,596.662,478.061
479.908,594.933,603
601.796,350.466,346.086
605.29,348.737,471.025
608.784,347.008,595.965
599.826,475.438,347.871
603.32,473.709,472.81
606.814,471.98,597.749
597.856,600.41,349.655
601.35,598.68,474.595
604.844,596.951,599.534
726.732,352.485,342.62
730.226,350.756,467.559
733.72,349.027,592.499
724.762,477.457,344.405
728.256,475.728,469.344
731.75,473.999,594.283
722.792,602.428,346.189
726.286,600.699,471.129
729.78,598.97,596.068
476.278,350.103,474.069
476.313,347.417,599.04
476.348,344.73,724.011
478.92,475.046,476.754
478.955,472.36,601.725
478.991,469.674,726.696
481.563,599.989,479.438
481.598,597.303,604.41
481.633,594.617,729.381
601.25,347.462,473.976
601.285,344.776,598.948
601.32,342.089,723.919
603.892,472.405,476.661
603.928,469.719,601.632
603.963,467.032,726.604
606.535,597.348,479.346
606.57,594.662,604.317
606.605,591.976,729.289
726.222,344.821,473.884
726.257,342.134,598.855
726.292,339.448,723.827
728.864,469.764,476.569
728.9,467.078,601.54
728.935,464.391,726.511
731.507,594.707,479.254
731.542,592.021,604.225
731.577,589.335,729.196
476.502,349.837,599.391
475.337,351.47,724.375
474.172,353.104,849.359
473.104,474.779,597.726
471.939,476.413,722.71
470.774,478.047,847.694
469.706,599.722,596.061
468.541,601.356,721.045
467.376,602.99,846.029
601.451,353.25,600.511
600.286,354.884,725.495
599.121,356.517,850.479
598.052,478.192,598.846
596.888,479.826,723.83
595.723,481.46,848.814
594.654,603.135,597.181
593.489,604.769,722.165
592.324,606.403,847.149
726.399,356.663,601.631
725.234,358.297,726.615
724.069,359.93,851.599
723.001,481.606,599.966
721.836,483.239,724.95
720.671,484.873,849.934
719.603,606.548,598.301
718.438,608.182,723.285
717.273,609.816,848.269
474.179,476.062,98.5213
473.091,476.176,223.516
472.002,476.29,348.512
475.434,601.055,98.418
474.346,601.17,223.413
473.258,601.284,348.408
476.69,726.049,98.3147
475.602,726.163,223.31
474.513,726.277,348.305
599.168,474.807,99.6106
598.08,474.921,224.606
596.991,475.036,349.601
600.423,599.801,99.5073
599.335,599.915,224.502
598.247,600.029,349.498
601.679,724.794,99.404
600.59,724.909,224.399
599.502,725.023,349.394
724.157,473.553,100.7
723.068,473.667,225.695
721.98,473.781,350.69
725.412,598.546,100.597
724.324,598.66,225.592
723.236,598.775,350.587
726.668,723.54,100.493
725.579,723.654,225.489
724.491,723.768,350.484
474.918,476.386,226.786
473.598,474.881,351.77
472.279,473.376,476.754
477.529,601.349,228.318
476.209,599.844,353.302
474.89,598.339,478.286
480.14,726.313,229.851
478.82,724.808,354.835
477.5,723.302,479.819
599.884,473.759,228.074
598.564,472.254,353.058
597.244,470.749,478.042
602.495,598.723,229.606
601.175,597.217,354.59
599.855,595.712,479.574
605.106,723.686,231.138
603.786,722.181,356.122
602.466,720.676,481.106
724.85,471.133,229.361
723.53,469.627,354.345
722.21,468.122,479.329
727.46,596.096,230.894
726.141,594.591,355.878
724.821,593.086,480.862
730.071,721.059,232.426
728.752,719.554,357.41
727.432,718.049,482.394
476.238,475.411,349.171
477.453,473.685,474.153
478.669,471.959,599.136
474.407,600.385,350.915
475.622,598.659,475.897
476.837,596.933,600.879
472.575,725.36,352.659
473.79,723.634,477.641
475.005,721.907,602.623
601.219,477.259,347.981
602.434,475.533,472.964
603.649,473.807,597.946
599.387,602.234,349.725
600.602,600.507,474.707
601.818,598.781,599.69
597.556,727.208,351.469
598.771,725.482,476.451
599.986,723.756,601.434
726.2,479.108,346.792
727.415,477.381,471.774
728.63,475.655,596.756
724.368,604.082,348.536
725.583,602.356,473.518
726.798,600.63,598.5
722.536,729.056,350.279
723.752,727.33,475.262
724.967,725.604,600.244
474.116,473.66,475.454
470.694,474.769,600.402
467.271,475.878,725.35
476.016,598.641,474.397
472.594,599.75,599.345
469.171,600.859,724.293
477.916,723.622,473.339
474.494,724.731,598.288
471.071,725.84,723.236
599.055,471.79,478.893
595.633,472.899,603.841
592.21,474.008,728.789
600.955,596.771,477.836
597.533,597.88,602.784
594.11,598.989,727.732
602.855,721.752,476.778
599.432,722.861,601.726
596.01,723.97,726.675
723.994,469.92,482.332
720.571,471.029,607.28
717.149,472.138,732.228
725.894,594.901,481.274
722.471,596.01,606.223
719.049,597.119,731.171
727.794,719.882,480.217
724.371,720.991,605.165
720.949,722.1,730.114
475.042,474.112,600.041
477.25,473.437,725.02
479.457,472.763,849.998
471.52,599.06,600.778
473.728,598.386,725.756
475.935,597.711,850.735
467.999,724.009,601.514
470.206,723.334,726.493
472.413,722.659,851.472
599.973,477.646,597.853
602.181,476.972,722.832
604.388,476.297,847.811
596.451,602.595,598.59
598.659,601.92,723.569
600.866,601.245,848.547
592.929,727.543,599.327
595.137,726.868,724.305
597.344,726.194,849.284
724.904,481.181,595.666
727.112,480.506,720.645
729.319,479.831,845.623
721.382,606.129,596.403
723.59,605.454,721.381
725.797,604.78,846.36
717.86,731.077,597.139
720.068,730.403,722.118
722.275,729.728,847.097
474.011,598.892,100.568
474.266,597.55,225.561
474.52,596.208,350.553
473.717,723.885,101.911
473.971,722.542,226.903
474.225,721.2,351.896
473.422,848.877,103.254
473.676,847.535,228.246
473.93,846.193,353.239
599.011,599.19,100.317
599.265,597.848,225.31
599.519,596.505,350.302
598.716,724.182,101.66
598.97,722.84,226.652
599.224,721.498,351.645
598.421,849.175,103.003
598.675,847.832,227.995
598.929,846.49,352.988
724.01,599.487,100.066
724.264,598.145,225.059
724.518,596.803,350.051
723.715,724.48,101.409
723.969,723.138,226.402
724.223,721.795,351.394
723.42,849.472,102.752
723.674,848.13,227.744
723.929,846.788,352.737
473.81,598.687,223.307
470.626,601.765,348.229
467.442,604.843,473.15
475.45,723.639,220.27
472.266,726.717,345.192
469.082,729.795,470.113
477.091,848.591,217.233
473.907,851.669,342.155
470.723,854.747,467.076
598.759,597.125,226.53
595.575,600.203,351.452
592.39,603.281,476.373
600.399,722.077,223.493
597.215,725.155,348.415
594.031,728.233,473.337
602.04,847.029,220.457
598.855,850.107,345.378
595.671,853.185,470.3
723.707,595.563,229.754
720.523,598.641,354.675
717.339,601.719,479.597
725.348,720.515,226.717
722.164,723.593,351.638
718.98,726.671,476.56
726.988,845.467,223.68
723.804,848.545,348.601
720.62,851.623,473.523
474.462,600.041,349.26
472.367,603.72,474.189
470.272,607.398,599.117
476.656,724.969,345.619
474.562,728.648,470.547
472.467,732.326,595.475
478.851,849.897,341.977
476.757,853.575,466.905
474.662,857.254,591.834
599.425,597.909,351.418
597.33,601.587,476.347
595.236,605.266,601.275
601.62,722.837,347.777
599.525,726.515,472.705
597.43,730.193,597.633
603.814,847.764,344.135
601.72,851.443,469.063
599.625,855.121,593.992
724.388,595.776,353.576
722.293,599.455,478.505
720.199,603.133,603.433
726.583,720.704,349.935
724.488,724.382,474.863
722.394,728.061,599.791
728.778,845.632,346.293
726.683,849.31,471.221
724.588,852.989,596.15
476.397,599.738,474.077
475.204,601.346,599.061
474.011,602.954,724.045
474.23,724.709,472.449
473.037,726.317,597.433
471.844,727.925,722.417
472.063,849.679,470.82
470.87,851.287,595.804
469.677,852.895,720.788
601.372,601.92,475.242
600.179,603.528,600.226
598.986,605.136,725.21
599.205,726.891,473.614
598.012,728.499,598.597
596.82,730.107,723.581
597.039,851.861,471.985
595.846,853.469,596.969
594.653,855.077,721.953
726.348,604.102,476.407
725.155,605.71,601.391
723.962,607.318,726.375
724.181,729.073,474.778
722.988,730.681,599.762
721.795,732.289,724.746
722.014,854.043,473.15
720.821,855.651,598.134
719.628,857.259,723.118
476.362,598.244,599.309
472.888,595.478,724.23
469.414,592.711,849.151
479.692,723.167,602.168
476.218,720.401,727.089
472.744,717.634,852.01
483.021,848.09,605.028
479.547,845.323,729.949
476.073,842.557,854.87
601.27,594.838,602.707
597.796,592.071,727.628
594.321,589.304,852.549
604.599,719.761,605.566
601.125,716.994,730.487
597.651,714.227,855.409
607.929,844.683,608.426
604.454,841.917,733.347
600.98,839.15,858.268
726.177,591.431,606.105
722.703,588.664,731.026
719.229,585.897,855.947
729.506,716.354,608.965
726.032,713.587,733.886
722.558,710.82,858.807
732.836,841.277,611.824
729.362,838.51,736.745
725.888,835.743,861.666
600.757,98.8725,100.858
602.379,102.218,225.803
604.001,105.563,350.748
599.927,223.825,97.5236
601.548,227.171,222.468
603.17,230.516,347.413
599.096,348.778,94.1889
600.718,352.123,219.134
602.339,355.469,344.078
725.744,99.6595,99.215
727.366,103.005,224.16
728.987,106.35,349.104
724.913,224.612,95.8803
726.535,227.958,220.825
728.157,231.303,345.77
724.083,349.565,92.5456
725.704,352.91,217.49
727.326,356.256,342.435
850.731,100.446,97.5717
852.352,103.792,222.516
853.974,107.137,347.461
849.9,225.399,94.237
851.522,228.744,219.182
853.143,232.09,344.126
849.069,350.352,90.9023
850.691,353.697,215.847
852.313,357.042,340.792
599.683,99.8613,226.903
599.684,102.999,351.863
599.686,106.136,476.824
599.776,224.822,223.765
599.778,227.959,348.726
599.779,231.097,473.686
599.869,349.782,220.628
599.871,352.92,345.588
599.872,356.057,470.549
724.683,99.7682,226.903
724.684,102.906,351.864
724.686,106.043,476.824
724.776,224.729,223.766
724.777,227.866,348.726
724.779,231.004,473.687
724.869,349.689,220.628
724.871,352.827,345.589
724.872,355.964,470.549
849.683,99.675,226.904
849.684,102.813,351.864
849.686,105.95,476.825
849.776,224.636,223.766
849.777,227.773,348.727
849.779,230.911,473.687
849.869,349.596,220.629
849.871,352.734,345.589
849.872,355.871,470.55
600.408,100.244,348.606
601.253,97.5274,473.574
602.099,94.8106,598.541
601.641,225.209,351.314
602.486,222.492,476.282
603.332,219.775,601.25
602.874,350.173,354.023
603.72,347.457,478.99
604.565,344.74,603.958
725.399,99.0297,347.734
726.244,96.3129,472.702
727.09,93.5962,597.669
726.632,223.994,350.442
727.477,221.278,475.41
728.323,218.561,600.378
727.865,348.959,353.151
728.711,346.242,478.118
729.556,343.525,603.086
850.39,97.8152,346.862
851.235,95.0985,471.83
852.081,92.3818,596.797
851.623,222.78,349.57
852.469,220.063,474.538
853.314,217.346,599.506
852.856,347.744,352.279
853.702,345.028,477.246
854.547,342.311,602.214
600.276,98.7305,475.413
602.46,97.4236,600.387
604.645,96.1166,725.361
597.053,223.682,476.776
599.238,222.375,601.75
601.423,221.068,726.724
593.831,348.633,478.139
596.016,347.326,603.113
598.201,346.019,728.087
725.215,101.976,473.263
727.4,100.669,598.237
729.585,99.362,723.211
721.993,226.927,474.626
724.178,225.62,599.6
726.362,224.313,724.574
718.77,351.878,475.989
720.955,350.571,600.963
723.14,349.264,725.937
850.154,105.221,471.113
852.339,103.914,596.087
854.524,102.607,721.061
846.932,230.172,472.476
849.117,228.865,597.45
851.302,227.558,722.424
843.71,355.123,473.839
845.895,353.816,598.813
848.079,352.509,723.787
599.507,99.3126,598.333
599.232,98.1624,723.327
598.958,97.0122,848.322
602.94,224.26,599.49
602.665,223.11,724.485
602.39,221.96,849.479
606.372,349.208,600.647
606.097,348.057,725.642
605.823,346.907,850.636
724.46,95.8777,598.576
724.185,94.7275,723.57
723.91,93.5773,848.565
727.892,220.825,599.733
727.618,219.675,724.728
727.343,218.525,849.722
731.325,345.773,600.89
731.05,344.623,725.885
730.775,343.472,850.879
849.412,92.4428,598.819
849.138,91.2926,723.813
848.863,90.1424,848.808
852.845,217.39,599.976
852.57,216.24,724.97
852.295,215.09,849.965
856.277,342.338,601.133
856.003,341.188,726.128
855.728,340.037,851.122
598.943,225.575,99.9397
598.922,225.938,224.939
598.902,226.301,349.939
599.505,350.574,99.5772
599.485,350.936,224.577
599.465,351.299,349.576
600.068,475.572,99.2148
600.048,475.934,224.214
600.027,476.297,349.214
723.942,225.013,99.9617
723.921,225.376,224.961
723.901,225.738,349.961
724.504,350.011,99.5993
724.484,350.374,224.599
724.463,350.736,349.598
725.067,475.009,99.2368
725.046,475.372,224.236
725.026,475.735,349.236
848.94,224.451,99.9838
848.92,224.813,224.983
848.9,225.176,349.983
849.503,349.449,99.6213
849.482,349.811,224.621
849.462,350.174,349.62
850.065,474.447,99.2589
850.045,474.809,224.258
850.025,475.172,349.258
601.319,223.901,223.288
600.205,227.069,348.243
599.09,230.238,473.198
603.57,348.841,220.14
602.455,352.009,345.095
601.34,355.178,470.05
605.821,473.781,216.992
604.706,476.949,341.947
603.591,480.118,466.902
726.294,221.679,224.459
725.179,224.847,349.414
724.064,228.016,474.369
728.545,346.619,221.311
727.43,349.788,346.266
726.315,352.956,471.221
730.796,471.559,218.163
729.681,474.728,343.118
728.566,477.896,468.073
851.269,219.457,225.631
850.154,222.626,350.586
849.039,225.794,475.54
853.52,344.397,222.483
852.405,347.566,347.438
851.29,350.734,472.392
855.77,469.337,219.335
854.655,472.506,344.29
853.541,475.674,469.245
601.232,226.262,350.68
597.851,223.356,475.601
594.469,220.45,600.521
600.411,351.226,353.565
597.03,348.32,478.485
593.648,345.414,603.406
599.59,476.19,356.449
596.209,473.284,481.37
592.827,470.378,606.29
726.184,227.004,354.08
722.802,224.098,479.001
719.421,221.193,603.921
725.363,351.968,356.965
721.981,349.062,481.885
718.6,346.157,606.805
724.542,476.932,359.849
721.16,474.027,484.769
717.779,471.121,609.69
851.136,227.747,357.48
847.754,224.841,482.4
844.372,221.935,607.321
850.314,352.711,360.364
846.933,349.805,485.285
843.551,346.899,610.205
849.493,477.675,363.249
846.112,474.769,488.169
842.73,471.863,613.09
598.754,223.129,475.03
599.761,223.007,600.026
600.767,222.884,725.022
601.665,348.095,475.129
602.672,347.973,600.125
603.678,347.85,725.121
604.577,473.061,475.228
605.583,472.939,600.224
606.589,472.816,725.22
723.716,220.219,474.021
724.723,220.096,599.017
725.729,219.974,724.013
726.628,345.185,474.12
727.634,345.062,599.116
728.64,344.94,724.112
729.539,470.151,474.219
730.545,470.029,599.215
731.551,469.906,724.211
848.679,217.309,473.013
849.685,217.186,598.009
850.691,217.064,723.004
851.59,342.275,473.112
852.596,342.152,598.107
853.602,342.03,723.103
854.501,467.241,473.21
855.507,467.118,598.206
856.513,466.996,723.202
599.429,224.403,599.679
596.709,225.863,724.641
593.988,227.324,849.603
596.314,349.355,598.151
593.593,350.815,723.113
590.873,352.276,848.075
593.199,474.306,596.623
590.478,475.767,721.585
587.758,477.227,846.547
724.361,227.55,602.363
721.64,229.011,727.324
718.919,230.471,852.286
721.246,352.502,600.834
718.525,353.963,725.796
715.804,355.423,850.758
718.131,477.454,599.306
715.41,478.914,724.268
712.689,480.375,849.23
849.292,230.698,605.046
846.572,232.158,730.008
843.851,233.619,854.97
846.177,355.649,603.518
843.457,357.11,728.479
840.736,358.57,853.441
843.062,480.601,601.989
840.341,482.062,726.951
837.621,483.522,851.913
599.235,350.937,99.9721
599.826,347.589,224.926
600.416,344.241,349.88
596.622,475.865,103.332
597.212,472.517,228.285
597.803,469.169,353.239
594.009,600.792,106.691
594.599,597.444,231.645
595.19,594.097,356.599
724.206,353.565,99.4517
724.797,350.217,224.405
725.388,346.87,349.359
721.593,478.493,102.811
722.184,475.145,227.765
722.775,471.797,352.719
718.98,603.42,106.171
719.571,600.073,231.125
720.161,596.725,356.078
849.177,356.193,98.9312
849.768,352.846,223.885
850.359,349.498,348.839
846.564,481.121,102.291
847.155,477.773,227.245
847.746,474.425,352.198
843.951,606.049,105.65
844.542,602.701,230.604
845.133,599.353,355.558
600.481,350.162,223.74
604.1,348.855,348.68
607.719,347.548,473.621
597.582,475.12,225.13
601.201,473.814,350.071
604.82,472.507,475.012
594.683,600.079,226.521
598.302,598.772,351.462
601.921,597.466,476.403
725.395,353.099,220.152
729.014,351.793,345.093
732.633,350.486,470.034
722.496,478.058,221.543
726.115,476.751,346.484
729.734,475.445,471.425
719.597,603.017,222.934
723.216,601.71,347.875
726.835,600.403,472.815
850.309,356.037,216.565
853.928,354.73,341.506
857.547,353.424,466.446
847.41,480.995,217.956
851.029,479.689,342.896
854.648,478.382,467.837
844.511,605.954,219.346
848.13,604.647,344.287
851.749,603.341,469.228
600.322,348.201,349.241
597.691,346.809,474.206
595.061,345.418,599.17
602.136,473.179,350.671
599.506,471.788,475.635
596.876,470.396,600.6
603.951,598.158,352.101
601.32,596.767,477.065
598.69,595.375,602.03
725.281,346.357,351.851
722.65,344.965,476.815
720.02,343.574,601.78
727.095,471.335,353.28
724.465,469.944,478.245
721.835,468.552,603.21
728.91,596.314,354.71
726.28,594.922,479.675
723.649,593.531,604.639
850.24,344.512,354.46
847.61,343.121,479.425
844.979,341.73,604.389
852.054,469.491,355.89
849.424,468.1,480.855
846.794,466.708,605.819
853.869,594.47,357.32
851.239,593.078,482.284
848.608,591.687,607.249
598.833,348.832,475.971
598.812,351.337,600.945
598.79,353.842,725.92
597.735,473.802,473.465
597.714,476.307,598.44
597.692,478.812,723.415
596.637,598.772,470.96
596.616,601.277,595.935
596.594,603.782,720.91
723.828,349.93,475.97
723.807,352.435,600.945
723.785,354.94,725.92
722.73,474.9,473.465
722.709,477.405,598.44
722.687,479.91,723.415
721.632,599.87,470.96
721.611,602.375,595.935
721.589,604.88,720.91
848.824,351.028,475.97
848.802,353.533,600.945
848.78,356.038,725.92
847.726,475.998,473.465
847.704,478.503,598.44
847.682,481.008,723.415
846.628,600.968,470.96
846.606,603.473,595.935
846.584,605.978,720.909
601.958,348.362,601.537
602.416,348.477,726.536
602.873,348.592,851.535
600.228,473.35,601.429
600.685,473.465,726.428
601.143,473.58,851.427
598.498,598.338,601.32
598.955,598.453,726.319
599.412,598.568,851.318
726.945,350.092,601.078
727.403,350.207,726.077
727.86,350.322,851.077
725.215,475.08,600.97
725.672,475.195,725.969
726.13,475.31,850.968
723.485,600.068,600.861
723.942,600.183,725.86
724.4,600.298,850.859
851.933,351.822,600.619
852.39,351.937,725.619
852.847,352.052,850.618
850.202,476.81,600.511
850.66,476.925,725.51
851.117,477.04,850.509
848.472,601.798,600.402
848.929,601.913,725.401
849.387,602.028,850.4
601.038,476.557,98.0169
599.378,474.389,222.987
597.719,472.222,347.957
603.689,601.509,100.219
602.029,599.342,225.19
600.37,597.174,350.16
606.339,726.462,102.422
604.68,724.294,227.392
603.02,722.127,352.362
725.999,473.878,99.6299
724.339,471.71,224.6
722.68,469.542,349.57
728.65,598.83,101.832
726.99,596.662,226.803
725.33,594.495,351.773
731.3,723.783,104.035
729.641,721.615,229.005
727.981,719.447,353.975
850.96,471.198,101.243
849.3,469.031,226.213
847.641,466.863,351.183
853.61,596.151,103.445
851.951,593.983,228.415
850.291,591.816,353.386
856.261,721.103,105.648
854.602,718.936,230.618
852.942,716.768,355.588
600.096,475.346,225.281
599.759,475.506,350.28
599.421,475.666,475.279
597.285,600.314,225.113
596.947,600.474,350.112
596.61,600.634,475.112
594.473,725.282,224.945
594.135,725.442,349.945
593.798,725.602,474.944
725.064,478.158,225.614
724.727,478.318,350.614
724.389,478.478,475.613
722.252,603.126,225.447
721.915,603.286,350.446
721.578,603.446,475.446
719.441,728.095,225.279
719.103,728.255,350.279
718.766,728.414,475.278
850.032,480.97,225.948
849.695,481.13,350.948
849.357,481.29,475.947
847.22,605.938,225.781
846.883,606.098,350.78
846.545,606.258,475.779
844.409,730.907,225.613
844.071,731.067,350.613
843.734,731.227,475.612
598.451,476.536,348.316
601.816,478.539,473.254
605.182,480.542,598.193
597.861,601.519,346.328
601.227,603.522,471.267
604.592,605.525,596.206
597.272,726.502,344.341
600.637,728.505,469.28
604.003,730.507,594.218
723.404,477.072,344.941
726.769,479.075,469.88
730.135,481.077,594.819
722.814,602.055,342.954
726.18,604.058,467.893
729.546,606.06,592.831
722.225,727.038,340.966
725.591,729.04,465.905
728.956,731.043,590.844
848.357,477.608,341.567
851.723,479.61,466.505
855.088,481.613,591.444
847.768,602.59,339.579
851.133,604.593,464.518
854.499,606.596,589.457
847.178,727.573,337.592
850.544,729.576,462.531
853.909,731.579,587.469
598.758,473.909,474.491
595.468,474.501,599.446
592.178,475.092,724.402
600.298,598.899,473.94
597.008,599.49,598.895
593.718,600.081,723.851
601.838,723.888,473.389
598.548,724.479,598.344
595.258,725.071,723.299
723.705,472.384,477.788
720.415,472.976,602.744
717.125,473.567,727.699
725.245,597.374,477.237
721.955,597.965,602.192
718.665,598.556,727.148
726.785,722.363,476.686
723.495,722.954,601.641
720.205,723.546,726.597
848.652,470.859,481.086
845.362,471.451,606.041
842.072,472.042,730.996
850.192,595.849,480.534
846.902,596.44,605.49
843.612,597.031,730.445
851.732,720.838,479.983
848.442,721.429,604.939
845.152,722.021,729.894
599.259,475.648,599.128
602.04,472.605,724.06
604.82,469.562,848.992
601.114,600.598,602.13
603.895,597.555,727.062
606.675,594.512,851.994
602.969,725.548,605.132
605.75,722.505,730.064
608.53,719.462,854.996
724.214,473.86,596.303
726.995,470.817,721.235
729.775,467.774,846.167
726.07,598.81,599.305
728.85,595.767,724.237
731.63,592.725,849.17
727.925,723.761,602.308
730.705,720.718,727.24
733.486,717.675,852.172
849.17,472.073,593.479
851.95,469.03,718.411
854.731,465.987,843.343
851.025,597.023,596.481
853.805,593.98,721.413
856.586,590.937,846.345
852.88,721.973,599.483
855.66,718.93,724.415
858.441,715.887,849.347
601.758,601.812,100.282
601.425,598.094,225.227
601.091,594.377,350.171
602.43,726.755,104.001
602.097,723.037,228.946
601.764,719.32,353.89
603.103,851.697,107.72
602.77,847.98,232.665
602.437,844.263,357.609
726.756,601.129,100.595
726.422,597.412,225.54
726.089,593.695,350.484
727.428,726.072,104.314
727.095,722.355,229.259
726.762,718.638,354.203
728.101,851.015,108.033
727.768,847.298,232.978
727.434,843.581,357.922
851.753,600.447,100.909
851.42,596.73,225.853
851.087,593.013,350.797
852.426,725.39,104.628
852.093,721.673,229.572
851.76,717.955,354.516
853.099,850.333,108.347
852.765,846.616,233.291
852.432,842.898,358.235
601.057,600.049,226.622
600.504,602.824,351.59
599.951,605.598,476.558
598.903,724.999,223.838
598.35,727.774,348.806
597.796,730.549,473.774
596.749,849.95,221.054
596.196,852.725,346.022
595.642,855.499,470.99
726.038,602.215,227.127
725.484,604.99,352.095
724.931,607.764,477.063
723.883,727.165,224.343
723.33,729.94,349.311
722.777,732.715,474.279
721.729,852.116,221.559
721.176,854.89,346.527
720.622,857.665,471.495
851.018,604.381,227.633
850.464,607.155,352.601
849.911,609.93,477.569
848.864,729.331,224.849
848.31,732.106,349.817
847.757,734.881,474.785
846.709,854.282,222.065
846.156,857.056,347.033
845.603,859.831,472.001
600.33,600.622,350.345
602.728,599.072,475.312
605.126,597.521,600.279
601.625,725.606,351.871
604.023,724.056,476.838
606.422,722.505,601.805
602.921,850.59,353.396
605.319,849.04,478.364
607.717,847.489,603.331
725.3,599.356,347.931
727.698,597.806,472.898
730.097,596.256,597.865
726.595,724.34,349.456
728.994,722.79,474.424
731.392,721.24,599.391
727.891,849.324,350.982
730.289,847.774,475.95
732.688,846.224,600.917
850.27,598.091,345.516
852.669,596.54,470.484
855.067,594.99,595.451
851.566,723.075,347.042
853.964,721.524,472.01
856.362,719.974,596.977
852.861,848.059,348.568
855.259,846.508,473.535
857.658,844.958,598.503
599.941,599.845,474.157
601.697,599.673,599.145
603.454,599.5,724.132
600.088,724.845,474.328
601.844,724.673,599.315
603.6,724.5,724.303
600.234,849.845,474.498
601.99,849.672,599.485
603.746,849.5,724.473
724.929,599.701,472.401
726.685,599.529,597.389
728.441,599.357,722.376
725.075,724.701,472.571
726.831,724.529,597.559
728.587,724.356,722.546
725.221,849.701,472.741
726.977,849.529,597.729
728.734,849.356,722.717
849.916,599.557,470.645
851.673,599.385,595.632
853.429,599.213,720.62
850.063,724.557,470.815
851.819,724.385,595.802
853.575,724.213,720.79
850.209,849.557,470.985
851.965,849.385,595.973
853.721,849.212,720.96
598.489,598.392,601.367
599.006,596.726,726.355
599.524,595.061,851.343
601.656,723.341,603.019
602.174,721.675,728.007
602.691,720.01,852.995
604.823,848.29,604.671
605.341,846.624,729.659
605.859,844.959,854.647
723.447,595.232,600.808
723.965,593.566,725.796
724.483,591.9,850.783
726.615,720.181,602.46
727.132,718.515,727.447
727.65,716.849,852.435
729.782,845.13,604.112
730.3,843.464,729.099
730.818,841.798,854.087
848.406,592.071,600.248
848.924,590.406,725.236
849.442,588.74,850.224
851.574,717.02,601.9
852.091,715.355,726.888
852.609,713.689,851.876
854.741,841.969,603.552
855.259,840.304,728.54
855.776,838.638,853.528
