27,125,pa2-debug-a-output1.txt
197.231,204.324,197.382
394.024,391.414,197.1
100.32,100.378,99.1401
99.2703,104.019,224.083
98.221,107.659,349.025
101.454,225.32,95.5093
100.405,228.961,220.452
99.3552,232.601,345.394
102.588,350.262,91.8784
101.539,353.903,216.821
100.489,357.543,341.764
225.31,99.275,100.222
224.261,102.915,225.165
223.211,106.556,350.107
226.444,224.217,96.5912
225.395,227.857,221.534
224.346,231.498,346.476
227.579,349.159,92.9603
226.529,352.8,217.903
225.48,356.44,342.845
350.301,98.1718,101.304
349.251,101.812,226.246
348.202,105.453,351.189
351.435,223.114,97.6731
350.385,226.754,222.616
349.336,230.395,347.558
352.569,348.056,94.0422
351.52,351.696,218.985
350.47,355.337,343.927
100.202,99.5324,224.428
101.022,99.1199,349.425
101.842,98.7074,474.422
98.677,224.522,224.851
99.497,224.11,349.847
100.317,223.697,474.844
97.1521,349.512,225.273
97.9721,349.1,350.27
98.7922,348.687,475.267
225.19,101.06,223.613
226.01,100.648,348.61
226.83,100.235,473.607
223.665,226.05,224.036
224.485,225.637,349.032
225.305,225.225,474.029
222.14,351.04,224.458
222.96,350.627,349.455
223.78,350.215,474.452
350.178,102.588,222.798
350.998,102.175,347.795
351.818,101.763,472.792
348.653,227.578,223.221
349.473,227.165,348.218
350.293,226.753,473.214
347.128,352.568,223.643
347.948,352.155,348.64
348.768,351.743,473.637
98.7711,101.67,348.613
102.496,101.49,473.557
106.22,101.31,598.501
97.1466,226.66,348.841
100.871,226.479,473.786
104.596,226.299,598.73
95.5222,351.649,349.07
99.2466,351.469,474.014
102.971,351.289,598.959
223.705,103.301,344.891
227.429,103.121,469.835
231.154,102.941,594.78
222.081,228.29,345.119
225.805,228.11,470.064
229.529,227.93,595.008
220.456,353.279,345.348
224.181,353.099,470.292
227.905,352.919,595.237
348.639,104.931,341.169
352.363,104.751,466.113
356.088,104.571,591.058
347.014,229.921,341.398
350.739,229.741,466.342
354.463,229.56,591.286
345.39,354.91,341.626
349.114,354.73,466.571
352.839,354.55,591.515
100.082,100.88,475.5
103.592,101.23,600.451
107.101,101.581,725.401
103.086,225.843,475.065
106.595,226.194,600.015
110.105,226.545,724.965
106.09,350.806,474.63
109.599,351.157,599.58
113.109,351.508,724.53
224.996,97.8647,472
228.506,98.2156,596.95
232.016,98.5665,721.901
228,222.828,471.565
231.51,223.179,596.515
235.02,223.53,721.465
231.004,347.791,471.129
234.514,348.142,596.08
238.024,348.493,721.03
349.911,94.8498,468.5
353.421,95.2007,593.45
356.93,95.5516,718.4
352.915,219.813,468.065
356.425,220.164,593.015
359.934,220.515,717.965
355.919,344.776,467.629
359.428,345.127,592.579
362.938,345.478,717.53
100.897,100.883,599.544
100.825,104.33,724.496
100.753,107.777,849.449
100.904,225.836,596.097
100.833,229.283,721.049
100.761,232.73,846.002
100.912,350.788,592.65
100.84,354.235,717.602
100.768,357.682,842.555
225.897,100.878,599.616
225.825,104.325,724.568
225.753,107.772,849.521
225.904,225.831,596.169
225.832,229.278,721.121
225.761,232.724,846.074
225.912,350.783,592.722
225.84,354.23,717.674
225.768,357.677,842.627
350.897,100.873,599.688
350.825,104.32,724.64
350.753,107.767,849.593
350.904,225.825,596.241
350.832,229.272,721.193
350.761,232.719,846.146
350.912,350.778,592.794
350.84,354.225,717.746
350.768,357.672,842.699
100.466,226.423,100.228
100.549,227.981,225.218
100.631,229.539,350.208
96.807,351.36,98.6731
96.8898,352.918,223.663
96.9727,354.475,348.654
93.1482,476.296,97.1184
93.2311,477.854,222.109
93.3139,479.412,347.099
225.412,230.08,100.099
225.495,231.638,225.09
225.578,233.196,350.08
221.753,355.017,98.5447
221.836,356.575,223.535
221.919,358.133,348.525
218.095,479.954,96.99
218.177,481.512,221.98
218.26,483.07,346.971
350.359,233.738,99.9711
350.441,235.296,224.961
350.524,236.854,349.952
346.7,358.675,98.4163
346.783,360.232,223.407
346.866,361.79,348.397
343.041,483.611,96.8616
343.124,485.169,221.852
343.207,486.727,346.842
100.922,225.402,224.576
101.579,224.293,349.57
102.237,223.183,474.563
102.979,350.38,225.674
103.636,349.271,350.668
104.293,348.162,475.661
105.036,475.358,226.773
105.693,474.249,351.766
106.35,473.14,476.759
225.904,223.351,223.901
226.561,222.242,348.894
227.218,221.133,473.888
227.96,348.329,224.999
228.618,347.22,349.993
229.275,346.111,474.986
230.017,473.307,226.097
230.674,472.198,351.091
231.331,471.089,476.084
350.885,221.3,223.226
351.542,220.191,348.219
352.199,219.082,473.212
352.942,346.278,224.324
353.599,345.169,349.317
354.256,344.06,474.311
354.998,471.257,225.422
355.656,470.147,350.415
356.313,469.038,475.409
100.45,226.603,348.13
98.9356,224.29,473.1
97.4213,221.977,598.069
98.1202,351.56,350.415
96.6059,349.247,475.384
95.0916,346.934,600.354
95.7905,476.518,352.699
94.2761,474.205,477.669
92.7618,471.892,602.638
225.419,228.904,349.687
223.905,226.591,474.657
222.39,224.278,599.626
223.089,353.862,351.972
221.575,351.549,476.941
220.061,349.236,601.911
220.76,478.819,354.256
219.245,476.506,479.226
217.731,474.193,604.195
350.388,231.206,351.244
348.874,228.893,476.214
347.36,226.58,601.183
348.058,356.163,353.529
346.544,353.85,478.498
345.03,351.537,603.468
345.729,481.121,355.813
344.214,478.808,480.783
342.7,476.495,605.752
101.965,225.471,476.486
100.207,224.307,601.469
98.4495,223.144,726.451
100.217,350.454,477.625
98.4596,349.29,602.608
96.702,348.127,727.59
98.4697,475.436,478.764
96.7121,474.273,603.747
94.9545,473.109,728.729
226.94,227.202,478.26
225.182,226.039,603.242
223.425,224.875,728.225
225.193,352.185,479.399
223.435,351.021,604.381
221.677,349.858,729.363
223.445,477.167,480.538
221.688,476.004,605.52
219.93,474.84,730.502
351.916,228.933,480.034
350.158,227.77,605.016
348.4,226.606,729.998
350.168,353.916,481.173
348.41,352.752,606.155
346.653,351.589,731.137
348.421,478.899,482.312
346.663,477.735,607.294
344.905,476.572,732.276
99.5907,224.188,598.221
100.061,224.435,723.219
100.531,224.682,848.218
99.6358,349.188,597.974
100.106,349.435,722.972
100.576,349.682,847.971
99.681,474.188,597.727
100.151,474.435,722.725
100.621,474.681,847.724
224.59,224.142,597.751
225.06,224.389,722.749
225.53,224.636,847.748
224.635,349.142,597.504
225.105,349.389,722.503
225.575,349.636,847.501
224.68,474.142,597.257
225.15,474.388,722.256
225.62,474.635,847.254
349.589,224.096,597.281
350.059,224.343,722.28
350.529,224.59,847.278
349.634,349.096,597.034
350.104,349.343,722.033
350.574,349.589,847.031
349.679,474.096,596.787
350.149,474.342,721.786
350.619,474.589,846.784
99.4824,348.308,99.3615
102.649,345.089,224.28
105.816,341.869,349.198
98.6881,473.264,102.602
101.855,470.044,227.52
105.022,466.825,352.439
97.8939,598.219,105.843
101.061,595,230.761
104.228,591.78,355.679
224.44,349.184,96.2161
227.607,345.965,221.134
230.774,342.745,346.053
223.645,474.139,99.4566
226.812,470.92,224.375
229.98,467.701,349.293
222.851,599.095,102.697
226.018,595.875,227.616
229.185,592.656,352.534
349.397,350.06,93.0707
352.564,346.84,217.989
355.731,343.621,342.907
348.603,475.015,96.3112
351.77,471.796,221.23
354.937,468.576,346.148
347.809,599.971,99.5517
350.976,596.751,224.47
354.143,593.532,349.388
98.3377,348.361,224.371
96.6675,348.289,349.36
94.9974,348.217,474.349
101.943,473.309,224.491
100.273,473.237,349.48
98.603,473.165,474.469
105.549,598.257,224.612
103.879,598.185,349.6
102.209,598.113,474.589
223.275,344.754,226.038
221.604,344.682,351.027
219.934,344.61,476.016
226.88,469.702,226.159
225.21,469.63,351.147
223.54,469.558,476.136
230.486,594.65,226.279
228.816,594.578,351.268
227.145,594.506,476.257
348.211,341.147,227.706
346.541,341.075,352.695
344.871,341.003,477.683
351.817,466.095,227.826
350.147,466.023,352.815
348.477,465.951,477.804
355.423,591.043,227.946
353.752,590.971,352.935
352.082,590.899,477.924
101.594,349.439,350.623
97.8505,350.891,475.558
94.1073,352.342,600.494
100.328,474.424,349.133
96.585,475.876,474.068
92.8418,477.327,599.004
99.0626,599.409,347.643
95.3194,600.86,472.578
91.5762,602.312,597.514
226.531,350.749,354.351
222.788,352.2,479.286
219.045,353.652,604.222
225.266,475.734,352.861
221.523,477.185,477.796
217.779,478.636,602.732
224,600.718,351.371
220.257,602.17,476.306
216.514,603.621,601.242
351.469,352.058,358.079
347.726,353.51,483.014
343.982,354.961,607.95
350.203,477.043,356.589
346.46,478.494,481.524
342.717,479.946,606.46
348.938,602.028,355.099
345.194,603.479,480.034
341.451,604.931,604.97
101.248,351.583,474.047
99.9053,352.69,599.035
98.5627,353.798,724.023
101.518,476.578,472.942
100.175,477.685,597.93
98.8324,478.793,722.918
101.787,601.572,471.837
100.445,602.68,596.825
99.1021,603.788,721.813
226.24,351.325,475.392
224.898,352.433,600.38
223.555,353.54,725.368
226.51,476.32,474.287
225.167,477.428,599.275
223.825,478.535,724.263
226.78,601.315,473.182
225.437,602.422,598.17
224.095,603.53,723.158
351.233,351.067,476.737
349.89,352.175,601.725
348.548,353.283,726.713
351.503,476.062,475.632
350.16,477.17,600.62
348.817,478.277,725.608
351.772,601.057,474.527
350.43,602.165,599.515
349.087,603.272,724.503
100.872,349.483,598.41
101.011,346.203,723.367
101.149,342.924,848.324
103.381,474.414,601.686
103.519,471.135,726.643
103.657,467.856,851.6
105.889,599.346,604.962
106.027,596.067,729.919
106.166,592.788,854.875
225.847,346.979,598.206
225.985,343.699,723.163
226.124,340.42,848.12
228.355,471.91,601.482
228.494,468.631,726.439
228.632,465.352,851.396
230.864,596.842,604.758
231.002,593.563,729.714
231.141,590.284,854.671
350.822,344.475,598.002
350.96,341.195,722.959
351.098,337.916,847.916
353.33,469.406,601.278
353.469,466.127,726.235
353.607,462.848,851.192
355.839,594.338,604.553
355.977,591.059,729.51
356.115,587.78,854.467
100.561,474.683,101.533
103.397,478.206,226.451
106.233,481.728,351.369
98.3787,599.616,98.0593
101.215,603.138,222.977
104.051,606.661,347.896
96.1967,724.548,94.5858
99.033,728.071,219.504
101.869,731.594,344.422
225.509,476.785,98.6366
228.346,480.307,223.555
231.182,483.83,348.473
223.328,601.717,95.1631
226.164,605.24,220.081
229,608.763,344.999
221.146,726.65,91.6895
223.982,730.173,216.608
226.818,733.695,341.526
350.458,478.886,95.7404
353.295,482.409,220.659
356.131,485.932,345.577
348.276,603.819,92.2669
351.113,607.342,217.185
353.949,610.864,342.103
346.094,728.752,88.7933
348.931,732.274,213.711
351.767,735.797,338.63
99.7594,473.664,225.191
102.286,473.568,350.165
104.812,473.471,475.14
101.633,598.65,225.249
104.16,598.554,350.224
106.686,598.457,475.198
103.507,723.636,225.308
106.033,723.54,350.282
108.56,723.443,475.257
224.72,471.792,222.663
227.246,471.695,347.638
229.772,471.599,472.612
226.594,596.778,222.722
229.12,596.681,347.696
231.646,596.585,472.671
228.468,721.764,222.78
230.994,721.667,347.755
233.52,721.571,472.729
349.68,469.919,220.136
352.207,469.823,345.11
354.733,469.727,470.085
351.554,594.905,220.194
354.08,594.809,345.169
356.607,594.712,470.143
353.428,719.891,220.253
355.954,719.795,345.227
358.481,719.698,470.202
99.3785,476.253,351.47
98.588,476.927,476.466
97.7975,477.602,601.462
99.2031,601.251,350.795
98.4126,601.925,475.79
97.6221,602.6,600.786
99.0277,726.249,350.119
98.2373,726.923,475.115
97.4468,727.598,600.111
224.376,476.433,352.26
223.585,477.107,477.256
222.795,477.781,602.251
224.2,601.431,351.584
223.41,602.105,476.58
222.62,602.779,601.576
224.025,726.429,350.909
223.235,727.103,475.904
222.444,727.777,600.9
349.373,476.612,353.049
348.583,477.287,478.045
347.792,477.961,603.041
349.198,601.61,352.374
348.407,602.285,477.37
347.617,602.959,602.365
349.023,726.608,351.698
348.232,727.283,476.694
347.442,727.957,601.69
101.302,476.29,474.179
102.165,475.269,599.172
103.028,474.248,724.165
103.927,601.258,475.182
104.791,600.237,600.174
105.654,599.216,725.167
106.553,726.226,476.184
107.416,725.205,601.177
108.279,724.184,726.17
226.271,473.671,473.294
227.135,472.65,598.287
227.998,471.629,723.28
228.897,598.64,474.297
229.76,597.619,599.29
230.623,596.598,724.283
231.522,723.608,475.3
232.385,722.587,600.293
233.249,721.566,725.286
351.241,471.053,472.41
352.104,470.032,597.403
352.967,469.011,722.396
353.866,596.021,473.413
354.729,595,598.406
355.593,593.979,723.398
356.492,720.99,474.415
357.355,719.969,599.408
358.218,718.948,724.401
98.8114,474.821,600.218
100.367,475.193,725.208
101.922,475.565,850.198
102.525,599.765,599.8
104.08,600.137,724.79
105.635,600.509,849.78
106.238,724.709,599.382
107.793,725.081,724.372
109.348,725.453,849.362
223.747,471.103,598.675
225.302,471.475,723.664
226.857,471.847,848.654
227.46,596.047,598.256
229.015,596.419,723.246
230.57,596.791,848.236
231.173,720.991,597.838
232.728,721.363,722.828
234.283,721.735,847.818
348.682,467.385,597.131
350.237,467.757,722.121
351.792,468.128,847.111
352.395,592.329,596.713
353.95,592.701,721.703
355.505,593.073,846.693
356.108,717.273,596.295
357.663,717.645,721.285
359.219,718.017,846.274
100.176,600.25,100.959
102.867,602.306,225.913
105.557,604.362,350.867
103.811,725.179,98.8253
106.502,727.235,223.779
109.193,729.291,348.734
107.446,850.108,96.6913
110.137,852.164,221.645
112.828,854.22,346.6
225.094,596.57,98.3298
227.785,598.626,223.284
230.475,600.682,348.238
228.729,721.499,96.1959
231.42,723.555,221.15
234.111,725.611,346.104
232.365,846.428,94.062
235.055,848.484,219.016
237.746,850.54,343.97
350.012,592.89,95.7004
352.703,594.946,220.655
355.394,597.002,345.609
353.647,717.819,93.5665
356.338,719.875,218.521
359.029,721.931,343.475
357.283,842.748,91.4326
359.973,844.804,216.387
362.664,846.86,341.341
101.958,600.889,223.65
105.431,603.587,348.573
108.904,606.285,473.496
101.479,725.859,220.965
104.952,728.557,345.887
108.424,731.255,470.81
101,850.829,218.279
104.472,853.527,343.202
107.945,856.225,468.124
226.909,601.293,220.168
230.382,603.991,345.091
233.855,606.689,470.013
226.43,726.263,217.482
229.903,728.961,342.405
233.375,731.659,467.328
225.95,851.233,214.797
229.423,853.931,339.719
232.896,856.629,464.642
351.86,601.697,216.686
355.333,604.395,341.608
358.805,607.093,466.531
351.381,726.668,214
354.853,729.366,338.923
358.326,732.064,463.845
350.901,851.638,211.314
354.374,854.336,336.237
357.847,857.034,461.16
100.693,600.922,349.962
103.951,600.031,474.917
107.21,599.141,599.871
104,725.876,350.767
107.259,724.985,475.721
110.518,724.095,600.676
107.307,850.829,351.571
110.566,849.939,476.526
113.825,849.048,601.48
225.606,597.637,346.681
228.865,596.746,471.636
232.124,595.856,596.59
228.914,722.591,347.486
232.173,721.7,472.44
235.431,720.809,597.394
232.221,847.544,348.29
235.48,846.654,473.244
238.739,845.763,598.199
350.52,594.352,343.4
353.779,593.461,468.354
357.038,592.571,593.309
353.827,719.305,344.204
357.086,718.415,469.159
360.345,717.524,594.113
357.135,844.259,345.009
360.394,843.369,469.963
363.652,842.478,594.918
101.16,599.539,473.247
102.45,600.205,598.239
103.74,600.871,723.23
102.63,724.529,472.566
103.92,725.195,597.557
105.211,725.861,722.549
104.1,849.518,471.884
105.391,850.184,596.876
106.681,850.85,721.868
226.144,598.062,471.965
227.435,598.728,596.956
228.725,599.394,721.948
227.615,723.051,471.283
228.905,723.717,596.275
230.195,724.384,721.267
229.085,848.041,470.602
230.375,848.707,595.594
231.666,849.373,720.585
351.129,596.585,470.682
352.419,597.251,595.674
353.71,597.917,720.666
352.599,721.574,470.001
353.89,722.24,594.993
355.18,722.906,719.984
354.07,846.564,469.32
355.36,847.23,594.311
356.65,847.896,719.303
100.602,599.113,598.095
104.121,595.345,722.988
107.639,591.577,847.882
104.151,724.009,601.763
107.67,720.241,726.656
111.189,716.473,851.55
107.701,848.904,605.431
111.219,845.136,730.325
114.738,841.368,855.218
225.502,595.67,594.472
229.021,591.902,719.366
232.539,588.134,844.259
229.051,720.566,598.14
232.57,716.798,723.034
236.089,713.029,847.927
232.601,845.461,601.808
236.119,841.693,726.702
239.638,837.925,851.596
350.402,592.227,590.849
353.921,588.459,715.743
357.439,584.691,840.637
353.951,717.122,594.517
357.47,713.354,719.411
360.989,709.586,844.305
357.501,842.018,598.186
361.019,838.25,723.079
364.538,834.482,847.973
225.1,100.388,98.3382
226.353,103.644,223.289
227.607,106.899,348.241
221.851,225.304,95.1162
223.105,228.56,220.067
224.358,231.815,345.019
218.602,350.221,91.8942
219.856,353.476,216.846
221.11,356.732,341.797
350.051,103.603,97.0007
351.305,106.859,221.952
352.559,110.114,346.903
346.803,228.519,93.7787
348.056,231.775,218.73
349.31,235.031,343.681
343.554,353.436,90.5567
344.808,356.691,215.508
346.061,359.947,340.459
475.003,106.818,95.6632
476.256,110.074,220.614
477.51,113.329,345.566
471.754,231.735,92.4412
473.008,234.99,217.393
474.261,238.246,342.344
468.505,356.651,89.2192
469.759,359.906,214.171
471.013,363.162,339.122
225.244,100.834,224.967
222.232,97.8319,349.895
219.219,94.8293,474.823
226.245,225.794,227.995
223.233,222.791,352.923
220.22,219.789,477.85
227.247,350.753,231.022
224.234,347.751,355.95
221.222,344.748,480.878
350.204,99.7607,227.955
347.191,96.7582,352.883
344.179,93.7557,477.81
351.205,224.72,230.982
348.192,221.718,355.91
345.18,218.715,480.838
352.206,349.679,234.01
349.194,346.677,358.937
346.181,343.674,483.865
475.163,98.687,230.942
472.151,95.6845,355.87
469.138,92.682,480.798
476.165,223.646,233.97
473.152,220.644,358.897
470.14,217.641,483.825
477.166,348.606,236.997
474.153,345.603,361.925
471.141,342.601,486.853
223.397,98.8631,350.129
220.348,96.3129,475.065
217.299,93.7626,600.002
220.701,223.809,352.613
217.653,221.259,477.55
214.604,218.709,602.487
218.006,348.756,355.098
214.957,346.205,480.035
211.908,343.655,604.971
348.33,101.497,353.231
345.282,98.9463,478.168
342.233,96.396,603.105
345.635,226.443,355.716
342.586,223.893,480.653
339.537,221.342,605.589
342.94,351.389,358.2
339.891,348.839,483.137
336.842,346.288,608.074
473.264,104.13,356.334
470.215,101.58,481.27
467.167,99.0294,606.207
470.569,229.076,358.818
467.52,226.526,483.755
464.471,223.976,608.692
467.873,354.022,361.303
464.825,351.472,486.24
461.776,348.922,611.176
226.6,101.07,476.579
229.631,98.6606,601.519
232.662,96.2516,726.459
225.309,226.039,479.02
228.34,223.63,603.96
231.371,221.221,728.9
224.017,351.009,481.461
227.048,348.6,606.401
230.079,346.191,731.341
351.557,102.42,473.574
354.588,100.011,598.514
357.619,97.6015,723.454
350.265,227.389,476.015
353.296,224.98,600.955
356.327,222.571,725.895
348.974,352.359,478.456
352.005,349.949,603.396
355.036,347.54,728.336
476.513,103.769,470.569
479.544,101.36,595.509
482.575,98.9514,720.449
475.222,228.739,473.01
478.253,226.33,597.95
481.284,223.921,722.89
473.931,353.708,475.451
476.961,351.299,600.391
479.992,348.89,725.331
224.644,100.988,600.11
226.807,101.218,725.092
228.969,101.449,850.073
227.468,225.955,599.831
229.631,226.186,724.812
231.794,226.417,849.793
230.292,350.923,599.552
232.455,351.154,724.533
234.618,351.384,849.514
349.593,98.1591,597.953
351.756,98.3897,722.934
353.919,98.6203,847.916
352.417,223.127,597.674
354.58,223.358,722.655
356.743,223.588,847.636
355.241,348.095,597.394
357.404,348.325,722.376
359.567,348.556,847.357
474.542,95.3307,595.796
476.705,95.5613,720.777
478.868,95.7919,845.758
477.366,220.298,595.517
479.529,220.529,720.498
481.692,220.76,845.479
480.191,345.266,595.237
482.353,345.497,720.218
484.516,345.727,845.2
226.567,225.782,100.062
227.917,222.545,225.012
229.268,219.307,349.963
226.138,350.74,103.304
227.488,347.502,228.255
228.838,344.264,353.206
225.708,475.697,106.546
227.059,472.459,231.497
228.409,469.222,356.448
351.559,226.247,98.7231
352.909,223.009,223.674
354.26,219.771,348.625
351.13,351.204,101.965
352.48,347.966,226.916
353.83,344.729,351.867
350.7,476.161,105.208
352.051,472.923,230.159
353.401,469.686,355.109
476.551,226.711,97.3845
477.901,223.473,222.335
479.252,220.236,347.286
476.122,351.668,100.627
477.472,348.431,225.578
478.822,345.193,350.528
475.692,476.625,103.869
477.043,473.388,228.82
478.393,470.15,353.771
225.248,226.741,226.738
226.299,228.259,351.724
227.351,229.778,476.71
227.952,351.703,225.197
229.004,353.221,350.183
230.055,354.739,475.17
230.656,476.664,223.656
231.708,478.182,348.643
232.76,479.7,473.629
350.214,224.024,225.719
351.266,225.543,350.706
352.317,227.061,475.692
352.918,348.986,224.179
353.97,350.504,349.165
355.022,352.022,474.151
355.623,473.947,222.638
356.674,475.465,347.624
357.726,476.983,472.611
475.18,221.307,224.701
476.232,222.826,349.687
477.284,224.344,474.674
477.885,346.269,223.16
478.936,347.787,348.147
479.988,349.305,473.133
480.589,471.23,221.62
481.641,472.748,346.606
482.692,474.266,471.592
226.563,223.082,348.277
229.933,226.311,473.19
233.303,229.539,598.103
224.478,348.024,345.105
227.848,351.253,470.017
231.218,354.481,594.93
222.392,472.967,341.932
225.762,476.195,466.844
229.133,479.424,591.757
351.5,225.081,344.855
354.87,228.309,469.768
358.24,231.537,594.681
349.415,350.023,341.682
352.785,353.251,466.595
356.155,356.48,591.508
347.33,474.965,338.509
350.7,478.194,463.422
354.07,481.422,588.335
476.437,227.079,341.433
479.808,230.307,466.346
483.178,233.536,591.258
474.352,352.021,338.26
477.722,355.25,463.173
481.092,358.478,588.085
472.267,476.964,335.087
475.637,480.192,460
479.007,483.42,584.913
224.777,224.582,475.84
227.807,227.077,600.779
230.836,229.573,725.717
224.494,349.557,473.351
227.523,352.052,598.289
230.553,354.548,723.228
224.211,474.531,470.862
227.24,477.027,595.8
230.269,479.523,720.738
349.74,224.805,472.806
352.77,227.3,597.744
355.799,229.796,722.683
349.457,349.779,470.317
352.486,352.275,595.255
355.516,354.771,720.193
349.174,474.754,467.827
352.203,477.25,592.766
355.232,479.745,717.704
474.703,225.027,469.772
477.733,227.523,594.71
480.762,230.019,719.648
474.42,350.002,467.282
477.449,352.498,592.221
480.479,354.993,717.159
474.137,474.977,464.793
477.166,477.473,589.731
480.195,479.968,714.67
224.849,226.779,600.078
222.404,229.899,725.015
219.959,233.018,849.953
225.194,351.74,596.965
222.749,354.859,721.902
220.305,357.979,846.839
225.54,476.701,593.852
223.095,479.82,718.789
220.65,482.94,843.726
349.824,226.495,602.531
347.379,229.614,727.468
344.935,232.734,852.405
350.17,351.456,599.418
347.725,354.575,724.355
345.28,357.694,849.292
350.515,476.416,596.305
348.071,479.536,721.242
345.626,482.655,846.179
474.8,226.21,604.984
472.355,229.33,729.921
469.91,232.449,854.858
475.145,351.171,601.871
472.701,354.291,726.808
470.256,357.41,851.745
475.491,476.132,598.757
473.046,479.251,723.695
470.601,482.371,848.632
225.871,348.741,99.8717
229.167,347.021,224.816
232.462,345.301,349.761
223.792,473.711,101.647
227.088,471.991,226.592
230.384,470.271,351.536
221.714,598.681,103.422
225.01,596.961,228.367
228.306,595.241,353.311
350.81,350.865,96.6052
354.106,349.145,221.55
357.402,347.425,346.495
348.732,475.835,98.3803
352.028,474.115,223.325
355.323,472.395,348.27
346.653,600.805,100.155
349.949,599.085,225.1
353.245,597.365,350.045
475.749,352.989,93.3386
479.045,351.269,218.283
482.341,349.549,343.228
473.671,477.959,95.1137
476.967,476.239,220.058
480.263,474.519,345.003
471.593,602.929,96.8889
474.888,601.209,221.834
478.184,599.489,346.778
224.676,350.28,225.508
224.342,351.288,350.503
224.007,352.295,475.499
222.339,475.254,224.494
222.005,476.262,349.489
221.67,477.269,474.485
220.002,600.228,223.48
219.668,601.236,348.476
219.334,602.243,473.471
349.654,352.62,225.823
349.319,353.627,350.819
348.985,354.635,475.814
347.317,477.594,224.81
346.983,478.601,349.805
346.648,479.609,474.8
344.98,602.568,223.796
344.646,603.575,348.791
344.311,604.583,473.787
474.631,354.959,226.139
474.297,355.967,351.134
473.963,356.974,476.13
472.295,479.933,225.125
471.96,480.941,350.121
471.626,481.948,475.116
469.958,604.907,224.111
469.623,605.915,349.107
469.289,606.922,474.102
224.356,351.53,350.837
224.669,350.089,475.828
224.981,348.648,600.82
227.921,476.471,352.269
228.234,475.03,477.26
228.546,473.589,602.251
231.486,601.412,353.7
231.799,599.971,478.691
232.111,598.53,603.683
349.305,347.969,350.483
349.617,346.528,475.475
349.93,345.087,600.466
352.87,472.91,351.915
353.183,471.469,476.906
353.495,470.028,601.898
356.435,597.851,353.346
356.748,596.41,478.338
357.06,594.969,603.329
474.254,344.408,350.13
474.566,342.967,475.121
474.879,341.526,600.112
477.819,469.349,351.561
478.131,467.908,476.553
478.444,466.467,601.544
481.384,594.289,352.993
481.696,592.848,477.984
482.009,591.407,602.975
225.269,351.721,475.345
223.456,348.98,600.302
221.643,346.239,725.258
223.051,476.672,478.054
221.238,473.931,603.01
219.425,471.19,727.967
220.833,601.623,480.762
219.02,598.882,605.719
217.207,596.14,730.676
350.236,353.899,477.206
348.423,351.158,602.162
346.61,348.417,727.119
348.018,478.85,479.914
346.205,476.109,604.871
344.392,473.368,729.828
345.8,603.801,482.623
343.987,601.06,607.58
342.174,598.319,732.537
475.203,356.077,479.066
473.39,353.336,604.023
471.577,350.595,728.98
472.985,481.028,481.775
471.172,478.287,606.732
469.359,475.546,731.689
470.767,605.979,484.484
468.954,603.238,609.441
467.141,600.497,734.398
224.302,351.555,601.589
221.177,348.423,726.51
218.051,345.29,851.432
221.89,476.494,604.661
218.765,473.362,729.583
215.639,470.229,854.505
219.479,601.433,607.734
216.353,598.301,732.656
213.228,595.168,857.577
349.24,353.889,604.773
346.114,350.756,729.695
342.989,347.624,854.617
346.828,478.827,607.846
343.702,475.695,732.768
340.577,472.563,857.689
344.416,603.766,610.918
341.291,600.634,735.84
338.165,597.501,860.762
474.177,356.222,607.958
471.052,353.089,732.879
467.926,349.957,857.801
471.766,481.161,611.03
468.64,478.028,735.952
465.515,474.896,860.874
469.354,606.1,614.103
466.228,602.967,739.025
463.103,599.835,863.946
226.024,474.269,99.5326
226.186,471.665,224.505
226.347,469.061,349.478
224.693,599.235,102.138
224.855,596.631,227.111
225.016,594.027,352.084
223.362,724.201,104.744
223.524,721.597,229.717
223.685,718.992,354.69
351.017,475.603,99.3989
351.178,472.999,224.372
351.34,470.395,349.344
349.686,600.569,102.005
349.847,597.965,226.977
350.009,595.361,351.95
348.355,725.535,104.611
348.517,722.931,229.583
348.678,720.327,354.556
476.01,476.938,99.2653
476.171,474.333,224.238
476.333,471.729,349.211
474.679,601.903,101.871
474.84,599.299,226.844
475.002,596.695,351.817
473.348,726.869,104.477
473.509,724.265,229.45
473.671,721.661,354.422
223.647,476.507,225.84
223.39,474.164,350.818
223.133,471.822,475.796
225.809,601.466,228.187
225.551,599.123,353.165
225.294,596.781,478.142
227.97,726.425,230.533
227.713,724.083,355.511
227.456,721.74,480.489
348.628,474.341,226.057
348.371,471.998,351.035
348.114,469.656,476.013
350.79,599.3,228.403
350.532,596.957,353.381
350.275,594.615,478.359
352.951,724.259,230.75
352.694,721.917,355.728
352.437,719.574,480.705
473.609,472.175,226.274
473.352,469.832,351.251
473.095,467.49,476.229
475.771,597.134,228.62
475.514,594.792,353.598
475.256,592.449,478.576
477.932,722.093,230.966
477.675,719.751,355.944
477.418,717.408,480.922
224.066,476.839,351.141
221.829,476.319,476.12
219.591,475.8,601.099
220.967,601.8,351.605
218.73,601.28,476.584
216.492,600.76,601.563
217.869,726.76,352.069
215.631,726.241,477.048
213.393,725.721,602.027
349.008,479.929,353.391
346.77,479.409,478.37
344.532,478.89,603.349
345.909,604.89,353.855
343.671,604.37,478.834
341.434,603.85,603.813
342.81,729.85,354.319
340.572,729.331,479.298
338.335,728.811,604.277
473.949,483.019,355.641
471.712,482.499,480.62
469.474,481.98,605.598
470.85,607.98,356.105
468.613,607.46,481.084
466.375,606.94,606.062
467.752,732.94,356.569
465.514,732.421,481.548
463.276,731.901,606.527
225.759,476.09,473.501
225.504,475.904,598.5
225.25,475.718,723.5
224.773,601.086,473.685
224.519,600.9,598.684
224.265,600.714,723.684
223.788,726.082,473.869
223.534,725.896,598.868
223.28,725.71,723.868
350.754,477.075,473.756
350.5,476.889,598.756
350.246,476.703,723.756
349.769,602.071,473.94
349.515,601.885,598.94
349.261,601.699,723.94
348.784,727.067,474.124
348.53,726.881,599.124
348.276,726.695,724.124
475.75,478.06,474.012
475.496,477.874,599.012
475.242,477.688,724.011
474.765,603.056,474.196
474.511,602.87,599.196
474.257,602.684,724.195
473.78,728.052,474.38
473.526,727.866,599.38
473.271,727.68,724.379
225.44,476.059,600.687
227.842,472.573,725.615
230.243,469.088,850.544
223.497,600.994,604.21
225.898,597.509,729.139
228.3,594.023,854.067
221.553,725.929,607.733
223.955,722.444,732.662
226.356,718.958,857.59
350.402,478.069,598.341
352.804,474.584,723.269
355.205,471.098,848.198
348.459,603.004,601.864
350.86,599.519,726.793
353.261,596.033,851.721
346.515,727.94,605.387
348.916,724.454,730.316
351.318,720.968,855.244
475.364,480.079,595.995
477.765,476.594,720.923
480.167,473.108,845.852
473.42,605.015,599.518
475.822,601.529,724.446
478.223,598.043,849.375
471.477,729.95,603.041
473.878,726.464,727.97
476.28,722.979,852.898
224.742,598.653,98.8715
225.115,598.772,223.871
225.487,598.891,348.87
221.937,723.621,98.7607
222.31,723.74,223.76
222.682,723.859,348.759
219.132,848.589,98.6499
219.504,848.709,223.649
219.877,848.828,348.649
349.71,601.457,98.4964
350.083,601.577,223.496
350.455,601.696,348.495
346.905,726.426,98.3856
347.278,726.545,223.385
347.65,726.664,348.384
344.1,851.394,98.2748
344.472,851.513,223.274
344.845,851.633,348.274
474.678,604.262,98.1214
475.051,604.381,223.121
475.423,604.501,348.12
471.873,729.231,98.0106
472.245,729.35,223.01
472.618,729.469,348.009
469.068,854.199,97.8998
469.44,854.318,222.899
469.813,854.437,347.899
226.209,601.269,225.098
222.478,602.554,350.036
218.748,603.838,474.974
229.12,726.229,223.9
225.39,727.514,348.838
221.659,728.799,473.776
232.031,851.19,222.703
228.301,852.474,347.64
224.57,853.759,472.578
351.12,598.395,228.858
347.389,599.68,353.795
343.658,600.964,478.733
354.031,723.355,227.66
350.3,724.64,352.597
346.569,725.925,477.535
356.942,848.316,226.462
353.211,849.6,351.4
349.48,850.885,476.337
476.03,595.521,232.617
472.299,596.806,357.555
468.569,598.09,482.492
478.941,720.481,231.419
475.21,721.766,356.357
471.48,723.051,481.295
481.852,845.442,230.221
478.122,846.726,355.159
474.391,848.011,480.097
223.633,598.233,350.043
221.732,594.797,474.981
219.831,591.36,599.92
221.431,723.168,353.446
219.53,719.731,478.385
217.629,716.294,603.323
219.229,848.102,356.85
217.328,844.665,481.788
215.427,841.228,606.726
348.599,600.383,352.004
346.698,596.946,476.942
344.797,593.509,601.88
346.397,725.317,355.407
344.496,721.88,480.345
342.595,718.443,605.283
344.195,850.251,358.81
342.294,846.814,483.748
340.393,843.377,608.686
473.565,602.532,353.964
471.664,599.095,478.902
469.764,595.658,603.84
471.363,727.466,357.367
469.462,724.029,482.305
467.562,720.592,607.244
469.161,852.4,360.77
467.26,848.963,485.709
465.36,845.527,610.647
223.801,599.202,474.739
226.286,602.568,599.669
228.772,605.935,724.599
226.34,724.129,471.322
228.826,727.496,596.252
231.311,730.862,721.182
228.879,849.057,467.905
231.365,852.423,592.835
233.85,855.79,717.765
348.75,596.596,472.323
351.236,599.963,597.253
353.721,603.329,722.183
351.289,721.523,468.906
353.775,724.89,593.836
356.261,728.257,718.766
353.829,846.451,465.489
356.314,849.817,590.419
358.8,853.184,715.349
473.7,593.99,469.908
476.185,597.357,594.838
478.671,600.723,719.768
476.239,718.918,466.491
478.724,722.284,591.421
481.21,725.651,716.35
478.778,843.845,463.074
481.264,847.212,588.003
483.749,850.578,712.933
224.37,600.819,599.537
224.311,598.706,724.519
224.252,596.594,849.501
224.099,725.801,601.649
224.04,723.688,726.631
223.981,721.575,851.614
223.829,850.782,603.762
223.77,848.67,728.744
223.711,846.557,853.726
349.369,601.088,599.6
349.311,598.976,724.583
349.252,596.863,849.565
349.099,726.07,601.713
349.04,723.957,726.695
348.981,721.845,851.677
348.828,851.052,603.825
348.769,848.939,728.807
348.711,846.827,853.79
474.369,601.358,599.664
474.31,599.245,724.646
474.251,597.133,849.628
474.099,726.34,601.776
474.04,724.227,726.759
473.981,722.114,851.741
473.828,851.321,603.889
473.769,849.209,728.871
473.71,847.096,853.853
348.01,101.76,99.4395
351.014,105.354,224.352
354.019,108.948,349.264
349.994,226.691,95.7972
352.998,230.285,220.709
356.002,233.879,345.622
351.978,351.622,92.155
354.982,355.216,217.067
357.986,358.81,341.979
472.958,99.6898,96.4938
475.962,103.284,221.406
478.967,106.878,346.318
474.942,224.621,92.8516
477.946,228.215,217.764
480.951,231.809,342.676
476.926,349.552,89.2093
479.93,353.146,214.121
482.934,356.74,339.034
597.906,97.6199,93.5482
600.911,101.214,218.46
603.915,104.808,343.373
599.89,222.551,89.9059
602.894,226.145,214.818
605.899,229.739,339.73
601.874,347.482,86.2636
604.878,351.076,211.176
607.883,354.67,336.088
351.392,101.305,223.17
352.372,99.7377,348.156
353.353,98.171,473.143
353.73,226.273,224.718
354.711,224.706,349.705
355.691,223.139,474.691
356.069,351.242,226.266
357.049,349.675,351.253
358.03,348.108,476.239
476.366,98.9783,222.16
477.346,97.4115,347.147
478.327,95.8447,472.133
478.705,223.947,223.709
479.685,222.38,348.695
480.665,220.813,473.681
481.043,348.915,225.257
482.024,347.349,350.243
483.004,345.782,475.23
601.34,96.652,221.151
602.321,95.0852,346.137
603.301,93.5184,471.124
603.679,221.621,222.699
604.659,220.054,347.685
605.64,218.487,472.672
606.017,346.589,224.247
606.998,345.022,349.234
607.978,343.455,474.22
349.522,101.854,351.197
347.437,99.9059,476.165
345.351,97.9583,601.132
346.084,226.792,353.087
343.998,224.844,478.054
341.913,222.897,603.022
342.646,351.73,354.977
340.56,349.783,479.944
338.475,347.835,604.912
474.457,105.259,353.335
472.372,103.312,478.303
470.286,101.364,603.27
471.019,230.198,355.225
468.934,228.25,480.192
466.848,226.302,605.16
467.581,355.136,357.115
465.496,353.188,482.082
463.41,351.241,607.05
599.393,108.665,355.473
597.307,106.717,480.441
595.222,104.77,605.408
595.955,233.603,357.363
593.869,231.656,482.331
591.783,229.708,607.298
592.517,358.542,359.253
590.431,356.594,484.22
588.345,354.646,609.188
350.734,100.538,475.764
353.666,102.244,600.718
356.597,103.951,725.672
347.235,225.478,474.14
350.166,227.185,599.094
353.097,228.891,724.048
343.735,350.418,472.515
346.666,352.125,597.469
349.597,353.832,722.423
475.651,103.998,472.787
478.582,105.705,597.741
481.513,107.411,722.695
472.151,228.938,471.162
475.082,230.645,596.116
478.014,232.352,721.07
468.652,353.879,469.538
471.583,355.585,594.492
474.514,357.292,719.446
600.568,107.458,469.809
603.499,109.165,594.763
606.43,110.872,719.717
597.068,232.399,468.185
599.999,234.105,593.139
602.93,235.812,718.093
593.568,357.339,466.56
596.499,359.046,591.514
599.431,360.752,716.468
349.627,100.791,600.74
352.452,101.205,725.707
355.277,101.619,850.675
345.897,225.735,600.41
348.723,226.149,725.377
351.548,226.563,850.345
342.168,350.679,600.08
344.993,351.093,725.048
347.818,351.507,850.015
474.539,104.512,597.904
477.364,104.926,722.871
480.189,105.34,847.838
470.81,229.456,597.574
473.635,229.87,722.541
476.46,230.284,847.509
467.081,354.4,597.244
469.906,354.814,722.212
472.731,355.228,847.179
599.452,108.233,595.067
602.277,108.647,720.035
605.102,109.061,845.002
595.722,233.177,594.738
598.547,233.591,719.705
601.373,234.005,844.672
591.993,358.121,594.408
594.818,358.535,719.375
597.643,358.949,844.343
349.81,223.504,101.592
351.77,222.524,226.573
353.731,221.543,351.553
350.04,348.5,102.569
352.001,347.52,227.55
353.961,346.539,352.53
350.27,473.496,103.546
352.231,472.516,228.527
354.191,471.535,353.507
474.794,223.29,99.6297
476.755,222.309,224.611
478.715,221.329,349.591
475.025,348.285,100.607
476.985,347.305,225.588
478.945,346.325,350.568
475.255,473.281,101.584
477.215,472.301,226.564
479.176,471.32,351.545
599.779,223.075,97.6676
601.739,222.094,222.648
603.7,221.114,347.629
600.009,348.071,98.6446
601.969,347.09,223.625
603.93,346.11,348.606
600.239,473.067,99.6216
602.2,472.086,224.602
604.16,471.106,349.583
350.103,223.241,224.748
347.931,225.605,349.706
345.759,227.969,474.665
349.325,348.216,222.369
347.153,350.58,347.328
344.981,352.944,472.287
348.546,473.191,219.991
346.374,475.555,344.95
344.202,477.919,469.909
475.082,224.061,226.904
472.91,226.425,351.863
470.738,228.789,476.822
474.303,349.036,224.526
472.131,351.4,349.485
469.959,353.764,474.444
473.524,474.011,222.148
471.352,476.375,347.107
469.18,478.739,472.066
600.061,224.881,229.061
597.889,227.245,354.02
595.717,229.609,478.979
599.282,349.856,226.683
597.11,352.22,351.642
594.938,354.584,476.601
598.503,474.831,224.305
596.331,477.195,349.264
594.159,479.559,474.222
349.078,225.417,349.718
347.624,227.625,474.69
346.17,229.834,599.662
347.799,350.391,347.494
346.345,352.599,472.466
344.891,354.807,597.439
346.52,475.365,345.271
345.066,477.573,470.243
343.612,479.781,595.215
474.063,226.722,351.149
472.609,228.93,476.121
471.155,231.138,601.093
472.784,351.696,348.925
471.33,353.904,473.898
469.876,356.112,598.87
471.505,476.669,346.702
470.051,478.877,471.674
468.597,481.086,596.646
599.048,228.027,352.58
597.594,230.235,477.552
596.14,232.443,602.524
597.769,353,350.356
596.315,355.208,475.329
594.861,357.417,600.301
596.49,477.974,348.133
595.036,480.182,473.105
593.582,482.39,598.077
351.449,223.399,476.948
354.395,224.21,601.911
357.34,225.021,726.874
352.514,348.392,476.112
355.459,349.203,601.075
358.405,350.014,726.037
353.578,473.384,475.276
356.524,474.195,600.238
359.469,475.007,725.201
476.41,222.315,474.01
479.355,223.126,598.973
482.301,223.937,723.935
477.475,347.308,473.174
480.42,348.119,598.136
483.365,348.93,723.099
478.539,472.3,472.337
481.485,473.111,597.3
484.43,473.923,722.263
601.371,221.231,471.072
604.316,222.042,596.034
607.262,222.853,720.997
602.435,346.224,470.235
605.381,347.035,595.198
608.326,347.846,720.161
603.5,471.216,469.399
606.445,472.027,594.362
609.391,472.838,719.324
349.627,225.782,598.118
347.365,227.246,723.089
345.103,228.71,848.06
349.081,350.772,596.644
346.819,352.236,721.615
344.557,353.7,846.585
348.535,475.762,595.169
346.273,477.226,720.14
344.011,478.691,845.111
474.606,226.354,600.373
472.344,227.819,725.344
470.082,229.283,850.315
474.06,351.344,598.899
471.798,352.809,723.87
469.535,354.273,848.841
473.513,476.335,597.425
471.251,477.799,722.396
468.989,479.263,847.367
599.584,226.927,602.629
597.322,228.391,727.6
595.06,229.856,852.571
599.038,351.917,601.155
596.776,353.381,726.125
594.514,354.846,851.096
598.492,476.907,599.68
596.23,478.372,724.651
593.968,479.836,849.622
351.09,348.769,101.486
348.181,351.811,226.415
345.272,354.852,351.344
352.329,473.727,98.4725
349.42,476.768,223.402
346.511,479.81,348.331
353.568,598.684,95.4591
350.659,601.726,220.388
347.75,604.767,345.317
476.05,347.601,104.424
473.141,350.642,229.353
470.232,353.684,354.283
477.289,472.558,101.411
474.38,475.6,226.34
471.471,478.642,351.269
478.528,597.516,98.3974
475.619,600.558,223.327
472.71,603.599,348.256
601.01,346.433,107.363
598.101,349.474,232.292
595.192,352.516,357.221
602.249,471.39,104.349
599.34,474.432,229.278
596.431,477.473,354.207
603.488,596.348,101.336
600.579,599.389,226.265
597.67,602.431,351.194
350.003,351.718,223.888
353.027,350.002,348.84
356.051,348.287,473.792
350.455,476.705,225.593
353.479,474.99,350.545
356.503,473.275,475.496
350.906,601.693,227.298
353.93,599.977,352.25
356.954,598.262,477.201
474.966,351.308,220.859
477.99,349.592,345.81
481.014,347.877,470.762
475.417,476.295,222.563
478.441,474.58,347.515
481.465,472.865,472.467
475.869,601.283,224.268
478.893,599.568,349.22
481.917,597.852,474.171
599.929,350.898,217.829
602.953,349.183,342.78
605.976,347.467,467.732
600.38,475.885,219.534
603.404,474.17,344.485
606.428,472.455,469.437
600.831,600.873,221.238
603.855,599.158,346.19
606.879,597.442,471.142
351.993,348.999,350.923
350.645,346.103,475.883
349.297,343.208,600.842
350.351,473.955,353.801
349.003,471.06,478.761
347.655,468.164,603.72
348.709,598.911,356.679
347.361,596.016,481.639
346.013,593.12,606.598
476.975,350.61,352.309
475.627,347.714,477.268
474.279,344.818,602.227
475.333,475.566,355.187
473.985,472.67,480.146
472.637,469.774,605.105
473.691,600.522,358.065
472.343,597.626,483.024
470.995,594.73,607.983
601.957,352.22,353.695
600.609,349.324,478.654
599.261,346.429,603.613
600.315,477.176,356.573
598.967,474.28,481.532
597.619,471.385,606.491
598.673,602.132,359.451
597.325,599.237,484.41
595.977,596.341,609.369
350.992,350.652,473.062
354.73,352.43,597.994
358.468,354.209,722.925
352.925,475.624,471.226
356.663,477.402,596.157
360.401,479.18,721.089
354.859,600.595,469.389
358.596,602.373,594.32
362.334,604.152,719.252
475.922,348.665,469.353
479.659,350.443,594.284
483.397,352.222,719.216
477.855,473.637,467.516
481.593,475.415,592.448
485.33,477.193,717.379
479.788,598.608,465.679
483.526,600.387,590.611
487.263,602.165,715.542
600.851,346.678,465.643
604.589,348.457,590.575
608.326,350.235,715.506
602.784,471.65,463.806
606.522,473.428,588.738
610.26,475.206,713.669
604.717,596.621,461.97
608.455,598.4,586.901
612.193,600.178,711.833
349.079,349.502,601.278
350.712,347.421,726.25
352.344,345.341,851.222
346.422,474.456,603.393
348.054,472.375,728.365
349.686,470.295,853.337
343.764,599.409,605.508
345.396,597.329,730.48
347.029,595.249,855.452
474.04,352.186,599.691
475.673,350.106,724.663
477.305,348.026,849.635
471.383,477.14,601.805
473.015,475.06,726.778
474.647,472.98,851.75
468.725,602.094,603.92
470.357,600.014,728.892
471.99,597.934,853.864
599.001,354.871,598.103
600.634,352.791,723.075
602.266,350.711,848.047
596.344,479.825,600.218
597.976,477.745,725.19
599.608,475.664,850.162
593.686,604.779,602.333
595.318,602.699,727.305
596.951,600.618,852.277
350.689,473.016,99.4238
349.266,472.937,224.416
347.842,472.859,349.408
348.95,598.004,99.4827
347.526,597.925,224.475
346.103,597.847,349.466
347.211,722.992,99.5415
345.787,722.913,224.533
344.364,722.835,349.525
475.669,474.755,100.848
474.245,474.676,225.84
472.822,474.597,350.832
473.93,599.742,100.907
472.506,599.664,225.899
471.083,599.585,350.891
472.19,724.73,100.966
470.767,724.652,225.958
469.344,724.573,350.949
600.648,476.493,102.272
599.225,476.414,227.264
597.802,476.336,352.256
598.909,601.481,102.331
597.486,601.402,227.323
596.063,601.323,352.315
597.17,726.469,102.39
595.747,726.39,227.382
594.324,726.311,352.374
348.01,476.811,225.649
349.056,476.696,350.645
350.101,476.581,475.64
350.503,601.786,225.743
351.548,601.671,350.739
352.593,601.557,475.734
352.995,726.761,225.837
354.04,726.647,350.833
355.085,726.532,475.828
472.981,474.32,224.602
474.026,474.205,349.597
475.072,474.09,474.593
475.474,599.295,224.696
476.519,599.18,349.691
477.564,599.065,474.687
477.966,724.27,224.79
479.011,724.155,349.785
480.056,724.04,474.781
597.952,471.828,223.554
598.997,471.713,348.55
600.042,471.599,473.546
600.444,596.803,223.648
601.49,596.689,348.644
602.535,596.574,473.64
602.937,721.779,223.742
603.982,721.664,348.738
605.027,721.549,473.734
350.797,473.227,350.762
351.324,470.434,475.729
351.852,467.641,600.697
353.557,598.166,353.542
354.084,595.373,478.51
354.612,592.58,603.478
356.317,723.104,356.323
356.844,720.311,481.291
357.371,717.518,606.258
475.765,470.479,350.173
476.293,467.686,475.141
476.82,464.893,600.108
478.525,595.418,352.954
479.053,592.625,477.921
479.58,589.832,602.889
481.285,720.357,355.734
481.812,717.564,480.702
482.34,714.771,605.67
600.734,467.732,349.584
601.261,464.939,474.552
601.788,462.146,599.519
603.493,592.67,352.365
604.021,589.877,477.332
604.548,587.084,602.3
606.253,717.609,355.145
606.781,714.816,480.113
607.308,712.023,605.081
349.143,473.851,474.341
347.155,475.724,599.311
345.168,477.597,724.281
345.63,598.787,472.412
343.643,600.66,597.382
341.655,602.533,722.353
342.118,723.723,470.484
340.13,725.596,595.454
338.143,727.469,720.424
474.078,477.394,476.274
472.09,479.267,601.245
470.103,481.14,726.215
470.565,602.33,474.346
468.577,604.202,599.316
466.59,606.075,724.286
467.052,727.265,472.418
465.065,729.138,597.388
463.077,731.011,722.358
599.012,480.936,478.208
597.025,482.809,603.178
595.037,484.682,728.149
595.5,605.872,476.28
593.512,607.745,601.25
591.525,609.618,726.22
591.987,730.808,474.352
590,732.681,599.322
588.012,734.554,724.292
351.239,475.11,598.052
354.543,478.686,722.958
357.847,482.262,847.863
352.143,600.055,594.451
355.447,603.631,719.356
358.751,607.207,844.262
353.047,725,590.85
356.351,728.576,715.755
359.655,732.152,840.66
476.192,474.111,594.776
479.496,477.688,719.681
482.8,481.264,844.586
477.096,599.056,591.175
480.4,602.633,716.08
483.704,606.209,840.985
478,724.001,587.574
481.304,727.577,712.479
484.608,731.154,837.384
601.145,473.113,591.5
604.449,476.689,716.405
607.753,480.265,841.31
602.049,598.058,587.898
605.353,601.634,712.804
608.657,605.21,837.709
602.953,723.003,584.297
606.257,726.579,709.202
609.561,730.155,834.108
348.203,600.131,98.2274
348.715,602.402,223.206
349.227,604.673,348.184
348.712,725.109,95.9545
349.225,727.38,220.933
349.737,729.651,345.911
349.222,850.088,93.6816
349.734,852.359,218.66
350.247,854.629,343.638
473.201,599.612,97.7246
473.713,601.883,222.703
474.225,604.154,347.681
473.71,724.59,95.4517
474.223,726.861,220.43
474.735,729.132,345.408
474.22,849.569,93.1788
474.732,851.84,218.157
475.244,854.11,343.135
598.198,599.093,97.2218
598.711,601.364,222.2
599.223,603.635,347.178
598.708,724.071,94.9489
599.22,726.342,219.927
599.733,728.613,344.905
599.218,849.05,92.6759
599.73,851.321,217.654
600.242,853.591,342.633
348.511,601.713,225.402
348.267,602.14,350.401
348.022,602.566,475.4
351.517,726.676,224.981
351.273,727.103,349.981
351.028,727.529,474.98
354.523,851.639,224.561
354.279,852.066,349.56
354.034,852.493,474.559
473.474,598.708,225.657
473.23,599.134,350.656
472.986,599.561,475.655
476.481,723.671,225.236
476.236,724.098,350.235
475.992,724.524,475.234
479.487,848.634,224.815
479.242,849.061,349.814
478.998,849.487,474.813
598.438,595.702,225.911
598.194,596.129,350.91
597.95,596.556,475.909
601.444,720.666,225.49
601.2,721.092,350.489
600.956,721.519,475.489
604.45,845.629,225.07
604.206,846.055,350.069
603.962,846.482,475.068
350.899,599.519,351.238
349.319,597.373,476.21
347.739,595.227,601.181
352.045,724.495,353.398
350.465,722.349,478.37
348.885,720.203,603.342
353.191,849.471,355.559
351.611,847.325,480.53
350.031,845.179,605.502
475.884,598.346,352.798
474.304,596.2,477.77
472.724,594.054,602.741
477.03,723.322,354.958
475.45,721.176,479.93
473.87,719.03,604.902
478.176,848.298,357.119
476.596,846.152,482.09
475.016,844.006,607.062
600.869,597.173,354.358
599.289,595.027,479.33
597.709,592.881,604.301
602.015,722.149,356.518
600.435,720.003,481.49
598.855,717.857,606.462
603.161,847.125,358.679
601.581,844.979,483.65
600.001,842.834,608.622
348.771,601.107,475.408
347.586,602.135,600.398
346.4,603.162,725.388
345.066,726.047,474.345
343.881,727.075,599.335
342.695,728.103,724.326
341.361,850.988,473.283
340.175,852.016,598.273
338.99,853.043,723.263
473.711,604.822,476.562
472.525,605.849,601.552
471.34,606.877,726.543
470.006,729.762,475.5
468.82,730.79,600.49
467.634,731.818,725.48
466.3,854.703,474.437
465.115,855.731,599.428
463.929,856.758,724.418
598.65,608.537,477.717
597.465,609.564,602.707
596.279,610.592,727.697
594.945,733.477,476.654
593.759,734.505,601.645
592.574,735.533,726.635
591.24,858.418,475.592
590.054,859.445,600.582
588.869,860.473,725.572
348.539,598.291,599.736
348.719,597.581,724.733
348.9,596.871,849.731
351.259,723.26,600.442
351.44,722.549,725.44
351.62,721.839,850.437
353.98,848.228,601.148
354.16,847.518,726.146
354.341,846.808,851.144
473.509,595.572,599.54
473.689,594.862,724.538
473.87,594.151,849.536
476.23,720.54,600.246
476.41,719.83,725.244
476.59,719.12,850.242
478.95,845.509,600.952
479.131,844.798,725.95
479.311,844.088,850.948
598.479,592.852,599.344
598.66,592.142,724.342
598.84,591.432,849.34
601.2,717.821,600.05
601.38,717.111,725.048
601.561,716.4,850.046
603.92,842.789,600.756
604.101,842.079,725.754
604.281,841.369,850.752
473.794,101.394,99.1316
471.697,101.067,224.114
469.599,100.74,349.096
472.42,226.386,99.4357
470.323,226.059,224.418
468.225,225.732,349.4
471.046,351.378,99.7398
468.949,351.051,224.722
466.851,350.724,349.704
598.769,102.763,101.233
596.671,102.435,226.215
594.574,102.108,351.197
597.395,227.755,101.537
595.298,227.428,226.519
593.2,227.1,351.501
596.021,352.747,101.841
593.924,352.42,226.823
591.826,352.092,351.805
723.744,104.131,103.334
721.646,103.804,228.316
719.549,103.477,353.298
722.37,229.123,103.638
720.272,228.796,228.62
718.175,228.469,353.602
720.996,354.115,103.942
718.898,353.788,228.924
716.801,353.461,353.906
473.531,100.95,223.899
473.23,99.3422,348.888
472.928,97.7345,473.877
471.814,225.928,225.502
471.512,224.32,350.491
471.211,222.712,475.481
470.096,350.906,227.106
469.795,349.298,352.095
469.493,347.69,477.084
598.519,102.664,224.222
598.218,101.056,349.212
597.916,99.4481,474.201
596.801,227.642,225.826
596.5,226.034,350.815
596.199,224.426,475.804
595.084,352.619,227.429
594.782,351.012,352.418
594.481,349.404,477.408
723.507,104.377,224.546
723.205,102.769,349.535
722.904,101.162,474.524
721.789,229.355,226.149
721.488,227.747,351.139
721.186,226.14,476.128
720.072,354.333,227.753
719.77,352.725,352.742
719.469,351.118,477.731
476.919,100.973,350.702
478.481,99.8444,475.687
480.044,98.7162,600.672
476.235,225.966,351.839
477.798,224.837,476.824
479.36,223.709,601.809
475.552,350.958,352.975
477.114,349.83,477.961
478.677,348.702,602.946
601.907,101.67,349.146
603.47,100.542,474.131
605.032,99.4138,599.116
601.224,226.663,350.282
602.786,225.535,475.267
604.349,224.407,600.253
600.54,351.656,351.419
602.103,350.528,476.404
603.665,349.4,601.389
726.896,102.368,347.589
728.458,101.24,472.574
730.021,100.112,597.56
726.212,227.361,348.726
727.775,226.233,473.711
729.337,225.104,598.696
725.529,352.354,349.863
727.091,351.226,474.848
728.654,350.097,599.833
473.734,98.7454,475.63
474.676,99.3339,600.625
475.618,99.9225,725.62
475.286,223.734,475.03
476.228,224.323,600.025
477.171,224.911,725.02
476.838,348.723,474.43
477.78,349.312,599.425
478.723,349.9,724.42
598.72,97.1888,474.695
599.663,97.7773,599.69
600.605,98.3659,724.685
600.273,222.178,474.095
601.215,222.766,599.09
602.157,223.355,724.085
601.825,347.167,473.495
602.767,347.755,598.49
603.71,348.344,723.485
723.707,95.6322,473.76
724.65,96.2207,598.755
725.592,96.8093,723.75
725.259,220.621,473.16
726.202,221.21,598.155
727.144,221.798,723.15
726.812,345.61,472.56
727.754,346.199,597.555
728.696,346.787,722.55
475.667,99.9765,599.793
477.427,102.728,724.75
479.188,105.48,849.708
477.099,224.938,597.021
478.859,227.689,721.978
480.62,230.441,846.936
478.531,349.899,594.249
480.291,352.65,719.206
482.052,355.402,844.164
600.646,98.5059,598.065
602.407,101.258,723.022
604.167,104.009,847.979
602.078,223.467,595.293
603.839,226.219,720.25
605.599,228.971,845.207
603.51,348.428,592.521
605.271,351.18,717.478
607.031,353.932,842.435
725.626,97.0354,596.336
727.386,99.7872,721.294
729.147,102.539,846.251
727.058,221.996,593.564
728.818,224.748,718.522
730.579,227.5,843.479
728.49,346.958,590.792
730.25,349.709,715.75
732.011,352.461,840.707
474.788,224.882,101.669
478.244,224.866,226.621
481.7,224.851,351.573
477.817,349.845,101.601
481.273,349.83,226.553
484.729,349.814,351.505
480.846,474.809,101.532
484.302,474.793,226.485
487.758,474.777,351.437
599.704,221.852,98.2134
603.16,221.837,223.166
606.616,221.821,348.118
602.733,346.816,98.1453
606.189,346.8,223.098
609.645,346.784,348.05
605.762,471.779,98.0771
609.218,471.763,223.029
612.674,471.748,347.982
724.619,218.823,94.7581
728.075,218.807,219.71
731.531,218.791,344.663
727.648,343.786,94.69
731.104,343.77,219.642
734.56,343.755,344.594
730.677,468.749,94.6219
734.133,468.734,219.574
737.589,468.718,344.526
475.024,223.331,223.738
478.403,226.806,348.644
481.782,230.281,473.55
475.511,348.281,220.248
478.89,351.756,345.154
482.27,355.232,470.06
475.998,473.231,216.759
479.378,476.707,341.665
482.757,480.182,466.571
599.977,222.749,220.374
603.356,226.225,345.28
606.736,229.7,470.186
600.464,347.7,216.884
603.844,351.175,341.79
607.223,354.65,466.696
600.952,472.65,213.394
604.331,476.125,338.3
607.71,479.601,463.206
724.93,222.168,217.009
728.31,225.643,341.915
731.689,229.119,466.821
725.418,347.118,213.52
728.797,350.594,338.426
732.176,354.069,463.332
725.905,472.069,210.03
729.284,475.544,334.936
732.664,479.019,459.842
475.08,225.561,349.158
478.731,227.875,474.083
482.382,230.188,599.008
471.859,350.5,346.939
475.51,352.813,471.864
479.161,355.127,596.789
468.638,475.439,344.719
472.289,477.752,469.645
475.94,480.065,594.57
599.985,228.716,345.449
603.636,231.029,470.374
607.287,233.342,595.3
596.764,353.654,343.23
600.415,355.968,468.155
604.066,358.281,593.08
593.543,478.593,341.01
597.194,480.906,465.936
600.845,483.219,590.861
724.89,231.87,341.74
728.541,234.183,466.665
732.192,236.496,591.591
721.669,356.808,339.521
725.32,359.122,464.446
728.971,361.435,589.371
718.448,481.747,337.302
722.099,484.06,462.227
725.75,486.374,587.152
473.566,223.558,474.611
475.268,224.221,599.598
476.97,224.884,724.585
470.718,348.524,473.988
472.42,349.187,598.974
474.122,349.849,723.961
467.87,473.49,473.364
469.572,474.153,598.35
471.274,474.815,723.337
598.522,226.398,472.895
600.224,227.06,597.881
601.926,227.723,722.868
595.674,351.364,472.271
597.376,352.026,597.258
599.078,352.689,722.244
592.826,476.33,471.647
594.528,476.992,596.634
596.23,477.655,721.62
723.478,229.237,471.178
725.18,229.9,596.165
726.882,230.562,721.151
720.63,354.203,470.554
722.332,354.866,595.541
724.034,355.528,720.527
717.782,479.169,469.93
719.484,479.832,594.917
721.186,480.494,719.904
473.498,223.385,601.6
474.044,224.829,726.59
474.59,226.272,851.581
472.768,348.375,600.159
473.315,349.818,725.15
473.861,351.262,850.14
472.039,473.364,598.719
472.585,474.808,723.71
473.132,476.251,848.7
598.494,224.108,601.045
599.041,225.552,726.035
599.587,226.995,851.026
597.765,349.098,599.605
598.311,350.541,724.595
598.858,351.985,849.585
597.035,474.087,598.164
597.582,475.531,723.155
598.128,476.974,848.145
723.491,224.831,600.49
724.037,226.275,725.48
724.584,227.718,850.471
722.761,349.821,599.05
723.308,351.264,724.04
723.854,352.708,849.031
722.032,474.81,597.609
722.578,476.254,722.6
723.125,477.697,847.59
473.727,351.034,100.503
472.883,351.142,225.501
472.038,351.25,350.498
471.624,476.017,100.381
470.779,476.125,225.378
469.935,476.233,350.376
469.521,600.999,100.259
468.676,601.107,225.256
467.831,601.215,350.253
598.707,353.139,101.346
597.862,353.247,226.343
597.017,353.354,351.34
596.603,478.121,101.224
595.759,478.229,226.221
594.914,478.337,351.218
594.5,603.103,101.102
593.655,603.211,226.099
592.811,603.319,351.096
723.686,355.243,102.189
722.842,355.351,227.186
721.997,355.459,352.183
721.583,480.225,102.067
720.738,480.333,227.064
719.893,480.441,352.061
719.48,605.207,101.945
718.635,605.315,226.942
717.79,605.423,351.939
475.984,350.083,226.313
476.257,351.237,351.307
476.53,352.391,476.302
472.239,475.022,225.168
472.511,476.176,350.162
472.784,477.329,475.157
468.493,599.961,224.023
468.766,601.114,349.017
469.039,602.268,474.012
600.928,353.826,226.006
601.201,354.98,351
601.473,356.134,475.994
597.182,478.765,224.861
597.455,479.919,349.855
597.728,481.072,474.849
593.437,603.704,223.716
593.709,604.857,348.71
593.982,606.011,473.704
725.871,357.569,225.698
726.144,358.723,350.693
726.417,359.877,475.687
722.126,482.508,224.553
722.399,483.662,349.548
722.671,484.815,474.542
718.38,607.447,223.408
718.653,608.6,348.403
718.926,609.754,473.397
475.593,348.525,349.486
472.646,345.69,474.419
469.699,342.854,599.352
478.672,473.453,352.394
475.725,470.618,477.327
472.778,467.782,602.26
481.752,598.382,355.302
478.805,595.546,480.235
475.858,592.71,605.168
600.52,345.379,352.361
597.573,342.543,477.294
594.626,339.707,602.227
603.6,470.307,355.269
600.653,467.471,480.202
597.705,464.636,605.136
606.679,595.235,358.178
603.732,592.399,483.111
600.785,589.564,608.044
725.447,342.232,355.237
722.5,339.396,480.17
719.553,336.561,605.103
728.527,467.16,358.145
725.58,464.325,483.078
722.633,461.489,608.011
731.606,592.089,361.053
728.659,589.253,485.986
725.712,586.417,610.919
475.549,351.147,476.4
472.03,348.54,601.323
468.511,345.933,726.246
478.719,476.077,479.096
475.2,473.471,604.019
471.681,470.864,728.942
481.888,601.008,481.792
478.369,598.401,606.715
474.85,595.795,731.638
600.46,347.903,479.851
596.941,345.297,604.774
593.422,342.69,729.697
603.629,472.834,482.547
600.11,470.227,607.47
596.591,467.621,732.393
606.798,597.765,485.243
603.279,595.158,610.166
599.76,592.552,735.089
725.37,344.66,483.302
721.851,342.054,608.225
718.332,339.447,733.148
728.539,469.591,485.998
725.02,466.984,610.921
721.501,464.378,735.844
731.709,594.522,488.694
728.19,591.915,613.617
724.671,589.308,738.54
473.933,349.29,600.043
470.791,347.42,724.99
467.649,345.55,849.936
474.199,474.276,601.921
471.057,472.406,726.867
467.915,470.536,851.814
474.466,599.262,603.798
471.324,597.392,728.745
468.182,595.522,853.691
598.893,348.977,603.181
595.751,347.107,728.128
592.609,345.237,853.074
599.16,473.963,605.058
596.018,472.093,730.005
592.875,470.222,854.952
599.426,598.948,606.936
596.284,597.078,731.882
593.142,595.208,856.829
723.853,348.663,606.319
720.711,346.793,731.265
717.569,344.923,856.212
724.12,473.649,608.196
720.978,471.779,733.143
717.836,469.909,858.089
724.386,598.635,610.074
721.244,596.765,735.02
718.102,594.895,859.967
475.565,474.558,100.942
472.091,477.912,225.849
468.616,481.266,350.756
476.489,599.51,97.6129
473.014,602.864,222.52
469.54,606.218,347.426
477.412,724.462,94.2832
473.938,727.816,219.19
470.463,731.17,344.097
600.514,473.727,104.44
597.039,477.082,229.347
593.565,480.436,354.254
601.437,598.68,101.111
597.962,602.034,226.017
594.488,605.388,350.924
602.36,723.632,97.7812
598.886,726.986,222.688
595.411,730.34,347.595
725.462,472.897,107.938
721.987,476.251,232.845
718.513,479.605,357.752
726.385,597.849,104.609
722.911,601.204,229.515
719.436,604.558,354.422
727.309,722.802,101.279
723.834,726.156,226.186
720.36,729.51,351.093
475.246,476.389,225.219
474.387,475.765,350.215
473.528,475.142,475.21
474.079,601.382,225.835
473.22,600.758,350.83
472.361,600.135,475.826
472.912,726.375,226.45
472.053,725.751,351.446
471.194,725.128,476.441
600.237,477.552,226.084
599.378,476.928,351.08
598.519,476.305,476.075
599.07,602.545,226.7
598.211,601.921,351.695
597.352,601.298,476.69
597.903,727.538,227.315
597.044,726.914,352.31
596.185,726.291,477.306
725.229,478.714,226.949
724.37,478.091,351.944
723.511,477.468,476.94
724.062,603.708,227.564
723.203,603.084,352.56
722.344,602.461,477.555
722.895,728.701,228.18
722.036,728.077,353.175
721.177,727.454,478.171
474.421,475.767,350.733
477.566,477.327,475.684
480.711,478.886,600.635
475.45,600.753,349.148
478.595,602.312,474.098
481.74,603.872,599.049
476.479,725.739,347.562
479.624,727.298,472.513
482.769,728.857,597.463
599.377,474.699,347.601
602.522,476.258,472.552
605.668,477.817,597.503
600.406,599.684,346.016
603.551,601.244,470.966
606.697,602.803,595.917
601.435,724.67,344.43
604.58,726.229,469.381
607.726,727.789,594.331
724.333,473.63,344.469
727.478,475.19,469.42
730.624,476.749,594.37
725.362,598.616,342.883
728.507,600.175,467.834
731.653,601.735,592.785
726.391,723.602,341.298
729.536,725.161,466.248
732.682,726.72,591.199
476.932,476.47,473.168
478.982,473.859,598.124
481.032,471.247,723.08
480.284,601.399,475.724
482.334,598.788,600.68
484.384,596.176,725.636
483.637,726.328,478.28
485.686,723.717,603.236
487.736,721.105,728.192
601.87,473.161,471.049
603.92,470.55,596.005
605.97,467.938,720.961
605.223,598.09,473.605
607.273,595.479,598.561
609.322,592.867,723.517
608.575,723.019,476.161
610.625,720.408,601.117
612.675,717.796,726.073
726.809,469.852,468.931
728.859,467.241,593.886
730.908,464.629,718.842
730.161,594.781,471.487
732.211,592.17,596.442
734.261,589.558,721.398
733.513,719.71,474.043
735.563,717.099,598.998
737.613,714.487,723.954
473.559,473.942,601.232
471.966,473.816,726.222
470.373,473.69,851.211
472.443,598.937,601.343
470.85,598.811,726.333
469.257,598.685,851.323
471.328,723.932,601.455
469.734,723.806,726.445
468.141,723.68,851.435
598.544,475.056,602.826
596.951,474.93,727.816
595.358,474.804,852.806
597.428,600.051,602.938
595.835,599.925,727.928
594.242,599.799,852.917
596.312,725.046,603.049
594.719,724.92,728.039
593.126,724.794,853.029
723.529,476.17,604.42
721.936,476.044,729.41
720.342,475.918,854.4
722.413,601.165,604.532
720.82,601.039,729.522
719.227,600.913,854.512
721.297,726.16,604.644
719.704,726.034,729.633
718.111,725.908,854.623
474.698,601.811,100.649
474.864,601.679,225.648
475.03,601.547,350.648
471.335,726.766,100.785
471.502,726.634,225.785
471.668,726.501,350.785
467.973,851.72,100.922
468.139,851.588,225.922
468.305,851.456,350.921
599.652,605.174,100.486
599.819,605.042,225.486
599.985,604.909,350.486
596.29,730.128,100.623
596.456,729.996,225.622
596.622,729.864,350.622
592.928,855.083,100.759
593.094,854.951,225.759
593.26,854.819,350.759
724.607,608.536,100.324
724.773,608.404,225.323
724.94,608.272,350.323
721.245,733.491,100.46
721.411,733.359,225.46
721.577,733.227,350.46
717.882,858.446,100.597
718.048,858.314,225.597
718.215,858.181,350.596
475.163,598.511,224.713
473.036,597.245,349.689
470.909,595.979,474.664
477.557,723.481,226.02
475.43,722.215,350.995
473.303,720.949,475.971
479.95,848.451,227.327
477.823,847.186,352.302
475.697,845.92,477.278
600.122,596.096,226.815
597.995,594.83,351.791
595.868,593.564,476.766
602.516,721.066,228.122
600.389,719.8,353.097
598.262,718.534,478.073
604.909,846.036,229.429
602.782,844.77,354.404
600.655,843.504,479.38
725.081,593.68,228.917
722.954,592.414,353.893
720.827,591.149,478.868
727.474,718.651,230.224
725.348,717.385,355.2
723.221,716.119,480.175
729.868,843.621,231.531
727.741,842.355,356.506
725.614,841.089,481.482
475.349,598.561,349.257
475.269,600.337,474.244
475.189,602.112,599.232
476.796,723.54,347.482
476.716,725.316,472.47
476.636,727.091,597.457
478.243,848.519,345.708
478.163,850.295,470.695
478.083,852.07,595.683
600.34,597.115,349.357
600.261,598.891,474.344
600.181,600.667,599.332
601.787,722.094,347.583
601.707,723.87,472.57
601.628,725.646,597.557
603.234,847.073,345.808
603.154,848.849,470.796
603.075,850.625,595.783
725.332,595.67,349.457
725.252,597.445,474.445
725.172,599.221,599.432
726.779,720.649,347.683
726.699,722.424,472.67
726.619,724.2,597.658
728.226,845.628,345.908
728.146,847.403,470.896
728.066,849.179,595.883
474.923,598.787,474.74
474.871,596.007,599.709
474.82,593.227,724.678
472.929,723.74,477.519
472.877,720.96,602.488
472.826,718.18,727.457
470.935,848.693,480.298
470.883,845.913,605.267
470.832,843.133,730.236
599.907,600.779,474.836
599.855,597.999,599.805
599.804,595.219,724.774
597.913,725.732,477.615
597.861,722.952,602.584
597.81,720.173,727.553
595.919,850.686,480.393
595.867,847.906,605.363
595.816,845.126,730.332
724.891,602.772,474.932
724.839,599.992,599.901
724.788,597.212,724.87
722.897,727.725,477.711
722.845,724.945,602.68
722.794,722.165,727.649
720.903,852.678,480.489
720.851,849.898,605.458
720.8,847.118,730.428
474.408,600.678,598.72
476.911,601.154,723.694
479.414,601.631,848.668
477.288,725.643,598.186
479.791,726.12,723.16
482.293,726.597,848.134
480.168,850.609,597.651
482.671,851.086,722.625
485.173,851.563,847.599
599.35,597.788,596.229
601.853,598.264,721.203
604.355,598.741,846.177
602.23,722.753,595.695
604.733,723.23,720.669
607.235,723.707,845.643
605.11,847.719,595.16
607.612,848.196,720.134
610.115,848.672,845.108
724.292,594.897,593.738
726.794,595.374,718.712
729.297,595.851,843.686
727.172,719.863,593.204
729.674,720.34,718.178
732.177,720.817,843.152
730.051,844.829,592.669
732.554,845.306,717.643
735.057,845.782,842.617
600.211,99.9649,99.8932
600.194,100.116,224.893
600.177,100.268,349.893
601.171,224.961,99.742
601.154,225.112,224.742
601.137,225.264,349.742
602.131,349.957,99.5908
602.114,350.109,224.591
602.097,350.26,349.591
725.207,99.005,99.9113
725.19,99.1563,224.911
725.173,99.3076,349.911
726.167,224.001,99.7601
726.15,224.152,224.76
726.133,224.304,349.76
727.127,348.997,99.6089
727.11,349.149,224.609
727.093,349.3,349.609
850.203,98.045,99.9294
850.186,98.1963,224.929
850.169,98.3476,349.929
851.163,223.041,99.7782
851.146,223.193,224.778
851.129,223.344,349.778
852.123,348.037,99.627
852.106,348.189,224.627
852.089,348.34,349.627
599.48,98.1134,223.786
597.412,99.3324,348.763
595.344,100.551,473.74
602.811,223.064,222.622
600.743,224.283,347.599
598.675,225.501,472.576
606.142,348.014,221.459
604.074,349.233,346.436
602.006,350.452,471.413
724.418,94.8021,225.885
722.35,96.0211,350.862
720.282,97.24,475.839
727.749,219.752,224.722
725.681,220.971,349.699
723.613,222.19,474.676
731.08,344.703,223.558
729.012,345.921,348.535
726.944,347.14,473.512
849.357,91.4908,227.985
847.289,92.7098,352.962
845.221,93.9287,477.939
852.688,216.441,226.821
850.62,217.66,351.798
848.552,218.879,476.775
856.019,341.391,225.658
853.951,342.61,350.635
851.883,343.829,475.612
600.789,100.467,351.032
601.45,99.2713,476.024
602.11,98.0756,601.017
598.394,225.438,352.24
599.055,224.243,477.232
599.715,223.047,602.225
595.999,350.409,353.448
596.66,349.214,478.44
597.32,348.018,603.433
725.765,102.868,350.394
726.425,101.673,475.387
727.085,100.477,600.379
723.37,227.839,351.602
724.03,226.644,476.595
724.69,225.448,601.588
720.975,352.811,352.811
721.635,351.615,477.803
722.295,350.419,602.796
850.74,105.269,349.757
851.4,104.074,474.75
852.061,102.878,599.742
848.345,230.241,350.965
849.005,229.045,475.958
849.666,227.849,600.95
845.95,355.212,352.173
846.61,354.016,477.166
847.271,352.821,602.158
598.688,100.94,474.05
598.473,97.5754,599.004
598.258,94.2111,723.959
599.553,225.891,477.415
599.338,222.527,602.37
599.123,219.163,727.324
600.418,350.843,480.781
600.204,347.479,605.736
599.989,344.114,730.69
723.684,100.069,474.241
723.47,96.7046,599.196
723.255,93.3403,724.15
724.55,225.021,477.607
724.335,221.656,602.561
724.12,218.292,727.516
725.415,349.972,480.972
725.2,346.608,605.927
724.986,343.244,730.882
848.681,99.198,474.432
848.466,95.8337,599.387
848.252,92.4694,724.342
849.547,224.15,477.798
849.332,220.785,602.753
849.117,217.421,727.707
850.412,349.101,481.164
850.197,345.737,606.118
849.982,342.373,731.073
599.717,98.9565,601.517
598.069,101.228,726.486
596.42,103.5,851.454
600.564,223.933,599.256
598.915,226.205,724.225
597.266,228.477,849.193
601.41,348.91,596.996
599.761,351.182,721.964
598.113,353.453,846.933
724.704,98.1403,603.181
723.055,100.412,728.15
721.406,102.684,853.118
725.55,223.117,600.92
723.901,225.389,725.889
722.253,227.661,850.857
726.396,348.094,598.66
724.748,350.365,723.628
723.099,352.637,848.596
849.69,97.324,604.845
848.041,99.5958,729.813
846.393,101.868,854.782
850.536,222.301,602.584
848.888,224.573,727.553
847.239,226.844,852.521
851.383,347.277,600.323
849.734,349.549,725.292
848.085,351.821,850.26
598.716,224.019,98.6288
600.004,222.526,223.613
601.292,221.032,348.598
600.48,348.998,100.104
601.768,347.505,225.089
603.056,346.011,350.073
602.244,473.977,101.579
603.532,472.484,226.564
604.819,470.99,351.548
723.697,222.271,97.3203
724.985,220.777,222.305
726.272,219.284,347.289
725.461,347.25,98.7956
726.749,345.756,223.78
728.036,344.263,348.764
727.225,472.229,100.271
728.513,470.735,225.255
729.8,469.242,350.24
848.678,220.522,96.0117
849.966,219.029,220.996
851.253,217.535,345.981
850.442,345.501,97.487
851.73,344.008,222.471
853.017,342.514,347.456
852.206,470.48,98.9623
853.494,468.987,223.947
854.781,467.493,348.931
601.926,225.839,223.418
602.454,226.875,348.413
602.981,227.911,473.407
603.552,350.824,222.376
604.079,351.86,347.37
604.607,352.896,472.365
605.177,475.809,221.333
605.705,476.845,346.327
606.232,477.881,471.322
726.915,224.209,222.904
727.442,225.245,347.899
727.97,226.281,472.894
728.54,349.194,221.862
729.067,350.23,346.856
729.595,351.266,471.851
730.165,474.179,220.819
730.693,475.215,345.813
731.22,476.251,470.808
851.903,222.579,222.391
852.43,223.615,347.385
852.958,224.651,472.38
853.528,347.564,221.348
854.056,348.6,346.342
854.583,349.636,471.337
855.154,472.549,220.305
855.681,473.585,345.3
856.209,474.621,470.294
600.701,226.827,351.632
600.601,225.513,476.625
600.501,224.199,601.619
601.186,351.819,352.947
601.086,350.505,477.94
600.986,349.191,602.933
601.671,476.811,354.262
601.571,475.497,479.255
601.471,474.183,604.248
725.7,226.341,351.727
725.6,225.027,476.72
725.5,223.712,601.713
726.185,351.333,353.042
726.085,350.019,478.035
725.985,348.705,603.028
726.67,476.325,354.357
726.57,475.011,479.35
726.47,473.697,604.343
850.699,225.855,351.822
850.599,224.54,476.815
850.499,223.226,601.808
851.184,350.847,353.137
851.084,349.533,478.13
850.984,348.218,603.123
851.669,475.839,354.451
851.569,474.525,479.445
851.469,473.211,604.438
600.495,223.776,473.033
604.127,223.952,597.98
607.759,224.127,722.927
596.901,348.725,472.962
600.533,348.9,597.909
604.165,349.075,722.856
593.308,473.673,472.891
596.94,473.848,597.838
600.571,474.024,722.785
725.391,227.366,469.398
729.022,227.542,594.345
732.654,227.717,719.292
721.797,352.315,469.327
725.429,352.49,594.274
729.061,352.665,719.221
718.203,477.263,469.256
721.835,477.438,594.203
725.467,477.614,719.15
850.286,230.956,465.762
853.918,231.132,590.709
857.55,231.307,715.656
846.692,355.905,465.691
850.324,356.08,590.638
853.956,356.255,715.585
843.099,480.853,465.62
846.731,481.028,590.567
850.363,481.204,715.514
600.283,225.92,600.342
598.975,222.211,725.281
597.667,218.501,850.219
600.32,350.865,604.053
599.012,347.156,728.991
597.704,343.446,853.929
600.357,475.81,607.763
599.049,472.101,732.701
597.74,468.391,857.639
725.277,225.845,601.649
723.968,222.135,726.587
722.66,218.425,851.525
725.313,350.79,605.359
724.005,347.08,730.298
722.697,343.37,855.236
725.35,475.735,609.07
724.042,472.025,734.008
722.733,468.315,858.946
850.27,225.769,602.956
848.961,222.059,727.894
847.653,218.35,852.832
850.306,350.714,606.666
848.998,347.004,731.604
847.69,343.295,856.542
850.343,475.659,610.376
849.035,471.949,735.314
847.727,468.24,860.253
601.511,348.18,100.871
602.529,345.824,225.845
603.548,343.468,350.819
603.999,473.134,103.206
605.018,470.778,228.18
606.036,468.422,353.154
606.488,598.087,105.542
607.506,595.731,230.515
608.525,593.375,355.489
726.482,345.711,99.8061
727.5,343.355,224.78
728.519,340.999,349.753
728.97,470.665,102.141
729.989,468.309,227.115
731.007,465.953,352.089
731.459,595.618,104.477
732.477,593.262,229.45
733.496,590.906,354.424
851.453,343.242,98.7409
852.471,340.886,223.715
853.49,338.53,348.688
853.941,468.196,101.076
854.96,465.84,226.05
855.978,463.484,351.024
856.43,593.149,103.411
857.448,590.793,228.385
858.467,588.437,353.359
600.17,348.547,226.591
599.738,351.022,351.565
599.306,353.498,476.54
597.277,473.489,224.106
596.845,475.964,349.081
596.414,478.439,474.055
594.384,598.431,221.621
593.953,600.906,346.596
593.521,603.381,471.571
725.136,351.448,226.965
724.704,353.923,351.94
724.272,356.399,476.914
722.243,476.39,224.48
721.811,478.865,349.455
721.379,481.34,474.43
719.35,601.331,221.996
718.918,603.807,346.97
718.487,606.282,471.945
850.102,354.349,227.339
849.67,356.824,352.314
849.238,359.299,477.289
847.209,479.291,224.855
846.777,481.766,349.829
846.345,484.241,474.804
844.316,604.232,222.37
843.884,606.708,347.345
843.452,609.183,472.319
598.567,348.291,351.768
600.045,348.246,476.759
601.523,348.202,601.75
599.094,473.29,351.806
600.572,473.245,476.797
602.05,473.201,601.788
599.621,598.289,351.844
601.099,598.244,476.835
602.578,598.2,601.826
723.557,347.764,350.289
725.035,347.72,475.281
726.513,347.675,600.272
724.084,472.763,350.327
725.562,472.719,475.319
727.041,472.674,600.31
724.612,597.762,350.366
726.09,597.718,475.357
727.568,597.673,600.348
848.547,347.238,348.811
850.026,347.193,473.802
851.504,347.149,598.794
849.075,472.236,348.849
850.553,472.192,473.841
852.031,472.148,598.832
849.602,597.235,348.887
851.08,597.191,473.879
852.558,597.147,598.87
599.194,350.624,474.301
600.692,352.406,599.279
602.19,354.187,724.257
600.92,475.599,472.499
602.418,477.381,597.477
603.916,479.162,722.455
602.647,600.574,470.696
604.145,602.356,595.675
605.643,604.137,720.653
724.173,348.876,472.828
725.671,350.657,597.806
727.169,352.439,722.784
725.899,473.851,471.025
727.398,475.632,596.004
728.896,477.414,720.982
727.626,598.826,469.223
729.124,600.608,594.202
730.622,602.389,719.18
849.152,347.128,471.354
850.65,348.909,596.333
852.148,350.691,721.311
850.879,472.103,469.552
852.377,473.884,594.531
853.875,475.666,719.509
852.605,597.078,467.75
854.103,598.859,592.728
855.601,600.641,717.707
601.193,351.637,598.62
598.555,348.729,723.558
595.918,345.821,848.497
602.29,476.598,601.552
599.653,473.69,726.49
597.015,470.782,851.428
603.388,601.559,604.484
600.75,598.651,729.422
598.113,595.743,854.36
726.16,350.479,601.231
723.523,347.57,726.169
720.885,344.662,851.108
727.258,475.439,604.163
724.62,472.531,729.101
721.982,469.623,854.04
728.355,600.4,607.095
725.717,597.492,732.033
723.08,594.584,856.971
851.127,349.32,603.842
848.49,346.412,728.781
845.852,343.504,853.719
852.225,474.281,606.774
849.587,471.372,731.712
846.95,468.464,856.651
853.322,599.241,609.706
850.685,596.333,734.644
848.047,593.425,859.583
599.021,476.047,101.33
598.316,475.428,226.326
597.611,474.81,351.323
599.032,601.045,101.949
598.327,600.427,226.945
597.622,599.808,351.942
599.043,726.044,102.567
598.338,725.425,227.564
597.633,724.806,352.56
724.019,476.033,102.035
723.314,475.414,227.031
722.609,474.795,352.028
724.03,601.031,102.654
723.325,600.412,227.65
722.62,599.794,352.646
724.041,726.03,103.272
723.336,725.411,228.269
722.631,724.792,353.265
849.017,476.019,102.74
848.312,475.4,227.736
847.607,474.781,352.733
849.028,601.017,103.358
848.323,600.398,228.355
847.618,599.78,353.351
849.039,726.015,103.977
848.334,725.397,228.974
847.629,724.778,353.97
600.453,475.328,225.17
599.961,474.245,350.164
599.469,473.161,475.159
602.94,600.299,226.263
602.448,599.215,351.257
601.956,598.132,476.251
605.428,725.269,227.356
604.935,724.186,352.35
604.443,723.102,477.344
725.427,472.837,225.64
724.935,471.753,350.635
724.443,470.67,475.629
727.915,597.807,226.733
727.422,596.724,351.727
726.93,595.64,476.722
730.402,722.778,227.826
729.91,721.694,352.82
729.418,720.611,477.815
850.402,470.345,226.111
849.91,469.262,351.105
849.417,468.178,476.099
852.889,595.316,227.204
852.397,594.232,352.198
851.905,593.149,477.192
855.376,720.286,228.296
854.884,719.203,353.291
854.392,718.119,478.285
600.868,476.995,350.748
602.086,477.393,475.742
603.304,477.791,600.735
598.926,601.979,350.369
600.144,602.378,475.362
601.361,602.776,600.356
596.983,726.964,349.99
598.201,727.362,474.983
599.419,727.76,599.977
725.847,478.934,349.525
727.065,479.332,474.518
728.283,479.73,599.511
723.905,603.918,349.145
725.122,604.316,474.139
726.34,604.714,599.132
721.962,728.902,348.766
723.18,729.301,473.759
724.398,729.699,598.753
850.826,480.872,348.301
852.044,481.271,473.294
853.262,481.669,598.288
848.884,605.857,347.922
850.101,606.255,472.915
851.319,606.653,597.909
846.941,730.841,347.542
848.159,731.239,472.536
849.377,731.638,597.529
601.186,473.96,473.529
603.988,472.633,598.491
606.79,471.306,723.452
604.888,598.899,474.773
607.69,597.572,599.735
610.492,596.244,724.696
608.59,723.838,476.017
611.392,722.511,600.979
614.194,721.183,725.94
726.1,470.287,470.689
728.902,468.96,595.651
731.703,467.633,720.613
729.802,595.226,471.933
732.604,593.899,596.895
735.405,592.571,721.857
733.504,720.165,473.177
736.306,718.838,598.139
739.107,717.51,723.101
851.014,466.614,467.85
853.815,465.287,592.811
856.617,463.96,717.773
854.716,591.553,469.094
857.518,590.226,594.055
860.319,588.899,719.017
858.418,716.492,470.338
861.22,715.165,595.299
864.021,713.837,720.261
600.64,475.291,599.887
599.289,471.871,724.832
597.938,468.451,849.778
600.39,600.244,603.304
599.039,596.824,728.25
597.688,593.404,853.196
600.14,725.197,606.722
598.788,721.777,731.667
597.437,718.357,856.613
725.633,475.505,601.244
724.282,472.084,726.19
722.93,468.664,851.136
725.382,600.458,604.662
724.031,597.037,729.608
722.68,593.617,854.553
725.132,725.411,608.079
723.781,721.991,733.025
722.43,718.57,857.971
850.625,475.718,602.602
849.274,472.298,727.548
847.923,468.878,852.493
850.375,600.671,606.019
849.024,597.251,730.965
847.672,593.831,855.911
850.125,725.624,609.437
848.773,722.204,734.383
847.422,718.784,859.328
600.49,601.139,101.878
598.775,600.798,226.866
597.059,600.458,351.854
597.83,726.11,102.183
596.115,725.77,227.17
594.4,725.429,352.158
595.171,851.082,102.487
593.455,850.741,227.475
591.74,850.4,352.462
725.45,603.794,103.601
723.735,603.454,228.588
722.019,603.113,353.576
722.79,728.766,103.905
721.075,728.425,228.892
719.36,728.084,353.88
720.131,853.737,104.209
718.415,853.396,229.197
716.7,853.056,354.184
850.41,606.45,105.323
848.695,606.109,230.31
846.979,605.768,355.298
847.75,731.421,105.627
846.035,731.08,230.615
844.32,730.74,355.602
845.091,856.392,105.931
843.375,856.052,230.919
841.66,855.711,355.907
599.932,598.891,223.033
602.314,596.681,347.991
604.697,594.471,472.949
598.754,723.866,225.266
601.137,721.656,350.224
603.52,719.446,475.181
597.577,848.84,227.499
599.96,846.63,352.456
602.342,844.42,477.414
724.903,600.11,220.672
727.286,597.9,345.63
729.668,595.691,470.588
723.726,725.085,222.905
726.109,722.875,347.863
728.491,720.665,472.82
722.549,850.059,225.137
724.932,847.85,350.095
727.314,845.64,475.053
849.875,601.33,218.311
852.258,599.12,343.269
854.64,596.91,468.226
848.698,726.304,220.544
851.08,724.094,345.501
853.463,721.884,470.459
847.521,851.279,222.776
849.903,849.069,347.734
852.286,846.859,472.692
601.703,600.168,349.28
601.656,598.224,474.265
601.609,596.279,599.25
603.131,725.145,351.225
603.083,723.2,476.21
603.036,721.255,601.195
604.558,850.122,353.17
604.51,848.177,478.155
604.463,846.232,603.14
726.695,598.741,349.305
726.648,596.796,474.29
726.6,594.851,599.275
728.122,723.717,351.25
728.075,721.773,476.235
728.028,719.828,601.22
729.55,848.694,353.195
729.502,846.749,478.18
729.455,844.804,603.165
851.687,597.313,349.33
851.64,595.368,474.315
851.592,593.423,599.3
853.114,722.29,351.275
853.067,720.345,476.26
853.019,718.4,601.245
854.541,847.266,353.22
854.494,845.321,478.205
854.447,843.377,603.19
601.602,600,476.042
599.68,600.82,601.025
597.758,601.64,726.007
602.43,724.995,475.235
600.508,725.815,600.217
598.585,726.635,725.2
603.257,849.99,474.427
601.335,850.81,599.41
599.413,851.63,724.392
726.585,599.185,477.97
724.662,600.005,602.952
722.74,600.825,727.935
727.412,724.18,477.162
725.49,725,602.145
723.568,725.82,727.128
728.24,849.175,476.355
726.318,849.995,601.338
724.395,850.815,726.32
851.567,598.37,479.898
849.645,599.19,604.88
847.723,600.01,729.863
852.395,723.365,479.09
850.472,724.185,604.073
848.55,725.005,729.055
853.222,848.36,478.283
851.3,849.18,603.265
849.378,850,728.248
598.866,600.338,598.123
595.526,598.879,723.069
592.186,597.42,848.016
602.115,725.286,599.668
598.774,723.827,724.615
595.434,722.368,849.562
605.363,850.234,601.214
602.023,848.775,726.161
598.682,847.316,851.108
723.78,597.05,601.423
720.439,595.591,726.37
717.099,594.131,851.317
727.028,721.998,602.969
723.688,720.539,727.916
720.347,719.08,852.863
730.276,846.946,604.515
726.936,845.487,729.462
723.595,844.028,854.409
848.693,593.761,604.724
845.352,592.302,729.671
842.012,590.843,854.618
851.941,718.71,606.27
848.601,717.251,731.217
845.26,715.792,856.164
855.189,843.658,607.816
851.849,842.199,732.763
848.509,840.74,857.71
