27,125,pa2-unknown-g-output1.txt
207.513,193.146,210.672
401.704,406.61,208.57
99.3247,101.809,100.745
100.868,99.7432,225.719
102.411,97.6772,350.692
95.9571,226.746,102.852
97.5004,224.68,227.826
99.0438,222.614,352.799
92.5895,351.683,104.959
94.1328,349.617,229.933
95.6761,347.551,354.906
224.27,105.202,99.2586
225.813,103.136,224.232
227.356,101.07,349.205
220.902,230.139,101.366
222.446,228.073,226.339
223.989,226.007,351.312
217.535,355.076,103.472
219.078,353.01,228.446
220.621,350.944,353.419
349.215,108.595,97.7717
350.758,106.529,222.745
352.302,104.463,347.718
345.847,233.532,99.8786
347.391,231.466,224.852
348.934,229.4,349.825
342.48,358.469,101.986
344.023,356.403,226.959
345.566,354.337,351.932
99.0628,100.988,225.718
102.586,102.018,350.664
106.108,103.049,475.611
101.794,225.953,224.611
105.317,226.984,349.557
108.839,228.014,474.503
104.525,350.919,223.504
108.048,351.949,348.45
111.571,352.979,473.396
223.983,98.2269,222.219
227.506,99.2571,347.165
231.029,100.287,472.111
226.714,223.192,221.112
230.237,224.222,346.058
233.76,225.253,471.004
229.446,348.157,220.004
232.968,349.188,344.95
236.491,350.218,469.897
348.904,95.4658,218.72
352.427,96.496,343.666
355.949,97.5262,468.612
351.635,220.431,217.612
355.158,221.461,342.559
358.68,222.491,467.505
354.366,345.396,216.505
357.889,346.426,341.451
361.412,347.457,466.397
101.088,99.7842,350.972
102.494,99.1809,475.962
103.899,98.5775,600.953
99.2212,224.769,351.596
100.626,224.165,476.586
102.032,223.562,601.577
97.354,349.753,352.22
98.7593,349.15,477.211
100.165,348.547,602.201
226.066,101.658,349.575
227.472,101.055,474.566
228.877,100.452,599.557
224.199,226.643,350.2
225.605,226.039,475.19
227.01,225.436,600.181
222.332,351.627,350.824
223.737,351.024,475.815
225.143,350.421,600.805
351.045,103.532,348.179
352.45,102.929,473.17
353.855,102.326,598.161
349.177,228.517,348.804
350.583,227.913,473.794
351.988,227.31,598.785
347.31,353.501,349.428
348.716,352.898,474.418
350.121,352.295,599.409
101.514,101.732,475.182
102.88,98.2316,600.125
104.245,94.7315,725.069
103.926,226.66,478.655
105.291,223.16,603.598
106.657,219.66,728.542
106.337,351.589,482.128
107.703,348.089,607.072
109.069,344.588,732.015
226.483,99.3591,473.749
227.849,95.859,598.693
229.215,92.3589,723.636
228.895,224.288,477.223
230.261,220.787,602.166
231.626,217.287,727.11
231.307,349.216,480.696
232.672,345.716,605.639
234.038,342.216,730.583
351.453,96.9865,472.317
352.818,93.4864,597.26
354.184,89.9863,722.204
353.864,221.915,475.79
355.23,218.415,600.734
356.596,214.915,725.677
356.276,346.843,479.263
357.642,343.343,604.207
359.007,339.843,729.151
100.181,101.672,600.877
100.406,105.38,725.821
100.631,109.087,850.766
103.376,226.576,597.164
103.601,230.284,722.109
103.825,233.991,847.054
106.57,351.48,593.452
106.795,355.188,718.397
107.02,358.895,843.342
225.14,98.4724,600.747
225.365,102.18,725.692
225.59,105.888,850.636
228.335,223.376,597.034
228.559,227.084,721.979
228.784,230.792,846.924
231.529,348.28,593.322
231.754,351.988,718.267
231.979,355.696,843.212
350.099,95.2729,600.617
350.324,98.9806,725.562
350.549,102.688,850.506
353.294,220.177,596.905
353.518,223.885,721.849
353.743,227.592,846.794
356.488,345.081,593.192
356.713,348.789,718.137
356.938,352.496,843.082
101.472,223.029,100.213
99.6751,219.881,225.161
97.8783,216.734,350.108
101.198,347.989,103.357
99.4008,344.841,228.305
97.604,341.694,353.252
100.923,472.949,106.501
99.1264,469.802,231.449
97.3297,466.654,356.396
226.459,223.258,102.016
224.662,220.11,226.964
222.865,216.963,351.911
226.184,348.218,105.16
224.388,345.07,230.108
222.591,341.923,355.055
225.91,473.178,108.304
224.113,470.031,233.252
222.316,466.883,358.199
351.445,223.487,103.82
349.649,220.339,228.767
347.852,217.192,353.714
351.171,348.447,106.963
349.374,345.3,231.911
347.578,342.152,356.858
350.897,473.407,110.107
349.1,470.26,235.055
347.303,467.112,360.002
98.5338,225.298,226.555
95.7747,225.913,351.523
93.0155,226.528,476.491
97.9601,350.295,225.927
95.201,350.91,350.895
92.4418,351.525,475.863
97.3864,475.292,225.299
94.6273,475.907,350.267
91.8681,476.522,475.235
223.502,225.885,229.311
220.743,226.5,354.279
217.984,227.115,479.247
222.928,350.882,228.683
220.169,351.497,353.651
217.41,352.113,478.619
222.355,475.879,228.055
219.596,476.494,353.023
216.836,477.11,477.991
348.47,226.472,232.067
345.711,227.088,357.036
342.952,227.703,482.004
347.897,351.469,231.439
345.137,352.085,356.407
342.378,352.7,481.375
347.323,476.467,230.811
344.564,477.082,355.779
341.805,477.697,480.747
101.965,223.179,351.121
100.299,226.219,476.073
98.6331,229.259,601.025
98.3064,348.087,348.033
96.6403,351.127,472.985
94.9743,354.167,597.937
94.6476,472.996,344.945
92.9815,476.036,469.897
91.3155,479.076,594.849
226.901,226.878,352.697
225.234,229.918,477.649
223.568,232.958,602.601
223.242,351.786,349.609
221.576,354.826,474.561
219.91,357.866,599.513
219.583,476.694,346.521
217.917,479.734,471.473
216.251,482.774,596.425
351.836,230.576,354.273
350.17,233.616,479.224
348.504,236.656,604.176
348.177,355.484,351.185
346.511,358.524,476.137
344.845,361.564,601.089
344.518,480.393,348.097
342.852,483.433,473.049
341.186,486.473,598.001
100.536,226.678,474.193
101.493,228.495,599.177
102.451,230.313,724.16
101.064,351.663,472.372
102.021,353.481,597.355
102.978,355.299,722.338
101.591,476.649,470.55
102.548,478.467,595.533
103.506,480.284,720.516
225.531,226.136,473.244
226.489,227.954,598.227
227.446,229.772,723.21
226.059,351.122,471.422
227.016,352.94,596.405
227.973,354.757,721.388
226.586,476.107,469.6
227.543,477.925,594.583
228.501,479.743,719.566
350.527,225.595,472.294
351.484,227.413,597.277
352.441,229.231,722.261
351.054,350.581,470.472
352.011,352.398,595.456
352.969,354.216,720.439
351.581,475.566,468.651
352.539,477.384,593.634
353.496,479.202,718.617
101.252,226.612,599.033
98.7944,225.928,724.007
96.3366,225.243,848.981
98.1414,351.572,599.656
95.6836,350.888,724.63
93.2259,350.203,849.604
95.0306,476.532,600.28
92.5728,475.847,725.254
90.1151,475.163,850.228
226.189,229.71,601.507
223.732,229.026,726.481
221.274,228.341,851.455
223.078,354.67,602.13
220.621,353.985,727.104
218.163,353.301,852.078
219.968,479.63,602.754
217.51,478.945,727.728
215.052,478.261,852.702
351.126,232.808,603.981
348.669,232.124,728.955
346.211,231.439,853.929
348.016,357.768,604.604
345.558,357.083,729.578
343.1,356.399,854.552
344.905,482.728,605.228
342.447,482.043,730.202
339.989,481.359,855.176
100.967,350.693,98.8946
99.1101,351.192,223.88
97.2532,351.69,348.865
98.5011,475.668,98.3593
96.6442,476.166,223.345
94.7873,476.665,348.33
96.0353,600.642,97.8241
94.1784,601.141,222.809
92.3215,601.639,347.795
225.929,353.167,100.741
224.072,353.665,225.726
222.215,354.164,350.712
223.463,478.141,100.206
221.606,478.64,225.191
219.749,479.138,350.176
220.997,603.116,99.6708
219.14,603.614,224.656
217.283,604.113,349.641
350.891,355.64,102.588
349.034,356.139,227.573
347.177,356.637,352.558
348.425,480.615,102.053
346.568,481.113,227.038
344.711,481.612,352.023
345.959,605.589,101.517
344.102,606.088,226.503
342.245,606.586,351.488
98.6462,351.699,223.04
100.67,353.428,348.011
102.695,355.156,472.983
99.3298,476.685,221.3
101.354,478.414,346.272
103.378,480.142,471.244
100.013,601.671,219.561
102.038,603.4,344.532
104.062,605.128,469.504
223.628,350.988,221.025
225.652,352.716,345.997
227.676,354.444,470.968
224.312,475.974,219.286
226.336,477.702,344.257
228.36,479.43,469.229
224.995,600.96,217.546
227.019,602.688,342.518
229.044,604.416,467.489
348.61,350.276,219.011
350.634,352.004,343.982
352.658,353.733,468.954
349.293,475.262,217.271
351.318,476.99,342.243
353.342,478.719,467.214
349.977,600.248,215.531
352.001,601.976,340.503
354.025,603.705,465.475
100.974,351.569,349.447
103.773,354.804,474.374
106.571,358.038,599.301
104.099,476.487,346.144
106.897,479.721,471.07
109.696,482.955,595.997
107.224,601.404,342.84
110.022,604.638,467.766
112.821,607.872,592.693
225.904,348.372,346.732
228.702,351.607,471.659
231.501,354.841,596.585
229.029,473.29,343.428
231.827,476.524,468.355
234.625,479.758,593.282
232.153,598.207,340.124
234.952,601.441,465.051
237.75,604.675,589.978
350.834,345.175,344.016
353.632,348.41,468.943
356.43,351.644,593.87
353.958,470.093,340.712
356.757,473.327,465.639
359.555,476.561,590.566
357.083,595.01,337.408
359.881,598.244,462.335
362.68,601.478,587.262
100.571,348.267,475.248
99.6085,347.75,600.243
98.6461,347.233,725.238
100.764,473.266,475.766
99.8019,472.749,600.762
98.8394,472.232,725.757
100.958,598.265,476.285
99.9952,597.748,601.28
99.0328,597.231,726.275
225.567,348.07,476.209
224.605,347.553,601.204
223.642,347.036,726.2
225.76,473.069,476.728
224.798,472.552,601.723
223.836,472.034,726.718
225.954,598.068,477.247
224.991,597.55,602.242
224.029,597.033,727.237
350.563,347.873,477.171
349.601,347.356,602.166
348.638,346.838,727.161
350.757,472.872,477.69
349.794,472.354,602.685
348.832,471.837,727.68
350.95,597.87,478.208
349.988,597.353,603.204
349.025,596.836,728.199
98.4002,349.807,601.215
95.3785,350.664,726.175
92.3567,351.522,851.136
95.6724,474.774,600.291
92.6506,475.631,725.252
89.6288,476.489,850.212
92.9445,599.741,599.368
89.9227,600.598,724.328
86.9009,601.455,849.289
223.334,352.556,604.217
220.312,353.414,729.177
217.29,354.271,854.138
220.606,477.523,603.294
217.584,478.381,728.254
214.562,479.238,853.215
217.878,602.49,602.37
214.856,603.347,727.331
211.835,604.205,852.291
348.268,355.306,607.219
345.246,356.163,732.18
342.224,357.021,857.14
345.54,480.272,606.296
342.518,481.13,731.256
339.496,481.987,856.217
342.812,605.239,605.372
339.79,606.097,730.333
336.768,606.954,855.293
99.5582,475.757,98.3643
101.187,477.477,223.342
102.815,479.196,348.319
100.596,600.741,96.631
102.224,602.46,221.609
103.852,604.18,346.586
101.633,725.724,94.8978
103.261,727.444,219.875
104.89,729.164,344.853
224.543,474.697,96.7504
226.172,476.417,221.728
227.8,478.137,346.706
225.581,599.681,95.0172
227.209,601.401,219.995
228.837,603.12,344.972
226.618,724.665,93.2839
228.246,726.384,218.262
229.875,728.104,343.239
349.528,473.637,95.1366
351.157,475.357,220.114
352.785,477.077,345.092
350.566,598.621,93.4033
352.194,600.341,218.381
353.822,602.06,343.358
351.603,723.605,91.6701
353.232,725.324,216.648
354.86,727.044,341.625
100.148,473.801,223.449
103.798,474.877,348.391
107.449,475.953,473.333
100.89,598.794,222.351
104.541,599.87,347.293
108.191,600.946,472.235
101.632,723.787,221.252
105.283,724.863,346.194
108.934,725.939,471.137
225.092,473.027,219.805
228.743,474.103,344.747
232.393,475.179,469.689
225.834,598.019,218.707
229.485,599.096,343.649
233.136,600.172,468.591
226.577,723.012,217.608
230.228,724.089,342.55
233.878,725.165,467.492
350.037,472.252,216.161
353.687,473.329,341.103
357.338,474.405,466.045
350.779,597.245,215.062
354.43,598.321,340.005
358.08,599.398,464.947
351.521,722.238,213.964
355.172,723.314,338.906
358.823,724.391,463.848
101.404,474.464,350.683
99.7086,477.087,475.644
98.0132,479.71,600.605
103.387,599.422,348.087
101.691,602.044,473.048
99.996,604.667,598.009
105.37,724.379,345.491
103.674,727.002,470.452
101.979,729.624,595.413
226.377,472.517,352.419
224.681,475.14,477.38
222.986,477.763,602.341
228.36,597.475,349.824
226.664,600.097,474.785
224.969,602.72,599.746
230.342,722.432,347.228
228.647,725.055,472.189
226.952,727.677,597.15
351.35,470.57,354.156
349.654,473.193,479.117
347.959,475.816,604.078
353.332,595.528,351.56
351.637,598.15,476.521
349.942,600.773,601.482
355.315,720.485,348.964
353.62,723.108,473.925
351.924,725.73,598.886
99.4188,474.227,475.241
102.542,472.967,600.196
105.666,471.707,725.151
97.7766,599.21,476.543
100.9,597.949,601.497
104.024,596.689,726.452
96.1343,724.192,477.844
99.2579,722.932,602.799
102.382,721.672,727.753
224.369,475.901,472.135
227.493,474.641,597.089
230.616,473.381,722.044
222.727,600.884,473.436
225.85,599.624,598.391
228.974,598.363,723.345
221.085,725.866,474.738
224.208,724.606,599.692
227.332,723.346,724.647
349.319,477.575,469.028
352.443,476.315,593.983
355.566,475.055,718.937
347.677,602.558,470.33
350.801,601.298,595.284
353.924,600.038,720.239
346.035,727.54,471.631
349.158,726.28,596.586
352.282,725.02,721.54
99.9454,476.131,601.833
103.688,478.603,726.753
107.431,481.075,851.672
102.02,601.088,599.298
105.762,603.56,724.218
109.505,606.032,849.137
104.094,726.045,596.763
107.836,728.517,721.683
111.579,730.989,846.602
224.872,473.982,598.133
228.615,476.454,723.052
232.357,478.926,847.972
226.946,598.939,595.598
230.689,601.411,720.517
234.432,603.883,845.437
229.021,723.896,593.063
232.763,726.368,717.982
236.506,728.84,842.902
349.799,471.833,594.432
353.542,474.305,719.352
357.284,476.777,844.271
351.873,596.79,591.897
355.616,599.262,716.817
359.358,601.735,841.736
353.947,721.747,589.363
357.69,724.22,714.282
361.433,726.692,839.202
100.393,599.572,98.5908
98.9183,597.46,223.564
97.4432,595.348,348.538
99.2102,724.549,100.689
97.735,722.437,225.662
96.2599,720.325,350.636
98.0268,849.526,102.787
96.5517,847.414,227.76
95.0766,845.302,352.734
225.379,600.731,100.086
223.904,598.619,225.059
222.429,596.507,350.033
224.196,725.707,102.184
222.721,723.595,227.157
221.246,721.484,352.131
223.013,850.684,104.282
221.537,848.572,229.255
220.062,846.46,354.229
350.365,601.889,101.581
348.89,599.777,226.554
347.415,597.665,351.527
349.182,726.866,103.678
347.706,724.754,228.652
346.231,722.642,353.625
347.998,851.842,105.776
346.523,849.731,230.75
345.048,847.619,355.723
98.1051,599.602,225.452
98.7273,597.788,350.437
99.3495,595.974,475.423
96.5263,724.579,227.274
97.1485,722.765,352.259
97.7707,720.951,477.245
94.9475,849.556,229.096
95.5697,847.742,354.081
96.192,845.928,479.066
223.094,601.19,224.853
223.716,599.376,349.838
224.338,597.562,474.824
221.515,726.167,226.675
222.137,724.353,351.66
222.759,722.539,476.645
219.936,851.144,228.497
220.558,849.329,353.482
221.18,847.515,478.467
348.082,602.778,224.254
348.704,600.964,349.239
349.326,599.15,474.224
346.503,727.754,226.076
347.125,725.94,351.061
347.748,724.126,476.046
344.924,852.731,227.897
345.547,850.917,352.883
346.169,849.103,477.868
99.9913,599.622,351.496
101.042,601.07,476.483
102.093,602.517,601.47
103.027,724.576,350.023
104.078,726.024,475.01
105.129,727.472,599.997
106.063,849.531,348.55
107.114,850.978,473.537
108.165,852.426,598.524
224.95,596.574,350.48
226.001,598.021,475.467
227.052,599.469,600.454
227.986,721.528,349.007
229.037,722.976,473.994
230.088,724.424,598.982
231.022,846.483,347.535
232.073,847.93,472.522
233.124,849.378,597.509
349.909,593.526,349.464
350.96,594.973,474.452
352.011,596.421,599.439
352.945,718.48,347.992
353.996,719.928,472.979
355.047,721.375,597.966
355.981,843.435,346.519
357.032,844.882,471.506
358.083,846.33,596.493
100.718,598.432,474.606
99.2982,596.312,599.58
97.8788,594.192,724.554
102.721,723.397,476.749
101.301,721.277,601.723
99.8818,719.157,726.697
104.724,848.363,478.892
103.304,846.243,603.866
101.885,844.123,728.84
225.693,596.405,475.991
224.274,594.285,600.965
222.855,592.165,725.939
227.696,721.371,478.134
226.277,719.25,603.108
224.858,717.13,728.082
229.699,846.336,480.277
228.28,844.216,605.251
226.861,842.096,730.225
350.669,594.378,477.376
349.25,592.258,602.35
347.831,590.138,727.324
352.672,719.344,479.519
351.253,717.224,604.493
349.834,715.103,729.467
354.675,844.309,481.662
353.256,842.189,606.636
351.837,840.069,731.61
99.5449,601.976,601.019
96.1381,599.624,725.95
92.7314,597.272,850.882
100.212,726.951,603.39
96.8055,724.6,728.321
93.3988,722.248,853.253
100.88,851.927,605.76
97.4729,849.575,730.692
94.0662,847.224,855.623
224.497,601.244,604.413
221.09,598.892,729.344
217.683,596.54,854.275
225.164,726.22,606.783
221.757,723.868,731.715
218.351,721.516,856.646
225.831,851.195,609.154
222.425,848.844,734.085
219.018,846.492,859.017
349.448,600.512,607.806
346.042,598.161,732.738
342.635,595.809,857.669
350.116,725.488,610.177
346.709,723.136,735.108
343.302,720.785,860.04
350.783,850.464,612.547
347.377,848.112,737.479
343.97,845.76,862.41
224.268,100.846,101.639
224.196,101.78,226.636
224.125,102.714,351.632
224.801,225.841,100.705
224.729,226.775,225.702
224.657,227.71,350.698
225.333,350.836,99.7711
225.261,351.771,224.768
225.19,352.705,349.764
349.267,100.314,101.715
349.195,101.248,226.711
349.123,102.182,351.708
349.8,225.309,100.781
349.728,226.243,225.777
349.656,227.178,350.774
350.332,350.305,99.8469
350.26,351.239,224.843
350.188,352.173,349.84
474.266,99.7819,101.791
474.194,100.716,226.787
474.122,101.651,351.784
474.798,224.777,100.857
474.727,225.712,225.853
474.655,226.646,350.85
475.331,349.773,99.9226
475.259,350.707,224.919
475.187,351.641,349.916
226.585,100.247,224.098
226.648,96.8987,349.053
226.711,93.5503,474.008
228.345,225.19,227.445
228.408,221.842,352.4
228.471,218.493,477.355
230.106,350.133,230.792
230.169,346.784,355.748
230.232,343.436,480.703
351.572,98.489,223.988
351.635,95.1406,348.943
351.699,91.7921,473.898
353.333,223.432,227.335
353.396,220.083,352.29
353.459,216.735,477.245
355.093,348.375,230.682
355.156,345.026,355.637
355.22,341.678,480.592
476.56,96.7309,223.877
476.623,93.3824,348.833
476.686,90.034,473.788
478.32,221.674,227.225
478.384,218.325,352.18
478.447,214.977,477.135
480.081,346.616,230.572
480.144,343.268,355.527
480.207,339.92,480.482
223.44,100.277,351.99
222.609,99.25,476.983
221.777,98.2224,601.976
220.914,225.248,353
220.082,224.22,477.993
219.251,223.193,602.986
218.387,350.218,354.011
217.556,349.191,479.004
216.724,348.163,603.997
348.412,102.797,352.842
347.58,101.77,477.835
346.749,100.742,602.828
345.885,227.767,353.852
345.054,226.74,478.845
344.223,225.712,603.838
343.359,352.738,354.863
342.527,351.71,479.856
341.696,350.683,604.849
473.383,105.317,353.694
472.552,104.289,478.687
471.721,103.262,603.68
470.857,230.287,354.704
470.026,229.26,479.697
469.194,228.232,604.69
468.33,355.258,355.715
467.499,354.23,480.708
466.668,353.202,605.701
225.976,101.055,473.2
224.675,99.8826,598.188
223.373,98.7101,723.176
223.714,226.029,474.349
222.412,224.857,599.337
221.111,223.684,724.325
221.451,351.004,475.498
220.15,349.831,600.486
218.848,348.659,725.473
350.949,103.306,474.523
349.647,102.133,599.51
348.346,100.96,724.498
348.686,228.28,475.671
347.385,227.107,600.659
346.084,225.935,725.647
346.424,353.254,476.82
345.122,352.081,601.808
343.821,350.909,726.796
475.922,105.556,475.845
474.62,104.383,600.833
473.319,103.211,725.82
473.659,230.53,476.994
472.358,229.358,601.981
471.056,228.185,726.969
471.397,355.504,478.143
470.095,354.332,603.13
468.794,353.159,728.118
224.739,99.1426,598.178
222.029,96.9458,723.129
219.318,94.7491,848.08
227.949,224.081,600.444
225.238,221.884,725.395
222.528,219.687,850.346
231.158,349.019,602.71
228.448,346.822,727.661
225.737,344.626,852.613
349.669,95.8852,600.83
346.958,93.6885,725.782
344.248,91.4917,850.733
352.878,220.823,603.096
350.168,218.627,728.048
347.457,216.43,852.999
356.088,345.762,605.363
353.377,343.565,730.314
350.667,341.368,855.265
474.598,92.6278,603.483
471.888,90.4311,728.434
469.177,88.2343,853.386
477.808,217.566,605.749
475.097,215.369,730.7
472.387,213.173,855.652
481.017,342.504,608.015
478.307,340.308,732.967
475.596,338.111,857.918
225.451,226.738,101.902
227.988,229.606,226.843
230.524,232.474,351.784
221.695,351.65,99.1105
224.232,354.518,224.052
226.768,357.386,348.993
217.939,476.563,96.3195
220.476,479.431,221.261
223.013,482.299,346.202
350.369,230.436,99.2806
352.905,233.303,224.222
355.442,236.171,349.163
346.613,355.348,96.4896
349.15,358.216,221.431
351.686,361.084,346.372
342.857,480.26,93.6985
345.394,483.128,218.64
347.93,485.996,343.581
475.287,234.133,96.6597
477.823,237.001,221.601
480.36,239.869,346.542
471.531,359.045,93.8686
474.067,361.913,218.81
476.604,364.781,343.751
467.775,483.958,91.0776
470.312,486.826,216.019
472.848,489.694,340.96
224.003,226.729,223.201
221.927,229.969,348.142
219.852,233.209,473.083
226.087,351.67,219.996
224.012,354.91,344.937
221.936,358.15,469.878
228.172,476.612,216.791
226.096,479.852,341.732
224.021,483.092,466.673
348.968,224.699,225.33
346.893,227.938,350.271
344.817,231.178,475.211
351.053,349.64,222.125
348.977,352.88,347.065
346.902,356.12,472.006
353.137,474.582,218.919
351.062,477.821,343.86
348.986,481.061,468.801
473.934,222.668,227.458
471.858,225.908,352.399
469.783,229.148,477.34
476.018,347.61,224.253
473.943,350.85,349.194
471.867,354.089,474.135
478.103,472.551,221.048
476.027,475.791,345.989
473.952,479.031,470.93
226.586,224.68,349.662
227.933,222.365,474.633
229.279,220.05,599.604
227.578,349.655,351.966
228.924,347.339,476.938
230.27,345.024,601.909
228.569,474.629,354.271
229.915,472.314,479.242
231.261,469.999,604.213
351.575,223.714,348.298
352.921,221.398,473.269
354.267,219.083,598.24
352.567,348.688,350.602
353.913,346.373,475.573
355.259,344.058,600.545
353.558,473.663,352.907
354.904,471.348,477.878
356.25,469.033,602.849
476.564,222.747,346.933
477.91,220.432,471.905
479.256,218.117,596.876
477.555,347.722,349.238
478.901,345.407,474.209
480.247,343.092,599.181
478.547,472.697,351.542
479.893,470.382,476.514
481.239,468.067,601.485
226.916,223.771,475.59
230.235,226.03,600.525
233.554,228.289,725.461
229.804,348.716,473.254
233.123,350.975,598.189
236.442,353.234,723.125
232.691,473.661,470.918
236.01,475.92,595.854
239.329,478.179,720.789
351.839,220.823,472.324
355.158,223.082,597.26
358.477,225.341,722.196
354.726,345.768,469.989
358.045,348.027,594.924
361.364,350.286,719.86
357.614,470.713,467.653
360.933,472.972,592.588
364.252,475.231,717.524
476.762,217.875,469.059
480.081,220.134,593.995
483.4,222.393,718.93
479.649,342.82,466.723
482.968,345.079,591.659
486.287,347.338,716.594
482.536,467.765,464.388
485.855,470.024,589.323
489.174,472.283,714.259
223.829,223.053,599.016
223.939,224.075,724.012
224.049,225.097,849.007
227.042,348.008,597.992
227.152,349.03,722.987
227.262,350.051,847.983
230.255,472.962,596.967
230.366,473.984,721.963
230.476,475.006,846.959
348.787,219.839,598.932
348.897,220.861,723.928
349.008,221.883,848.923
352.001,344.794,597.908
352.111,345.815,722.903
352.221,346.837,847.899
355.214,469.748,596.883
355.324,470.77,721.879
355.435,471.792,846.875
473.746,216.625,598.848
473.856,217.647,723.844
473.966,218.668,848.839
476.959,341.579,597.824
477.069,342.601,722.819
477.18,343.623,847.815
480.173,466.534,596.799
480.283,467.556,721.795
480.393,468.577,846.791
225.193,348.783,98.7669
222.349,345.172,223.682
219.506,341.562,348.598
224.813,473.73,102.37
221.969,470.12,227.285
219.125,466.509,352.201
224.432,598.678,105.973
221.588,595.067,230.888
218.744,591.457,355.804
350.16,349.081,101.62
347.316,345.471,226.536
344.473,341.86,351.451
349.78,474.029,105.223
346.936,470.418,230.139
344.092,466.808,355.054
349.399,598.976,108.826
346.555,595.366,233.742
343.712,591.755,358.657
475.127,349.38,104.474
472.284,345.769,229.39
469.44,342.158,354.305
474.747,474.327,108.077
471.903,470.716,232.992
469.059,467.106,357.908
474.366,599.275,111.68
471.522,595.664,236.595
468.679,592.053,361.511
224.957,349.542,224.7
227.389,349.989,349.676
229.821,350.436,474.652
225.141,474.541,224.25
227.573,474.988,349.225
230.004,475.435,474.201
225.324,599.54,223.799
227.756,599.987,348.774
230.188,600.434,473.75
349.933,349.349,222.269
352.365,349.797,347.245
354.797,350.244,472.22
350.117,474.348,221.819
352.549,474.796,346.794
354.981,475.243,471.77
350.301,599.348,221.368
352.732,599.795,346.343
355.164,600.242,471.319
474.91,349.157,219.838
477.341,349.604,344.814
479.773,350.051,469.789
475.093,474.156,219.387
477.525,474.603,344.363
479.957,475.05,469.339
475.277,599.155,218.937
477.709,599.602,343.912
480.14,600.049,468.888
223.799,348.034,349.514
220.473,346.915,474.465
217.147,345.797,599.416
225.989,473.009,350.692
222.663,471.891,475.642
219.337,470.772,600.593
228.179,597.984,351.869
224.853,596.866,476.819
221.528,595.747,601.77
348.735,345.813,352.82
345.41,344.695,477.771
342.084,343.576,602.721
350.926,470.789,353.997
347.6,469.67,478.948
344.274,468.551,603.899
353.116,595.764,355.174
349.79,594.645,480.125
346.464,593.527,605.076
473.672,343.593,356.125
470.346,342.474,481.076
467.02,341.356,606.027
475.862,468.568,357.303
472.536,467.449,482.253
469.211,466.331,607.204
478.052,593.543,358.48
474.726,592.425,483.43
471.401,591.306,608.381
223.503,350.648,476.756
221.059,347.656,601.696
218.615,344.663,726.636
226.646,475.571,479.809
224.202,472.579,604.75
221.758,469.587,729.69
229.789,600.494,482.863
227.345,597.502,607.803
224.901,594.51,732.743
348.44,347.447,479.123
345.996,344.455,604.064
343.551,341.462,729.004
351.583,472.37,482.177
349.139,469.378,607.117
346.694,466.386,732.057
354.726,597.293,485.23
352.281,594.301,610.171
349.837,591.309,735.111
473.377,344.246,481.491
470.932,341.254,606.431
468.488,338.261,731.371
476.519,469.169,484.544
474.075,466.177,609.485
471.631,463.184,734.425
479.662,594.092,487.598
477.218,591.1,612.538
474.774,588.108,737.478
224.816,350.533,601.066
227.296,347.06,725.994
229.776,343.587,850.921
226.245,475.477,604.511
228.725,472.004,729.438
231.205,468.532,854.366
227.674,600.422,607.956
230.154,596.949,732.883
232.634,593.476,857.811
349.783,349.173,598.548
352.263,345.7,723.475
354.743,342.227,848.402
351.212,474.117,601.993
353.692,470.644,726.92
356.172,467.172,851.847
352.641,599.062,605.438
355.121,595.589,730.365
357.602,592.116,855.292
474.75,347.813,596.029
477.23,344.34,720.956
479.711,340.867,845.883
476.179,472.757,599.474
478.66,469.284,724.401
481.14,465.812,849.328
477.609,597.702,602.919
480.089,594.229,727.846
482.569,590.756,852.773
223.286,475.858,98.8863
221.573,474.824,223.87
219.861,473.791,348.854
221.093,600.834,99.8897
219.38,599.801,224.874
217.667,598.767,349.858
218.899,725.811,100.893
217.187,724.777,225.877
215.474,723.744,350.861
348.255,478.037,100.617
346.542,477.003,225.601
344.83,475.97,350.585
346.062,603.013,101.62
344.349,601.98,226.604
342.636,600.946,351.588
343.868,727.99,102.624
342.156,726.957,227.608
340.443,725.923,352.592
473.224,480.216,102.347
471.511,479.182,227.331
469.799,478.149,352.315
471.031,605.193,103.351
469.318,604.159,228.335
467.605,603.126,353.319
468.837,730.169,104.354
467.125,729.136,229.338
465.412,728.102,354.322
223.977,473.549,226.96
223.172,473.298,351.957
222.367,473.046,476.955
225.371,598.541,227.221
224.566,598.29,352.218
223.761,598.038,477.215
226.764,723.533,227.481
225.959,723.282,352.479
225.155,723.03,477.476
348.966,472.154,227.762
348.162,471.902,352.759
347.357,471.651,477.757
350.36,597.146,228.023
349.555,596.894,353.02
348.75,596.643,478.017
351.754,722.138,228.283
350.949,721.886,353.281
350.144,721.635,478.278
473.956,470.759,228.564
473.151,470.507,353.561
472.346,470.255,478.559
475.35,595.751,228.825
474.545,595.499,353.822
473.74,595.247,478.819
476.744,720.743,229.085
475.939,720.491,354.083
475.134,720.239,479.08
226.966,474.35,350.321
227.185,476.522,475.302
227.405,478.695,600.283
224.587,599.308,348.153
224.807,601.481,473.134
225.026,603.653,598.115
222.209,724.267,345.985
222.428,726.439,470.966
222.648,728.612,595.947
351.943,476.724,350.06
352.162,478.897,475.041
352.382,481.069,600.022
349.564,601.683,347.892
349.784,603.855,472.873
350.003,606.028,597.854
347.186,726.641,345.724
347.405,728.814,470.705
347.625,730.986,595.686
476.92,479.098,349.799
477.139,481.271,474.78
477.359,483.443,599.761
474.541,604.057,347.631
474.761,606.229,472.612
474.981,608.402,597.593
472.163,729.015,345.463
472.383,731.188,470.444
472.602,733.36,595.425
223.182,474.355,476.739
220.554,473.165,601.706
217.926,471.975,726.673
225.824,599.321,477.985
223.196,598.131,602.952
220.568,596.941,727.918
228.465,724.287,479.231
225.838,723.097,604.197
223.21,721.907,729.164
348.126,471.688,479.341
345.498,470.498,604.308
342.871,469.308,729.275
350.768,596.654,480.587
348.14,595.464,605.553
345.513,594.274,730.52
353.41,721.62,481.832
350.782,720.43,606.799
348.154,719.24,731.766
473.071,469.021,481.943
470.443,467.831,606.91
467.815,466.641,731.876
475.712,593.987,483.189
473.085,592.797,608.155
470.457,591.606,733.122
478.354,718.953,484.434
475.727,717.762,609.401
473.099,716.572,734.368
225.013,476.642,599.948
223.662,478.554,724.926
222.312,480.467,849.904
223.614,601.619,598.021
222.263,603.532,722.999
220.913,605.444,847.977
222.214,726.597,596.093
220.864,728.509,721.071
219.513,730.422,846.049
349.998,478.062,601.277
348.647,479.974,726.255
347.297,481.887,851.233
348.598,603.039,599.349
347.248,604.952,724.328
345.897,606.864,849.306
347.199,728.016,597.422
345.849,729.929,722.4
344.498,731.841,847.378
474.983,479.482,602.606
473.632,481.394,727.584
472.282,483.307,852.562
473.583,604.459,600.678
472.233,606.371,725.656
470.882,608.284,850.634
472.184,729.436,598.751
470.834,731.349,723.729
469.483,733.261,848.707
223.434,601.648,98.6514
220.951,603.407,223.614
218.468,605.166,348.577
222.976,726.634,96.8826
220.493,728.394,221.846
218.011,730.153,346.809
222.518,851.621,95.1139
220.036,853.38,220.077
217.553,855.14,345.04
348.408,602.14,101.127
345.925,603.9,226.09
343.443,605.659,351.053
347.951,727.127,99.3587
345.468,728.886,224.322
342.985,730.646,349.285
347.493,852.114,97.59
345.01,853.873,222.553
342.527,855.632,347.516
473.383,602.633,103.603
470.9,604.392,228.566
468.417,606.152,353.529
472.925,727.62,101.835
470.442,729.379,226.798
467.96,731.138,351.761
472.467,852.606,100.066
469.985,854.366,225.029
467.502,856.125,349.992
225.568,599.888,225.128
224.266,598.836,350.117
222.964,597.785,475.105
225.144,724.883,226.175
223.843,723.831,351.164
222.541,722.78,476.153
224.721,849.878,227.222
223.419,848.826,352.211
222.117,847.775,477.2
350.56,600.3,226.433
349.259,599.249,351.422
347.957,598.197,476.411
350.137,725.295,227.48
348.835,724.244,352.469
347.533,723.192,477.458
349.713,850.29,228.528
348.412,849.239,353.516
347.11,848.187,478.505
475.553,600.713,227.738
474.251,599.661,352.727
472.949,598.61,477.716
475.129,725.708,228.786
473.828,724.656,353.774
472.526,723.605,478.763
474.706,850.703,229.833
473.404,849.651,354.822
472.102,848.6,479.81
225.09,600.116,351.77
221.546,600.886,476.717
218.003,601.656,601.664
226.445,725.106,351.038
222.902,725.876,475.985
219.359,726.646,600.933
227.801,850.097,350.306
224.258,850.867,475.254
220.714,851.637,600.201
350.032,598.782,355.321
346.489,599.552,480.268
342.946,600.321,605.216
351.388,723.772,354.589
347.844,724.542,479.537
344.301,725.312,604.484
352.743,848.763,353.858
349.2,849.533,478.805
345.657,850.302,603.752
474.974,597.448,358.872
471.431,598.217,483.819
467.888,598.987,608.767
476.33,722.438,358.14
472.787,723.208,483.088
469.244,723.978,608.035
477.686,847.429,357.409
474.142,848.198,482.356
470.599,848.968,607.304
226.19,599.062,475.019
225.862,596.12,599.984
225.533,593.177,724.949
226.456,724.027,477.962
226.128,721.085,602.927
225.799,718.142,727.892
226.722,848.992,480.905
226.394,846.05,605.87
226.065,843.107,730.835
351.19,598.788,475.341
350.861,595.846,600.306
350.533,592.904,725.271
351.456,723.754,478.284
351.127,720.811,603.249
350.798,717.869,728.214
351.722,848.719,481.227
351.393,845.776,606.192
351.064,842.834,731.157
476.189,598.515,475.664
475.86,595.573,600.629
475.532,592.63,725.593
476.455,723.48,478.607
476.126,720.538,603.572
475.798,717.595,728.537
476.721,848.445,481.55
476.392,845.503,606.515
476.064,842.56,731.48
226.21,598.801,598.224
227.904,601.301,723.188
229.597,603.8,848.151
224.204,723.761,595.752
225.898,726.26,720.715
227.591,728.76,845.679
222.198,848.72,593.28
223.891,851.22,718.243
225.585,853.719,843.207
351.183,600.774,596.491
352.876,603.273,721.454
354.57,605.772,846.418
349.176,725.733,594.019
350.87,728.232,718.982
352.564,730.732,843.946
347.17,850.693,591.547
348.864,853.192,716.51
350.557,855.691,841.474
476.155,602.746,594.758
477.849,605.245,719.721
479.542,607.745,844.685
474.149,727.705,592.286
475.842,730.205,717.249
477.536,732.704,842.213
472.143,852.665,589.814
473.836,855.164,714.777
475.53,857.663,839.741
349.851,100.26,99.7165
352.889,98.1272,224.661
355.926,95.9941,349.606
351.916,225.226,101.8
354.954,223.093,226.745
357.991,220.96,351.689
353.981,350.191,103.883
357.019,348.058,228.828
360.056,345.925,353.773
474.798,98.2469,96.6448
477.835,96.1138,221.59
480.872,93.9807,346.535
476.862,223.213,98.728
479.9,221.079,223.673
482.937,218.946,348.618
478.927,348.178,100.811
481.965,346.045,225.756
485.002,343.912,350.701
599.744,96.2335,93.5731
602.781,94.1005,218.518
605.818,91.9674,343.463
601.808,221.199,95.6563
604.846,219.066,220.601
607.883,216.933,345.546
603.873,346.165,97.7396
606.911,344.032,222.684
609.948,341.899,347.629
348.217,99.9453,224.598
348.624,99.8791,349.597
349.03,99.8129,474.597
350.155,224.93,224.658
350.562,224.864,349.657
350.968,224.798,474.657
352.093,349.915,224.718
352.5,349.849,349.717
352.906,349.783,474.716
473.201,98.0074,224.19
473.608,97.9412,349.19
474.014,97.875,474.189
475.139,222.992,224.25
475.546,222.926,349.25
475.953,222.86,474.249
477.078,347.977,224.31
477.484,347.911,349.31
477.891,347.845,474.309
598.186,96.0695,223.783
598.592,96.0033,348.782
598.999,95.937,473.782
600.124,221.054,223.843
600.53,220.988,348.842
600.937,220.922,473.842
602.062,346.039,223.903
602.468,345.973,348.902
602.875,345.907,473.901
348.58,98.9302,350.37
347.706,101.31,475.345
346.833,103.69,600.319
345.983,223.88,347.973
345.109,226.26,472.947
344.235,228.64,597.922
343.385,348.83,345.576
342.511,351.21,470.55
341.638,353.59,595.524
473.55,101.544,351.195
472.676,103.924,476.169
471.802,106.303,601.143
470.953,226.494,348.797
470.079,228.874,473.771
469.205,231.253,598.746
468.355,351.444,346.4
467.481,353.824,471.374
466.607,356.203,596.348
598.52,104.158,352.019
597.646,106.537,476.993
596.772,108.917,601.967
595.923,229.108,349.621
595.049,231.487,474.596
594.175,233.867,599.57
593.325,354.058,347.224
592.451,356.437,472.198
591.577,358.817,597.172
350.399,98.9282,476.249
351.161,100.306,601.239
351.924,101.684,726.229
347.703,223.892,474.888
348.465,225.269,599.878
349.227,226.647,724.868
345.006,348.855,473.527
345.769,350.233,598.517
346.531,351.611,723.507
475.368,101.616,475.457
476.13,102.994,600.447
476.892,104.371,725.437
472.671,226.579,474.096
473.434,227.957,599.086
474.196,229.335,724.076
469.975,351.543,472.735
470.737,352.921,597.725
471.5,354.298,722.715
600.336,104.304,474.665
601.099,105.681,599.655
601.861,107.059,724.645
597.64,229.267,473.304
598.402,230.645,598.294
599.165,232.023,723.285
594.944,354.231,471.943
595.706,355.608,596.934
596.468,356.986,721.924
349.547,98.9064,600.296
347.424,95.8372,725.24
345.302,92.7679,850.185
351.991,223.844,603.407
349.868,220.775,728.351
347.746,217.705,853.295
354.435,348.781,606.517
352.313,345.712,731.462
350.19,342.643,856.406
474.505,96.4103,602.358
472.382,93.3411,727.302
470.26,90.2719,852.246
476.949,221.348,605.468
474.827,218.278,730.413
472.704,215.209,855.357
479.393,346.285,608.579
477.271,343.216,733.523
475.148,340.147,858.467
599.463,93.9142,604.419
597.34,90.845,729.363
595.218,87.7758,854.308
601.907,218.852,607.53
599.785,215.782,732.474
597.662,212.713,857.418
604.351,343.789,610.64
602.229,340.72,735.585
600.106,337.651,860.529
350.501,226.88,101.223
349.025,227.874,226.21
347.548,228.868,351.197
348.085,351.852,100.2
346.609,352.846,225.187
345.132,353.84,350.175
345.669,476.825,99.1775
344.192,477.819,224.165
342.716,478.813,349.152
475.469,229.308,102.679
473.993,230.302,227.667
472.516,231.296,352.654
473.053,354.28,101.657
471.576,355.274,226.644
470.1,356.268,351.632
470.637,479.253,100.634
469.16,480.247,225.622
467.684,481.241,350.609
600.437,231.736,104.136
598.961,232.73,229.124
597.484,233.724,354.111
598.021,356.708,103.114
596.544,357.702,228.101
595.068,358.696,353.088
595.605,481.681,102.091
594.128,482.675,227.079
592.652,483.669,352.066
350.085,225.735,225.872
350.312,224.631,350.867
350.539,223.527,475.862
353.75,350.677,226.969
353.977,349.573,351.964
354.204,348.469,476.959
357.415,475.618,228.066
357.642,474.514,353.061
357.869,473.41,478.056
475.031,222.073,225.613
475.258,220.969,350.608
475.485,219.865,475.603
478.696,347.014,226.71
478.923,345.91,351.705
479.15,344.806,476.699
482.361,471.956,227.806
482.588,470.852,352.801
482.815,469.748,477.796
599.977,218.41,225.353
600.204,217.306,350.348
600.432,216.202,475.343
603.642,343.351,226.45
603.869,342.247,351.445
604.096,341.143,476.44
607.307,468.293,227.547
607.534,467.189,352.542
607.761,466.085,477.537
350.463,223.841,351.076
349.541,222.388,476.064
348.62,220.935,601.052
347.536,348.799,352.507
346.614,347.346,477.495
345.693,345.893,602.483
344.609,473.756,353.938
343.687,472.303,478.926
342.766,470.85,603.914
475.425,226.757,352.031
474.504,225.304,477.019
473.582,223.851,602.007
472.498,351.715,353.462
471.577,350.262,478.45
470.655,348.809,603.438
469.571,476.672,354.893
468.65,475.219,479.881
467.728,473.766,604.869
600.387,229.673,352.986
599.466,228.22,477.974
598.545,226.767,602.962
597.46,354.631,354.417
596.539,353.178,479.405
595.618,351.725,604.393
594.534,479.588,355.848
593.612,478.135,480.836
592.691,476.682,605.824
348.58,225.886,474.341
350.105,222.751,599.292
351.631,219.617,724.244
347.202,350.839,477.492
348.727,347.704,602.444
350.253,344.569,727.395
345.824,475.791,480.644
347.349,472.657,605.595
348.875,469.522,730.547
473.563,227.302,472.851
475.089,224.167,597.802
476.614,221.033,722.753
472.185,352.255,476.002
473.71,349.12,600.954
475.236,345.985,725.905
470.807,477.207,479.154
472.332,474.073,604.105
473.858,470.938,729.056
598.546,228.718,471.361
600.072,225.583,596.312
601.597,222.449,721.263
597.168,353.671,474.512
598.694,350.536,599.463
600.219,347.401,724.415
595.79,478.623,477.664
597.315,475.489,602.615
598.841,472.354,727.566
350.17,226.674,599.345
347.185,223.8,724.276
344.201,220.925,849.207
347.656,351.617,602.159
344.672,348.743,727.091
341.687,345.868,852.022
345.142,476.56,604.974
342.158,473.686,729.906
339.173,470.811,854.837
475.109,229.119,602.386
472.124,226.245,727.317
469.14,223.37,852.248
472.595,354.062,605.201
469.611,351.188,730.132
466.626,348.313,855.063
470.082,479.005,608.015
467.097,476.131,732.947
464.112,473.256,857.878
600.048,231.564,605.427
597.063,228.69,730.358
594.079,225.815,855.289
597.534,356.507,608.242
594.55,353.633,733.173
591.565,350.758,858.104
595.021,481.45,611.056
592.036,478.576,735.988
589.051,475.701,860.919
348.125,351.087,99.1246
349.572,347.794,224.073
351.018,344.5,349.021
347.914,476.044,102.421
349.361,472.75,227.369
350.807,469.456,352.317
347.703,601,105.717
349.15,597.706,230.666
350.596,594.412,355.614
473.117,351.336,97.6843
474.563,348.042,222.633
476.009,344.749,347.581
472.906,476.293,100.981
474.352,472.999,225.929
475.798,469.705,350.877
472.695,601.249,104.277
474.141,597.955,229.225
475.588,594.661,354.174
598.108,351.585,96.2441
599.554,348.291,221.192
601.001,344.998,346.141
597.897,476.542,99.5405
599.344,473.248,224.489
600.79,469.954,349.437
597.686,601.498,102.837
599.133,598.204,227.785
600.579,594.91,352.733
350.201,348.44,226.556
349.859,345.145,351.512
349.517,341.851,476.468
349.389,473.394,229.848
349.047,470.099,354.804
348.705,466.805,479.76
348.578,598.348,233.14
348.236,595.053,358.096
347.894,591.759,483.052
475.198,349.242,226.919
474.856,345.948,351.875
474.514,342.653,476.831
474.386,474.196,230.211
474.044,470.902,355.167
473.702,467.607,480.123
473.575,599.15,233.503
473.233,595.856,358.459
472.891,592.561,483.415
600.195,350.044,227.282
599.853,346.75,352.238
599.511,343.455,477.194
599.383,474.998,230.574
599.041,471.704,355.53
598.699,468.409,480.486
598.572,599.952,233.866
598.23,596.658,358.823
597.888,593.363,483.779
349.979,351.769,351.781
346.707,349.844,476.724
343.435,347.918,601.666
347.512,476.731,353.643
344.239,474.805,478.585
340.967,472.88,603.527
345.044,601.693,355.504
341.772,599.767,480.446
338.5,597.841,605.389
474.912,354.187,355.091
471.64,352.261,480.033
468.368,350.336,604.975
472.444,479.149,356.952
469.172,477.223,481.894
465.9,475.297,606.837
469.977,604.11,358.813
466.705,602.185,483.756
463.432,600.259,608.698
599.845,356.605,358.4
596.573,354.679,483.342
593.3,352.753,608.284
597.377,481.566,360.261
594.105,479.641,485.203
590.833,477.715,610.146
594.91,606.528,362.122
591.637,604.602,487.065
588.365,602.677,612.007
351.443,348.931,474.859
352.867,348.916,599.851
354.291,348.9,724.843
349.903,473.922,474.892
351.327,473.906,599.884
352.751,473.891,724.876
348.363,598.912,474.925
349.787,598.897,599.917
351.211,598.881,724.909
476.425,350.471,473.435
477.849,350.456,598.427
479.274,350.44,723.419
474.885,475.462,473.468
476.309,475.446,598.46
477.734,475.431,723.452
473.345,600.452,473.501
474.77,600.437,598.493
476.194,600.421,723.485
601.408,352.011,472.011
602.832,351.996,597.003
604.256,351.981,721.995
599.868,477.002,472.044
601.292,476.987,597.036
602.716,476.971,722.028
598.328,601.992,472.077
599.752,601.977,597.069
601.176,601.962,722.061
351.661,349.212,599.935
350.695,352.013,724.9
349.729,354.814,849.865
349.666,474.164,597.119
348.699,476.965,722.084
347.733,479.766,847.049
347.67,599.117,594.303
346.704,601.918,719.268
345.738,604.718,844.232
476.642,351.229,600.856
475.675,354.03,725.821
474.709,356.831,850.786
474.646,476.181,598.04
473.68,478.982,723.005
472.714,481.783,847.97
472.65,601.133,595.224
471.684,603.934,720.189
470.718,606.735,845.154
601.622,353.246,601.777
600.656,356.047,726.742
599.69,358.847,851.707
599.626,478.198,598.961
598.66,480.999,723.926
597.694,483.8,848.891
597.631,603.15,596.145
596.665,605.951,721.11
595.698,608.752,846.075
351.813,474.426,99.9834
355.491,471.709,224.9
359.169,468.991,349.816
350.154,599.385,102.751
353.832,596.667,227.667
357.51,593.95,352.583
348.495,724.343,105.518
352.173,721.626,230.434
355.851,718.908,355.351
476.748,476.166,96.3429
480.426,473.448,221.259
484.104,470.731,346.176
475.089,601.124,99.1102
478.767,598.406,224.026
482.445,595.689,348.943
473.43,726.082,101.877
477.108,723.365,226.794
480.786,720.647,351.71
601.683,477.905,92.7024
605.361,475.187,217.619
609.038,472.47,342.535
600.024,602.863,95.4697
603.702,600.146,220.386
607.379,597.428,345.302
598.365,727.822,98.237
602.043,725.104,223.153
605.72,722.387,348.07
351.663,476.149,224.538
352.382,473.133,349.499
353.101,470.118,474.461
351.499,601.113,227.554
352.218,598.097,352.516
352.937,595.081,477.478
351.335,726.076,230.571
352.054,723.06,355.533
352.773,720.045,480.494
476.66,476.33,223.823
477.379,473.315,348.784
478.099,470.299,473.746
476.496,601.294,226.84
477.216,598.278,351.801
477.935,595.262,476.763
476.333,726.257,229.856
477.052,723.242,354.818
477.771,720.226,479.779
601.658,476.512,223.108
602.377,473.496,348.069
603.096,470.48,473.031
601.494,601.475,226.125
602.213,598.459,351.086
602.932,595.444,476.048
601.33,726.438,229.141
602.049,723.423,354.103
602.769,720.407,479.064
350.195,473.593,350.616
350.933,474.094,475.612
351.672,474.594,600.609
346.629,598.542,350.137
347.368,599.042,475.134
348.106,599.542,600.13
343.064,723.49,349.658
343.802,723.99,474.655
344.54,724.49,599.651
475.142,477.156,349.863
475.88,477.656,474.86
476.619,478.157,599.857
471.576,602.104,349.384
472.315,602.605,474.381
473.053,603.105,599.378
468.01,727.053,348.905
468.749,727.553,473.902
469.487,728.053,598.899
600.089,480.719,349.111
600.827,481.219,474.108
601.565,481.719,599.105
596.523,605.667,348.632
597.261,606.167,473.629
598,606.668,598.626
592.957,730.615,348.153
593.696,731.116,473.15
594.434,731.616,598.147
350.781,475.538,476.935
350.214,478.342,601.902
349.647,481.146,726.869
351.848,600.502,474.136
351.282,603.306,599.103
350.715,606.11,724.07
352.916,725.466,471.337
352.35,728.27,596.304
351.783,731.074,721.272
475.775,474.483,477.525
475.208,477.287,602.492
474.641,480.091,727.46
476.843,599.447,474.726
476.276,602.251,599.694
475.709,605.055,724.661
477.91,724.412,471.928
477.344,727.215,596.895
476.777,730.019,721.862
600.769,473.428,478.116
600.202,476.232,603.083
599.635,479.036,728.05
601.837,598.393,475.317
601.27,601.196,600.284
600.703,604,725.251
602.905,723.357,472.518
602.338,726.16,597.485
601.771,728.964,722.453
349.45,473.725,598.092
346.622,473.469,723.06
343.795,473.213,848.028
348.198,598.718,598.32
345.37,598.462,723.288
342.543,598.206,848.256
346.946,723.712,598.548
344.118,723.456,723.516
341.29,723.2,848.484
474.412,474.972,600.922
471.584,474.715,725.89
468.756,474.459,850.858
473.16,599.965,601.15
470.332,599.709,726.118
467.504,599.453,851.086
471.908,724.959,601.378
469.08,724.703,726.346
466.252,724.446,851.314
599.374,476.218,603.753
596.546,475.962,728.72
593.718,475.706,853.688
598.121,601.212,603.98
595.294,600.956,728.948
592.466,600.7,853.916
596.869,726.205,604.208
594.042,725.949,729.176
591.214,725.693,854.144
351.221,600.412,98.4775
350.589,598.992,223.468
349.956,597.573,348.458
351.824,725.402,99.9
351.192,723.983,224.89
350.559,722.563,349.881
352.427,850.393,101.323
351.795,848.973,226.313
351.163,847.554,351.303
476.218,599.802,99.103
475.586,598.382,224.093
474.953,596.963,349.084
476.821,724.792,100.526
476.189,723.373,225.516
475.556,721.953,350.506
477.424,849.783,101.948
476.792,848.363,226.938
476.159,846.944,351.929
601.215,599.191,99.7286
600.583,597.772,224.719
599.95,596.352,349.709
601.818,724.182,101.151
601.186,722.762,226.141
600.553,721.343,351.132
602.421,849.172,102.574
601.789,847.753,227.564
601.156,846.333,352.554
349.316,599.517,225.627
347.734,598.034,350.608
346.152,596.55,475.589
351.084,724.495,227.133
349.502,723.012,352.114
347.92,721.529,477.095
352.852,849.474,228.638
351.27,847.99,353.62
349.688,846.507,478.601
474.294,597.73,227.188
472.712,596.247,352.169
471.13,594.764,477.15
476.061,722.709,228.693
474.48,721.226,353.674
472.898,719.742,478.656
477.829,847.687,230.199
476.247,846.204,355.18
474.665,844.721,480.161
599.271,595.944,228.748
597.689,594.461,353.729
596.107,592.977,478.711
601.039,720.922,230.254
599.457,719.439,355.235
597.875,717.956,480.216
602.807,845.901,231.76
601.225,844.417,356.741
599.643,842.934,481.722
348.535,599.811,348.123
345.3,596.953,473.048
342.065,594.095,597.974
350.541,724.761,351.034
347.307,721.903,475.959
344.072,719.045,600.884
352.548,849.711,353.944
349.313,846.853,478.87
346.078,843.995,603.795
473.477,597.73,351.311
470.242,594.872,476.236
467.007,592.014,601.161
475.483,722.68,354.221
472.249,719.822,479.147
469.014,716.964,604.072
477.49,847.63,357.132
474.255,844.772,482.057
471.02,841.914,606.983
598.419,595.65,354.498
595.184,592.792,479.424
591.949,589.934,604.349
600.425,720.6,357.409
597.191,717.742,482.334
593.956,714.884,607.26
602.432,845.55,360.32
599.197,842.692,485.245
595.962,839.834,610.17
348.085,599.985,475.532
344.429,600.739,600.476
340.772,601.494,725.42
351.012,724.949,474.863
347.355,725.703,599.807
343.699,726.458,724.751
353.939,849.913,474.193
350.282,850.667,599.138
346.625,851.422,724.082
472.998,597.079,479.205
469.341,597.834,604.149
465.684,598.589,729.093
475.924,722.043,478.536
472.267,722.798,603.48
468.611,723.552,728.424
478.851,847.007,477.867
475.194,847.762,602.811
471.537,848.516,727.755
597.91,594.173,482.878
594.253,594.928,607.823
590.596,595.683,732.767
600.836,719.137,482.209
597.18,719.892,607.153
593.523,720.647,732.098
603.763,844.101,481.54
600.106,844.856,606.484
596.45,845.611,731.428
349.874,599.544,599.916
350.46,600.526,724.911
351.045,601.507,849.906
350.539,724.538,598.931
351.125,725.52,723.926
351.71,726.502,848.921
351.204,849.532,597.946
351.79,850.514,722.941
352.375,851.496,847.936
474.871,598.874,599.336
475.457,599.856,724.331
476.042,600.838,849.325
475.536,723.868,598.351
476.122,724.85,723.346
476.707,725.832,848.341
476.201,848.863,597.366
476.787,849.845,722.361
477.372,850.827,847.356
599.868,598.204,598.756
600.453,599.186,723.75
601.039,600.168,848.745
600.533,723.199,597.771
601.118,724.181,722.765
601.704,725.162,847.76
601.198,848.193,596.786
601.784,849.175,721.78
602.369,850.157,846.775
475.389,100.292,98.2372
477.331,96.9055,223.176
479.272,93.5191,348.115
471.913,225.196,101.677
473.855,221.81,226.616
475.797,218.423,351.555
468.438,350.101,105.116
470.38,346.714,230.055
472.322,343.328,354.994
600.325,103.819,96.3911
602.267,100.433,221.33
604.209,97.0463,346.269
596.85,228.723,99.8305
598.792,225.337,224.77
600.734,221.951,349.709
593.374,353.628,103.27
595.316,350.241,228.209
597.258,346.855,353.148
725.262,107.346,94.5449
727.204,103.96,219.484
729.146,100.573,344.423
721.786,232.251,97.9844
723.728,228.864,222.923
725.67,225.478,347.862
718.311,357.155,101.424
720.253,353.768,226.363
722.195,350.382,351.302
473.795,100.352,224.338
477.031,98.1649,349.277
480.268,95.9783,474.216
473.929,225.332,226.522
477.165,223.146,351.461
480.402,220.959,476.4
474.063,350.313,228.706
477.299,348.127,353.645
480.536,345.94,478.584
598.753,100.274,221.1
601.989,98.0876,346.039
605.226,95.901,470.978
598.887,225.255,223.284
602.123,223.068,348.222
605.36,220.882,473.161
599.021,350.236,225.467
602.257,348.049,350.406
605.494,345.863,475.345
723.711,100.197,217.861
726.947,98.0102,342.8
730.184,95.8236,467.739
723.845,225.178,220.045
727.081,222.991,344.984
730.318,220.804,469.923
723.979,350.159,222.229
727.215,347.972,347.168
730.452,345.785,472.107
474.387,98.6216,348.773
471.763,100.012,473.737
469.139,101.403,598.702
474.368,223.614,347.381
471.744,225.004,472.346
469.12,226.395,597.311
474.349,348.606,345.99
471.725,349.997,470.955
469.101,351.387,595.919
599.359,98.6697,351.396
596.736,100.06,476.361
594.112,101.451,601.325
599.34,223.662,350.005
596.717,225.053,474.969
594.093,226.443,599.934
599.322,348.654,348.614
596.698,350.045,473.578
594.074,351.435,598.543
724.332,98.7179,354.019
721.708,100.108,478.984
719.084,101.499,603.949
724.313,223.71,352.628
721.689,225.101,477.593
719.065,226.491,602.558
724.294,348.702,351.237
721.67,350.093,476.202
719.046,351.483,601.166
476.55,98.4425,473.701
476.487,98.3685,598.7
476.424,98.2945,723.7
477.273,223.44,473.775
477.21,223.366,598.775
477.148,223.292,723.775
477.996,348.438,473.849
477.933,348.364,598.849
477.871,348.29,723.849
601.548,97.7193,473.763
601.485,97.6453,598.763
601.422,97.5713,723.763
602.271,222.717,473.837
602.208,222.643,598.837
602.146,222.569,723.837
602.994,347.715,473.911
602.931,347.641,598.911
602.869,347.567,723.911
726.545,96.9961,473.825
726.483,96.9221,598.825
726.42,96.8481,723.825
727.269,221.994,473.899
727.206,221.92,598.899
727.143,221.846,723.899
727.992,346.992,473.974
727.929,346.918,598.974
727.867,346.844,723.974
473.759,98.8522,599.086
475.079,98.6368,724.079
476.4,98.4213,849.071
474.571,223.849,599.293
475.891,223.634,724.285
477.212,223.419,849.278
475.383,348.847,599.5
476.703,348.631,724.492
478.024,348.416,849.485
598.749,98.0425,597.764
600.07,97.827,722.757
601.39,97.6116,847.75
599.561,223.04,597.971
600.882,222.824,722.964
602.202,222.609,847.956
600.373,348.037,598.178
601.694,347.821,723.17
603.014,347.606,848.163
723.74,97.2327,596.442
725.06,97.0173,721.435
726.381,96.8018,846.428
724.552,222.23,596.649
725.872,222.014,721.642
727.193,221.799,846.634
725.364,347.227,596.856
726.684,347.012,721.849
728.005,346.796,846.841
476.2,225.285,99.6036
476.841,222.491,224.571
477.482,219.697,349.538
477.754,350.245,102.39
478.395,347.45,227.357
479.035,344.656,352.324
479.307,475.204,105.176
479.948,472.41,230.143
480.589,469.615,355.11
601.189,223.747,98.9282
601.83,220.952,223.895
602.471,218.158,348.862
602.742,348.706,101.714
603.383,345.912,226.681
604.024,343.117,351.648
604.296,473.665,104.5
604.937,470.871,229.467
605.578,468.077,354.435
726.178,222.208,98.2527
726.818,219.414,223.22
727.459,216.619,348.187
727.731,347.167,101.039
728.372,344.373,226.006
729.013,341.579,350.973
729.284,472.126,103.825
729.925,469.332,228.792
730.566,466.538,353.759
473.487,226.794,226.858
476.355,223.429,351.78
479.222,220.064,476.702
473.18,351.748,230.231
476.048,348.383,355.153
478.915,345.018,480.075
472.873,476.702,233.604
475.741,473.337,358.526
478.608,469.972,483.448
598.454,227.178,224
601.321,223.813,348.922
604.189,220.448,473.844
598.147,352.132,227.373
601.014,348.767,352.295
603.882,345.402,477.217
597.84,477.086,230.746
600.707,473.721,355.668
603.575,470.356,480.59
723.421,227.562,221.142
726.288,224.197,346.064
729.155,220.832,470.986
723.114,352.516,224.515
725.981,349.151,349.437
728.848,345.786,474.359
722.807,477.471,227.888
725.674,474.105,352.81
728.541,470.74,477.732
474.782,223.791,351.699
475.7,225.975,476.677
476.618,228.158,601.654
476.332,348.762,349.504
477.25,350.946,474.481
478.167,353.13,599.459
477.882,473.733,347.309
478.799,475.917,472.286
479.717,478.101,597.264
599.769,222.225,350.808
600.687,224.409,475.786
601.605,226.593,600.764
601.319,347.196,348.613
602.237,349.38,473.591
603.154,351.564,598.568
602.869,472.167,346.418
603.786,474.351,471.396
604.704,476.535,596.373
724.756,220.66,349.918
725.674,222.843,474.896
726.592,225.027,599.873
726.306,345.631,347.723
727.224,347.815,472.7
728.141,349.998,597.678
727.856,470.602,345.528
728.773,472.786,470.505
729.691,474.97,595.483
475.248,224.689,475.957
475.14,223.199,600.948
475.031,221.709,725.939
476.207,349.676,477.448
476.098,348.186,602.439
475.99,346.696,727.43
477.165,474.663,478.939
477.057,473.173,603.93
476.948,471.683,728.921
600.245,223.729,476.054
600.136,222.239,601.045
600.028,220.749,726.036
601.203,348.716,477.545
601.095,347.226,602.536
600.986,345.736,727.527
602.162,473.704,479.036
602.053,472.214,604.027
601.945,470.724,729.018
725.241,222.769,476.151
725.132,221.279,601.142
725.024,219.789,726.133
726.199,347.757,477.642
726.091,346.267,602.633
725.982,344.777,727.624
727.158,472.744,479.132
727.049,471.254,604.124
726.941,469.764,729.115
475.632,226.646,599.288
478.662,227.587,724.248
481.691,228.527,849.207
471.985,351.59,598.436
475.014,352.531,723.396
478.044,353.471,848.356
468.338,476.534,597.584
471.367,477.474,722.544
474.396,478.415,847.504
600.543,230.272,596.232
603.572,231.212,721.192
606.601,232.153,846.152
596.895,355.216,595.381
599.924,356.156,720.34
602.954,357.097,845.3
593.248,480.16,594.529
596.277,481.1,719.489
599.306,482.04,844.448
725.453,233.898,593.177
728.482,234.838,718.137
731.511,235.778,843.097
721.805,358.842,592.325
724.834,359.782,717.285
727.864,360.722,842.245
718.158,483.785,591.474
721.187,484.726,716.433
724.216,485.666,841.393
475.507,349.653,98.9626
479.046,352.078,223.889
482.586,354.502,348.815
478.245,474.598,96.46
481.784,477.023,221.386
485.324,479.447,346.313
480.983,599.543,93.9574
484.522,601.968,218.884
488.062,604.392,343.81
600.426,346.846,95.4775
603.966,349.27,220.404
607.506,351.695,345.33
603.164,471.791,92.9748
606.704,474.215,217.901
610.244,476.64,342.828
605.902,596.736,90.4722
609.442,599.16,215.399
612.982,601.585,340.325
725.346,344.038,91.9923
728.886,346.463,216.919
732.426,348.888,341.845
728.084,468.983,89.4897
731.624,471.408,214.416
735.164,473.833,339.342
730.822,593.928,86.9871
734.362,596.353,211.913
737.902,598.778,336.84
475.24,350.495,223.511
471.887,348.029,348.442
468.534,345.563,473.372
477.108,475.456,226.028
473.755,472.99,350.958
470.403,470.524,475.889
478.977,600.416,228.544
475.624,597.951,353.475
472.271,595.485,478.406
600.181,348.56,226.826
596.828,346.094,351.756
593.475,343.628,476.687
602.049,473.521,229.342
598.696,471.055,354.273
595.344,468.589,479.204
603.918,598.481,231.859
600.565,596.015,356.79
597.212,593.55,481.72
725.122,346.625,230.141
721.769,344.159,355.071
718.416,341.693,480.002
726.99,471.585,232.657
723.638,469.12,357.588
720.285,466.654,482.519
728.859,596.546,235.174
725.506,594.08,360.105
722.153,591.614,485.035
474.47,348.045,348.164
476.601,344.783,473.103
478.732,341.52,598.042
477.866,472.958,351.367
479.997,469.695,476.307
482.128,466.433,601.246
481.261,597.87,354.571
483.392,594.608,479.51
485.524,591.346,604.449
599.405,344.705,345.945
601.537,341.443,470.885
603.668,338.181,595.824
602.801,469.618,349.149
604.932,466.356,474.088
607.064,463.094,599.028
606.197,594.531,352.353
608.328,591.269,477.292
610.459,588.006,602.231
724.341,341.366,343.727
726.472,338.104,468.666
728.603,334.841,593.606
727.737,466.279,346.931
729.868,463.016,471.87
731.999,459.754,596.809
731.133,591.192,350.134
733.264,587.929,475.074
735.395,584.667,600.013
475.91,348.791,475.437
474.22,347.79,600.422
472.531,346.79,725.406
478.689,473.755,476.475
477,472.755,601.459
475.311,471.755,726.444
481.469,598.72,477.512
479.78,597.72,602.497
478.09,596.72,727.482
600.867,345.997,477.104
599.178,344.997,602.088
597.488,343.997,727.073
603.647,470.962,478.141
601.958,469.962,603.126
600.268,468.961,728.111
606.427,595.927,479.179
604.737,594.926,604.164
603.048,593.926,729.148
725.825,343.204,478.771
724.136,342.203,603.755
722.446,341.203,728.74
728.605,468.168,479.808
726.915,467.168,604.793
725.226,466.168,729.777
731.385,593.133,480.846
729.695,592.133,605.83
728.006,591.133,730.815
476.901,350.387,598.564
475.01,352.718,723.528
473.119,355.049,848.492
478.76,475.352,596.262
476.869,477.683,721.225
474.978,480.013,846.189
480.619,600.317,593.959
478.728,602.648,718.923
476.836,604.978,843.887
601.873,348.563,600.49
599.982,350.894,725.454
598.091,353.225,850.418
603.732,473.528,598.187
601.841,475.859,723.151
599.95,478.19,848.115
605.591,598.493,595.884
603.699,600.824,720.848
601.808,603.155,845.812
726.845,346.74,602.415
724.954,349.071,727.379
723.063,351.402,852.343
728.704,471.705,600.112
726.813,474.036,725.076
724.921,476.367,850.04
730.563,596.67,597.809
728.671,599.001,722.773
726.78,601.332,847.737
473.315,475.82,98.3356
469.717,476.13,223.283
466.12,476.44,348.231
473.556,600.819,98.0324
469.959,601.129,222.98
466.361,601.439,347.928
473.798,725.818,97.7292
470.2,726.128,222.677
466.603,726.438,347.625
598.263,475.587,101.934
594.665,475.897,226.882
591.068,476.207,351.829
598.504,600.586,101.63
594.907,600.896,226.578
591.309,601.206,351.526
598.746,725.586,101.327
595.148,725.896,226.275
591.551,726.206,351.223
723.211,475.354,105.532
719.613,475.664,230.48
716.016,475.974,355.427
723.452,600.354,105.229
719.855,600.664,230.176
716.257,600.974,355.124
723.694,725.353,104.925
720.096,725.663,229.873
716.499,725.973,354.821
475.003,473.31,226.497
474.897,473.687,351.497
474.791,474.065,476.496
476.294,598.303,226.121
476.188,598.68,351.12
476.082,599.057,476.12
477.585,723.295,225.745
477.479,723.673,350.744
477.374,724.05,475.744
599.996,472.019,226.607
599.89,472.396,351.606
599.785,472.774,476.606
601.287,597.012,226.231
601.181,597.389,351.23
601.076,597.766,476.229
602.578,722.005,225.854
602.473,722.382,350.854
602.367,722.759,475.853
724.989,470.728,226.716
724.883,471.106,351.716
724.778,471.483,476.715
726.28,595.721,226.34
726.175,596.098,351.34
726.069,596.476,476.339
727.572,720.714,225.964
727.466,721.091,350.963
727.36,721.468,475.963
474.177,474.621,348.984
475.607,471.584,473.939
477.037,468.548,598.894
474.641,599.583,352.016
476.071,596.547,476.971
477.501,593.51,601.925
475.104,724.546,355.047
476.534,721.509,480.002
477.964,718.472,604.957
599.168,474.192,347.543
600.598,471.156,472.498
602.028,468.119,597.453
599.632,599.155,350.575
601.062,596.118,475.53
602.492,593.081,600.485
600.095,724.117,353.606
601.525,721.081,478.561
602.955,718.044,603.516
724.159,473.764,346.102
725.589,470.727,471.057
727.019,467.69,596.012
724.623,598.726,349.134
726.053,595.69,474.089
727.483,592.653,599.044
725.086,723.689,352.165
726.516,720.652,477.12
727.946,717.615,602.075
476.626,474.385,476.585
476.234,475.941,601.575
475.842,477.496,726.565
474.654,599.36,475.024
474.262,600.915,600.014
473.87,602.471,725.003
472.681,724.335,473.463
472.289,725.89,598.452
471.897,727.445,723.442
601.61,476.363,476.953
601.218,477.918,601.942
600.826,479.473,726.932
599.638,601.337,475.391
599.246,602.893,600.381
598.854,604.448,725.371
597.665,726.312,473.83
597.273,727.867,598.82
596.881,729.423,723.809
726.594,478.34,477.32
726.202,479.895,602.31
725.81,481.45,727.299
724.621,603.314,475.759
724.23,604.87,600.748
723.838,606.425,725.738
722.649,728.289,474.197
722.257,729.844,599.187
721.865,731.4,724.177
474.701,474.262,598.733
478.27,477.251,723.646
481.839,480.239,848.559
476.969,599.205,595.679
480.538,602.193,720.592
484.107,605.181,845.505
479.237,724.147,592.625
482.806,727.135,717.538
486.375,730.123,842.452
599.63,471.909,595.219
603.199,474.897,720.133
606.768,477.886,845.046
601.897,596.851,592.166
605.467,599.84,717.079
609.036,602.828,841.992
604.165,721.793,589.112
607.734,724.782,714.025
611.303,727.77,838.938
724.558,469.556,591.706
728.127,472.544,716.62
731.696,475.532,841.533
726.826,594.498,588.652
730.395,597.486,713.566
733.964,600.475,838.479
729.094,719.44,585.599
732.663,722.428,710.512
736.232,725.417,835.425
473.191,598.719,98.8539
476.047,600.22,223.812
478.903,601.72,348.771
470.57,723.683,97.4132
473.426,725.184,222.372
476.282,726.684,347.33
467.949,848.647,95.9724
470.805,850.148,220.931
473.661,851.649,345.889
598.131,601.306,95.9673
600.987,602.807,220.926
603.843,604.308,345.884
595.51,726.271,94.5265
598.366,727.771,219.485
601.222,729.272,344.443
592.889,851.235,93.0858
595.745,852.735,218.044
598.601,854.236,343.003
723.071,603.894,93.0806
725.927,605.394,218.039
728.783,606.895,342.997
720.45,728.858,91.6399
723.306,730.358,216.598
726.162,731.859,341.557
717.829,853.822,90.1992
720.685,855.323,215.158
723.541,856.823,340.116
473.704,598.645,226.534
476.117,600.087,351.503
478.531,601.529,476.471
475.199,723.627,225.063
477.612,725.069,350.032
480.026,726.511,475
476.694,848.61,223.592
479.107,850.052,348.561
481.521,851.494,473.529
598.672,597.122,224.139
601.085,598.564,349.107
603.498,600.006,474.075
600.167,722.104,222.668
602.58,723.546,347.636
604.993,724.988,472.604
601.662,847.087,221.197
604.075,848.529,346.165
606.488,849.971,471.133
723.639,595.599,221.743
726.053,597.041,346.711
728.466,598.483,471.679
725.134,720.581,220.272
727.548,722.023,345.24
729.961,723.465,470.209
726.629,845.564,218.801
729.043,847.006,343.769
731.456,848.448,468.738
476.915,599.637,348.627
474.063,597.36,473.573
471.211,595.083,598.52
480.072,724.575,350.976
477.22,722.298,475.922
474.368,720.021,600.869
483.23,849.513,353.325
480.378,847.236,478.271
477.526,844.959,603.218
601.843,596.428,351.42
598.991,594.15,476.366
596.138,591.873,601.313
605,721.366,353.769
602.148,719.089,478.715
599.296,716.811,603.662
608.157,846.304,356.118
605.305,844.027,481.065
602.453,841.749,606.011
726.77,593.218,354.213
723.918,590.941,479.16
721.066,588.664,604.106
729.928,718.156,356.562
727.076,715.879,481.509
724.223,713.602,606.455
733.085,843.094,358.911
730.233,840.817,483.858
727.381,838.54,608.804
476.403,601.309,476.492
475.531,600.651,601.487
474.658,599.993,726.482
478.584,726.289,477.165
477.712,725.63,602.16
476.839,724.972,727.156
480.765,851.268,477.839
479.893,850.609,602.834
479.02,849.951,727.829
601.381,599.124,477.353
600.509,598.466,602.348
599.636,597.807,727.343
603.562,724.103,478.026
602.69,723.445,603.021
601.817,722.786,728.016
605.743,849.082,478.699
604.87,848.424,603.695
603.998,847.766,728.69
726.359,596.938,478.213
725.487,596.28,603.209
724.614,595.622,728.204
728.54,721.918,478.887
727.667,721.259,603.882
726.795,720.601,728.877
730.721,846.897,479.56
729.848,846.238,604.556
728.976,845.58,729.551
475.119,600.739,598.765
478.106,601.856,723.724
481.093,602.973,848.684
477.249,725.716,597.597
480.236,726.832,722.556
483.223,727.949,847.515
479.378,850.692,596.429
482.365,851.809,721.388
485.352,852.926,846.347
600.065,598.582,595.797
603.052,599.699,720.757
606.039,600.816,845.716
602.195,723.558,594.629
605.182,724.675,719.589
608.169,725.792,844.548
604.325,848.535,593.461
607.312,849.652,718.421
610.299,850.769,843.38
725.011,596.425,592.83
727.998,597.542,717.789
730.985,598.659,842.749
727.141,721.401,591.662
730.128,722.518,716.621
733.115,723.635,841.581
729.271,846.378,590.494
732.258,847.495,715.453
735.245,848.612,840.413
598.751,98.2433,98.3844
600.283,100.767,223.35
601.815,103.291,348.315
600.617,223.203,95.8377
602.149,225.727,220.803
603.68,228.251,345.768
602.483,348.164,93.291
604.014,350.688,218.256
605.546,353.211,343.221
723.728,96.347,96.8911
725.26,98.871,221.856
726.791,101.395,346.821
725.594,221.307,94.3443
727.125,223.831,219.309
728.657,226.355,344.275
727.459,346.267,91.7976
728.991,348.791,216.763
730.522,351.315,341.728
848.705,94.4508,95.3977
850.236,96.9748,220.363
851.768,99.4987,345.328
850.57,219.411,92.8509
852.102,221.935,217.816
853.634,224.459,342.781
852.436,344.371,90.3042
853.968,346.895,215.269
855.499,349.419,340.234
600.246,101.434,226.955
602.962,100.56,351.923
605.679,99.6856,476.89
596.638,226.378,227.908
599.355,225.504,352.875
602.071,224.63,477.843
593.03,351.323,228.86
595.747,350.448,353.828
598.464,349.574,478.795
725.164,105.062,224.265
727.881,104.187,349.232
730.598,103.313,474.2
721.556,230.006,225.217
724.273,229.132,350.185
726.99,228.257,475.152
717.949,354.95,226.17
720.665,354.076,351.137
723.382,353.202,476.105
850.082,108.689,221.574
852.799,107.815,346.542
855.516,106.94,471.509
846.475,233.633,222.527
849.191,232.759,347.494
851.908,231.885,472.462
842.867,358.578,223.48
845.584,357.703,348.447
848.301,356.829,473.414
601.023,100.135,348.822
604.127,101.191,473.779
607.23,102.247,598.736
599.465,225.121,347.805
602.568,226.177,472.762
605.671,227.233,597.719
597.906,350.107,346.788
601.009,351.163,471.745
604.112,352.219,596.702
725.975,101.668,345.706
729.078,102.724,470.663
732.182,103.78,595.62
724.416,226.654,344.689
727.52,227.71,469.646
730.623,228.766,594.603
722.858,351.64,343.671
725.961,352.696,468.628
729.064,353.752,593.585
850.927,103.201,342.59
854.03,104.257,467.547
857.133,105.313,592.504
849.368,228.187,341.573
852.471,229.243,466.53
855.575,230.299,591.487
847.809,353.173,340.555
850.913,354.229,465.512
854.016,355.285,590.469
600.861,101.004,476.699
599.698,103.772,601.663
598.536,106.541,726.627
602.554,225.962,473.946
601.392,228.731,598.91
600.229,231.499,723.874
604.247,350.92,471.193
603.085,353.689,596.157
601.923,356.457,721.121
725.844,99.3366,477.898
724.682,102.105,602.862
723.519,104.874,727.826
727.537,224.295,475.145
726.375,227.063,600.109
725.213,229.832,725.073
729.23,349.253,472.393
728.068,352.022,597.357
726.906,354.79,722.32
850.827,97.6695,479.097
849.665,100.438,604.061
848.503,103.207,729.025
852.52,222.628,476.345
851.358,225.396,601.309
850.196,228.165,726.272
854.213,347.586,473.592
853.051,350.355,598.556
851.889,353.123,723.52
598.018,99.7269,600.737
598.576,96.4257,725.692
599.134,93.1245,850.648
600.563,224.658,604.026
601.121,221.356,728.982
601.679,218.055,853.937
603.108,349.588,607.316
603.666,346.287,732.271
604.224,342.986,857.226
722.99,97.1975,600.112
723.549,93.8963,725.067
724.107,90.595,850.023
725.535,222.128,603.401
726.094,218.827,728.357
726.652,215.526,853.312
728.08,347.059,606.691
728.639,343.758,731.646
729.197,340.457,856.601
847.963,94.668,599.487
848.521,91.3668,724.442
849.079,88.0656,849.397
850.508,219.599,602.776
851.066,216.298,727.732
851.625,212.996,852.687
853.053,344.53,606.066
853.611,341.228,731.021
854.17,337.927,855.976
600.549,224.522,99.2907
601.589,227.937,224.24
602.628,231.353,349.189
597.877,349.448,95.8984
598.917,352.863,220.847
599.956,356.278,345.796
595.205,474.373,92.5061
596.244,477.788,217.455
597.284,481.203,342.404
725.516,227.165,98.1786
726.556,230.58,223.128
727.596,233.996,348.077
722.844,352.091,94.7864
723.884,355.506,219.735
724.923,358.921,344.684
720.172,477.016,91.3941
721.211,480.431,216.343
722.251,483.846,341.292
850.483,229.808,97.0666
851.523,233.223,222.016
852.563,236.639,346.965
847.811,354.734,93.6744
848.851,358.149,218.623
849.89,361.564,343.572
845.139,479.659,90.2821
846.178,483.074,215.231
847.218,486.489,340.18
599.952,224.21,224.57
601.466,223.612,349.559
602.979,223.013,474.549
598.032,349.194,225.192
599.546,348.595,350.181
601.06,347.996,475.171
596.112,474.178,225.814
597.626,473.579,350.804
599.14,472.98,475.793
724.928,226.138,223.065
726.442,225.539,348.055
727.955,224.94,473.044
723.008,351.121,223.688
724.522,350.522,348.677
726.036,349.923,473.666
721.089,476.105,224.31
722.602,475.506,349.299
724.116,474.907,474.289
849.904,228.065,221.561
851.418,227.466,346.55
852.931,226.867,471.54
847.984,353.048,222.183
849.498,352.449,347.173
851.012,351.85,472.162
846.065,478.032,222.805
847.578,477.433,347.795
849.092,476.834,472.784
599.431,224.622,349.634
597.582,223.687,474.617
595.733,222.753,599.6
596.684,349.589,350.528
594.836,348.654,475.511
592.987,347.719,600.494
593.938,474.555,351.422
592.09,473.621,476.405
590.241,472.686,601.388
724.387,227.354,351.503
722.538,226.42,476.486
720.689,225.485,601.469
721.641,352.321,352.397
719.792,351.386,477.38
717.943,350.452,602.363
718.894,477.288,353.291
717.046,476.353,478.274
715.197,475.418,603.256
849.343,230.087,353.372
847.494,229.152,478.354
845.646,228.218,603.337
846.597,355.054,354.266
844.748,354.119,479.248
842.899,353.184,604.231
843.851,480.02,355.159
842.002,479.086,480.142
840.153,478.151,605.125
598.757,224.743,475.866
598.665,223.424,600.859
598.573,222.104,725.852
596.758,349.721,477.184
596.666,348.401,602.177
596.574,347.081,727.17
594.759,474.698,478.502
594.666,473.378,603.495
594.574,472.058,728.488
723.741,226.742,475.979
723.649,225.422,600.972
723.557,224.102,725.965
721.742,351.719,477.297
721.65,350.399,602.29
721.558,349.08,727.283
719.743,476.696,478.615
719.65,475.376,603.608
719.558,474.057,728.601
848.725,228.74,476.092
848.633,227.42,601.085
848.541,226.101,726.078
846.726,353.717,477.41
846.634,352.397,602.403
846.542,351.078,727.396
844.727,478.694,478.728
844.634,477.375,603.721
844.542,476.055,728.714
599.816,224.671,598.752
599.181,224.093,723.749
598.545,223.516,848.746
601.935,349.651,599.34
601.299,349.074,724.337
600.664,348.496,849.334
604.053,474.632,599.928
603.418,474.055,724.925
602.782,473.477,849.922
724.797,222.55,599.377
724.161,221.972,724.374
723.526,221.394,849.371
726.915,347.53,599.966
726.28,346.953,724.963
725.644,346.375,849.96
729.033,472.511,600.554
728.398,471.933,725.551
727.762,471.356,850.548
849.777,220.428,600.003
849.142,219.851,725
848.506,219.273,849.997
851.896,345.409,600.591
851.26,344.831,725.588
850.625,344.254,850.585
854.014,470.39,601.18
853.378,469.812,726.177
852.743,469.234,851.174
598.313,350.976,101.38
599.174,349.407,226.367
600.035,347.838,351.354
598.429,475.966,102.947
599.29,474.397,227.935
600.151,472.829,352.922
598.545,600.956,104.515
599.406,599.387,229.502
600.267,597.819,354.49
723.31,350.87,100.518
724.171,349.302,225.505
725.032,347.733,350.492
723.426,475.86,102.085
724.287,474.292,227.073
725.148,472.723,352.06
723.542,600.85,103.653
724.403,599.282,228.64
725.264,597.713,353.627
848.307,350.765,99.6554
849.168,349.196,224.643
850.029,347.628,349.63
848.423,475.755,101.223
849.284,474.187,226.21
850.145,472.618,351.198
848.539,600.745,102.791
849.4,599.177,227.778
850.261,597.608,352.765
601.415,351.238,223.559
602.041,354.632,348.511
602.668,358.025,473.463
605.035,476.139,220.148
605.661,479.533,345.1
606.288,482.926,470.053
608.655,601.04,216.737
609.281,604.434,341.69
609.907,607.827,466.642
726.361,347.602,223.031
726.987,350.996,347.983
727.614,354.39,472.936
729.981,472.503,219.62
730.607,475.897,344.573
731.234,479.291,469.525
733.601,597.404,216.21
734.227,600.798,341.162
734.853,604.192,466.115
851.307,343.967,222.504
851.933,347.361,347.456
852.56,350.754,472.408
854.927,468.868,219.093
855.553,472.262,344.045
856.18,475.655,468.998
858.547,593.769,215.682
859.173,597.163,340.635
859.799,600.556,465.587
601.122,349.917,349.732
597.989,353.261,474.648
594.857,356.604,599.564
599.265,474.857,346.341
596.133,478.201,471.257
593,481.545,596.173
597.408,599.797,342.95
594.276,603.141,467.866
591.143,606.485,592.782
726.069,351.857,352.813
722.936,355.201,477.729
719.804,358.545,602.645
724.212,476.797,349.422
721.08,480.141,474.338
717.947,483.485,599.254
722.355,601.738,346.031
719.223,605.081,470.947
716.09,608.425,595.863
851.016,353.798,355.894
847.883,357.142,480.81
844.751,360.485,605.726
849.159,478.738,352.503
846.026,482.082,477.419
842.894,485.426,602.335
847.302,603.678,349.112
844.17,607.022,474.028
841.037,610.366,598.944
598.061,351.514,473.232
601.246,348.615,598.158
604.431,345.716,723.083
595.081,476.443,476.207
598.266,473.544,601.133
601.452,470.645,726.059
592.101,601.372,479.182
595.287,598.473,604.108
598.472,595.574,729.034
722.985,354.568,470.118
726.17,351.669,595.043
729.355,348.77,719.969
720.005,479.497,473.093
723.19,476.598,598.019
726.375,473.699,722.944
717.025,604.426,476.068
720.211,601.527,600.994
723.396,598.628,725.92
847.909,357.622,467.003
851.094,354.723,591.929
854.279,351.824,716.855
844.929,482.551,469.979
848.114,479.652,594.904
851.299,476.753,719.83
841.949,607.48,472.954
845.134,604.581,597.88
848.32,601.682,722.805
601.944,350.918,600.067
604.096,351.648,725.046
606.247,352.379,850.026
600.145,475.903,599.367
602.296,476.633,724.346
604.448,477.364,849.326
598.345,600.888,598.667
600.497,601.619,723.647
602.649,602.349,848.626
726.913,352.705,597.905
729.064,353.435,722.884
731.216,354.166,847.864
725.113,477.69,597.205
727.265,478.421,722.185
729.417,479.151,847.164
723.314,602.675,596.505
725.465,603.406,721.485
727.617,604.136,846.464
851.881,354.492,595.743
854.033,355.223,720.722
856.185,355.953,845.702
850.082,479.477,595.043
852.233,480.208,720.023
854.385,480.938,845.002
848.282,604.462,594.344
850.434,605.193,719.323
852.586,605.924,844.302
598.328,474.643,100.186
597.936,477.153,225.16
597.543,479.663,350.134
596.305,599.601,97.6698
595.913,602.111,222.644
595.52,604.621,347.618
594.283,724.559,95.1537
593.89,727.069,220.128
593.497,729.58,345.102
723.311,476.673,100.538
722.919,479.183,225.512
722.526,481.693,350.486
721.288,601.631,98.0216
720.896,604.141,222.996
720.503,606.652,347.97
719.266,726.59,95.5055
718.873,729.1,220.48
718.48,731.61,345.454
848.294,478.703,100.89
847.902,481.213,225.864
847.509,483.724,350.838
846.271,603.662,98.3734
845.879,606.172,223.348
845.486,608.682,348.322
844.249,728.62,95.8573
843.856,731.13,220.831
843.463,733.64,345.806
600.036,475.492,224.078
600.37,477.502,349.062
600.705,479.513,474.045
602.167,600.457,222.062
602.502,602.468,347.046
602.837,604.478,472.029
604.299,725.423,220.046
604.634,727.433,345.03
604.969,729.444,470.013
725.017,473.355,223.778
725.352,475.365,348.761
725.686,477.376,473.745
727.149,598.32,221.762
727.483,600.331,346.745
727.818,602.341,471.729
729.281,723.286,219.746
729.615,725.296,344.73
729.95,727.307,469.713
849.998,471.218,223.478
850.333,473.228,348.461
850.668,475.239,473.444
852.13,596.183,221.462
852.465,598.194,346.445
852.8,600.204,471.428
854.262,721.149,219.446
854.597,723.159,344.429
854.931,725.17,469.413
601.184,475.066,348.882
604.59,478.411,473.791
607.996,481.757,598.7
602.403,600.014,345.502
605.809,603.36,470.411
609.215,606.705,595.32
603.622,724.962,342.122
607.028,728.308,467.031
610.434,731.654,591.94
726.132,473.755,345.51
729.538,477.101,470.419
732.943,480.447,595.328
727.351,598.704,342.13
730.757,602.05,467.039
734.162,605.395,591.948
728.57,723.652,338.75
731.976,726.998,463.659
735.381,730.344,588.568
851.079,472.445,342.138
854.485,475.791,467.047
857.891,479.137,591.956
852.298,597.394,338.758
855.704,600.739,463.667
859.11,604.085,588.576
853.517,722.342,335.378
856.923,725.688,460.287
860.329,729.033,585.196
600.302,476.604,474.04
601.081,478.369,599.025
601.86,480.133,724.01
601.232,601.588,472.27
602.011,603.353,597.255
602.79,605.117,722.24
602.162,726.572,470.5
602.941,728.337,595.485
603.72,730.101,720.47
725.296,475.663,473.274
726.075,477.428,598.259
726.854,479.192,723.245
726.226,600.647,471.504
727.005,602.412,596.489
727.784,604.176,721.474
727.156,725.631,469.734
727.935,727.396,594.719
728.714,729.16,719.704
850.29,474.722,472.508
851.069,476.486,597.493
851.848,478.251,722.479
851.22,599.706,470.738
851.999,601.47,595.723
852.778,603.235,720.708
852.15,724.69,468.968
852.929,726.454,593.953
853.708,728.219,718.938
599.087,476.438,600.37
600.849,478.521,725.34
602.612,480.603,850.311
596.57,601.396,598.323
598.332,603.479,723.294
600.094,605.561,848.264
594.052,726.354,596.277
595.814,728.437,721.247
597.577,730.519,846.217
724.049,478.926,598.567
725.812,481.009,723.537
727.574,483.091,848.507
721.532,603.884,596.52
723.294,605.967,721.49
725.056,608.049,846.46
719.014,728.842,594.473
720.777,730.925,719.443
722.539,733.007,844.414
849.012,481.415,596.763
850.774,483.497,721.733
852.536,485.579,846.703
846.494,606.372,594.716
848.256,608.455,719.686
850.019,610.537,844.657
843.977,731.33,592.669
845.739,733.413,717.64
847.501,735.495,842.61
600.429,601.57,99.5135
602.199,599.715,224.487
603.968,597.861,349.461
602.774,726.534,101.335
604.544,724.68,226.308
606.313,722.825,351.282
605.119,851.499,103.156
606.888,849.645,228.129
608.658,847.79,353.103
725.395,599.251,97.7097
727.164,597.397,222.683
728.934,595.542,347.657
727.74,724.216,99.5309
729.509,722.361,224.505
731.279,720.507,349.478
730.084,849.181,101.352
731.854,847.326,226.326
733.623,845.472,351.299
850.36,596.933,95.906
852.13,595.078,220.88
853.899,593.224,345.853
852.705,721.897,97.7271
854.475,720.043,222.701
856.244,718.188,347.675
855.05,846.862,99.5482
856.819,845.008,224.522
858.589,843.153,349.496
600.526,599.294,226.882
602.88,600.783,351.851
605.233,602.271,476.82
604.002,724.236,225.328
606.355,725.725,350.297
608.709,727.213,475.266
607.477,849.178,223.774
609.83,850.667,348.743
612.184,852.155,473.712
725.456,595.791,224.571
727.809,597.279,349.54
730.163,598.768,474.509
728.931,720.733,223.017
731.285,722.221,347.986
733.638,723.71,472.955
732.406,845.675,221.463
734.76,847.163,346.432
737.113,848.652,471.401
850.385,592.287,222.26
852.739,593.776,347.229
855.092,595.264,472.198
853.861,717.229,220.706
856.214,718.718,345.675
858.568,720.206,470.644
857.336,842.171,219.152
859.689,843.66,344.121
862.043,845.148,469.09
600.86,598.218,350.012
601.192,595.445,474.981
601.524,592.671,599.95
601.979,723.183,352.783
602.311,720.409,477.751
602.644,717.635,602.72
603.099,848.147,355.553
603.431,845.373,480.522
603.763,842.6,605.491
725.854,597.106,349.655
726.187,594.333,474.624
726.519,591.559,599.593
726.974,722.071,352.426
727.306,719.297,477.395
727.638,716.523,602.363
728.093,847.035,355.196
728.425,844.261,480.165
728.758,841.488,605.134
850.849,595.995,349.298
851.181,593.221,474.267
851.513,590.447,599.236
851.968,720.959,352.069
852.301,718.185,477.038
852.633,715.412,602.007
853.088,845.923,354.84
853.42,843.15,479.808
853.752,840.376,604.777
598.208,601.406,474.974
600.843,601.695,599.946
603.477,601.984,724.918
598.833,726.404,474.672
601.468,726.693,599.644
604.102,726.982,724.615
599.458,851.402,474.369
602.092,851.691,599.341
604.727,851.98,724.313
723.179,600.775,472.341
725.814,601.064,597.313
728.448,601.353,722.285
723.804,725.773,472.039
726.438,726.062,597.011
729.073,726.351,721.982
724.428,850.771,471.736
727.063,851.06,596.708
729.697,851.349,721.68
848.15,600.144,469.708
850.784,600.433,594.68
853.419,600.722,719.652
848.774,725.142,469.406
851.409,725.431,594.378
854.043,725.72,719.349
849.399,850.14,469.103
852.034,850.429,594.075
854.668,850.718,719.047
601.736,600.801,599.489
603.685,599.329,724.465
605.635,597.857,849.441
602.717,725.789,600.946
604.666,724.317,725.922
606.616,722.845,850.898
603.698,850.776,602.403
605.648,849.304,727.379
607.597,847.832,852.355
726.716,599.843,597.528
728.666,598.371,722.504
730.616,596.899,847.48
727.698,724.83,598.985
729.647,723.358,723.961
731.597,721.886,848.937
728.679,849.818,600.442
730.629,848.346,725.418
732.578,846.874,850.394
851.697,598.884,595.567
853.647,597.412,720.543
855.597,595.94,845.519
852.679,723.872,597.024
854.628,722.4,722
856.578,720.928,846.976
853.66,848.86,598.481
855.61,847.388,723.457
857.559,845.915,848.433
