81,125,pa2-unknown-h-output1.txt
206.448,190.46,191.966
406.133,391.093,204.258
100.809,98.5966,101.083
99.567,102.193,226.026
98.3255,105.79,350.968
101.657,223.542,97.4951
100.416,227.139,222.437
99.1741,230.736,347.379
102.506,348.488,93.9067
101.264,352.084,218.849
100.023,355.681,343.791
225.799,97.784,102.349
224.558,101.381,227.291
223.316,104.977,352.233
226.648,222.73,98.7605
225.407,226.326,223.703
224.165,229.923,348.645
227.497,347.675,95.1721
226.255,351.272,220.114
225.014,354.869,345.056
350.79,96.9713,103.614
349.549,100.568,228.556
348.307,104.165,353.498
351.639,221.917,100.026
350.398,225.514,224.968
349.156,229.11,349.91
352.488,346.863,96.4375
351.246,350.459,221.38
350.005,354.056,346.322
100.332,101.126,223.81
103.266,99.9031,348.77
106.199,98.68,473.729
103.359,226.084,224.962
106.292,224.861,349.922
109.225,223.638,474.881
106.385,351.042,226.114
109.318,349.819,351.074
112.252,348.596,476.033
225.261,98.1279,220.848
228.195,96.9048,345.808
231.128,95.6818,470.767
228.288,223.086,222
231.221,221.863,346.96
234.154,220.64,471.919
231.314,348.044,223.152
234.247,346.821,348.112
237.181,345.598,473.071
350.19,95.1296,217.886
353.124,93.9066,342.846
356.057,92.6836,467.805
353.216,220.088,219.038
356.15,218.865,343.998
359.083,217.642,468.957
356.243,345.046,220.19
359.176,343.823,345.15
362.11,342.6,470.109
99.5245,99.6014,351.575
95.8817,101.447,476.509
92.2389,103.293,601.442
100.192,224.586,349.748
96.5489,226.432,474.681
92.9061,228.278,599.615
100.859,349.571,347.921
97.2161,351.417,472.854
93.5733,353.263,597.788
224.47,98.9878,355.228
220.827,100.834,480.161
217.184,102.679,605.094
225.137,223.973,353.4
221.494,225.818,478.334
217.851,227.664,603.267
225.804,348.958,351.573
222.161,350.803,476.507
218.518,352.649,601.44
349.415,98.3742,358.88
345.772,100.22,483.813
342.129,102.066,608.746
350.082,223.359,357.053
346.439,225.205,481.986
342.796,227.051,606.919
350.749,348.344,355.226
347.106,350.19,480.159
343.464,352.035,605.092
101.217,101.361,474.956
100.024,100.675,599.948
98.8317,99.9894,724.941
100.923,226.359,475.639
99.7307,225.673,600.632
98.538,224.987,725.624
100.63,351.357,476.322
99.437,350.671,601.315
98.2444,349.985,726.307
226.211,101.648,476.15
225.018,100.962,601.143
223.826,100.277,726.135
225.917,226.646,476.833
224.725,225.96,601.826
223.532,225.274,726.818
225.624,351.644,477.516
224.431,350.958,602.509
223.238,350.272,727.501
351.205,101.935,477.344
350.012,101.25,602.337
348.82,100.564,727.329
350.911,226.933,478.028
349.719,226.247,603.02
348.526,225.561,728.012
350.618,351.931,478.711
349.425,351.245,603.703
348.232,350.559,728.696
99.0066,99.5987,600.127
97.0941,96.6718,725.078
95.1817,93.7448,850.029
97.938,224.56,603.038
96.0255,221.633,727.989
94.1131,218.706,852.94
96.8694,349.522,605.949
94.9569,346.595,730.9
93.0445,343.668,855.851
223.987,100.622,602.064
222.075,97.6954,727.015
220.162,94.7685,851.966
222.919,225.584,604.975
221.006,222.657,729.926
219.094,219.73,854.877
221.85,350.545,607.885
219.938,347.618,732.837
218.025,344.692,857.788
348.968,101.646,604.001
347.056,98.719,728.952
345.143,95.7921,853.903
347.9,226.608,606.912
345.987,223.681,731.863
344.075,220.754,856.814
346.831,351.569,609.822
344.919,348.642,734.773
343.006,345.715,859.725
99.3021,223.303,98.4214
98.5642,225.745,223.395
97.8262,228.188,348.369
98.5665,348.277,95.9745
97.8286,350.719,220.948
97.0906,353.162,345.922
97.8309,473.251,93.5277
97.0929,475.693,218.502
96.355,478.136,343.476
224.298,224.053,99.1448
223.56,226.495,224.119
222.822,228.938,349.093
223.562,349.027,96.6979
222.824,351.469,221.672
222.086,353.912,346.646
222.827,474.001,94.2511
222.089,476.443,219.225
221.351,478.886,344.199
349.293,224.803,99.8682
348.556,227.245,224.842
347.818,229.688,349.816
348.558,349.777,97.4214
347.82,352.219,222.395
347.082,354.662,347.369
347.822,474.751,94.9745
347.084,477.193,219.948
346.346,479.636,344.922
101.081,226.159,223.551
103.045,226.123,348.535
105.008,226.086,473.52
100.256,351.157,223.6
102.22,351.12,348.585
104.184,351.084,473.569
99.4319,476.154,223.65
101.396,476.117,348.634
103.359,476.081,473.619
226.063,226.985,221.587
228.027,226.948,346.572
229.99,226.911,471.556
225.238,351.982,221.637
227.202,351.945,346.621
229.166,351.909,471.606
224.414,476.979,221.686
226.377,476.943,346.671
228.341,476.906,471.656
351.045,227.81,219.624
353.008,227.773,344.608
354.972,227.737,469.593
350.22,352.807,219.673
352.184,352.771,344.658
354.148,352.734,469.642
349.396,477.804,219.723
351.359,477.768,344.708
353.323,477.731,469.692
98.5828,226.916,348.998
97.3397,224.013,473.958
96.0966,221.11,598.918
97.6599,351.879,351.892
96.4168,348.976,476.852
95.1737,346.073,601.812
96.7369,476.842,354.786
95.4938,473.939,479.746
94.2507,471.037,604.706
223.573,227.81,350.262
222.33,224.907,475.223
221.087,222.004,600.183
222.65,352.773,353.156
221.407,349.87,478.116
220.164,346.967,603.076
221.727,477.736,356.05
220.484,474.833,481.01
219.241,471.93,605.97
348.564,228.704,351.527
347.321,225.801,476.487
346.077,222.898,601.447
347.641,353.667,354.42
346.398,350.764,479.38
345.154,347.861,604.341
346.718,478.63,357.314
345.475,475.727,482.274
344.232,472.824,607.234
101.67,224.183,475.073
98.3536,225.297,600.024
95.0376,226.41,724.975
99.3557,349.156,473.897
96.0397,350.27,598.848
92.7236,351.384,723.8
97.0417,474.129,472.722
93.7257,475.243,597.673
90.4096,476.357,722.624
226.604,226.527,478.367
223.288,227.641,603.319
219.972,228.755,728.27
224.29,351.5,477.192
220.974,352.614,602.143
217.658,353.728,727.094
221.976,476.473,476.017
218.66,477.587,600.968
215.344,478.701,725.919
351.539,228.872,481.662
348.223,229.985,606.613
344.907,231.099,731.564
349.225,353.845,480.487
345.909,354.958,605.438
342.593,356.072,730.389
346.911,478.818,479.312
343.595,479.931,604.263
340.279,481.045,729.214
100.391,226.878,601.344
99.9905,229.485,726.316
99.5899,232.092,851.288
102.032,351.84,598.743
101.631,354.447,723.715
101.231,357.054,848.687
103.673,476.803,596.142
103.272,479.409,721.114
102.872,482.016,846.086
225.38,225.246,601.779
224.979,227.853,726.751
224.578,230.46,851.723
227.021,350.208,599.178
226.62,352.815,724.15
226.219,355.422,849.122
228.661,475.171,596.576
228.261,477.777,721.549
227.86,480.384,846.521
350.368,223.614,602.214
349.968,226.221,727.186
349.567,228.828,852.158
352.009,348.576,599.612
351.609,351.183,724.585
351.208,353.79,849.557
353.65,473.538,597.011
353.249,476.145,721.983
352.849,478.752,846.956
98.9318,348.607,99.8692
98.9863,346.931,224.858
99.0408,345.254,349.847
101.599,473.567,101.544
101.654,471.891,226.533
101.708,470.215,351.521
104.267,598.527,103.218
104.321,596.851,228.207
104.376,595.175,353.196
223.903,345.94,99.779
223.958,344.264,224.768
224.012,342.588,349.756
226.571,470.9,101.454
226.625,469.224,226.442
226.68,467.548,351.431
229.238,595.861,103.128
229.293,594.185,228.117
229.347,592.509,353.106
348.875,343.274,99.6887
348.929,341.597,224.677
348.984,339.921,349.666
351.542,468.234,101.363
351.597,466.558,226.352
351.651,464.882,351.341
354.21,593.194,103.038
354.264,591.518,228.027
354.319,589.842,353.015
101.797,349.656,226.622
104.617,352.607,351.555
107.436,355.558,476.489
99.5969,474.603,223.721
102.417,477.554,348.654
105.236,480.505,473.587
97.3969,599.55,220.819
100.217,602.501,345.753
103.036,605.452,470.686
226.746,351.79,223.751
229.565,354.74,348.685
232.385,357.691,473.618
224.546,476.737,220.85
227.365,479.687,345.784
230.185,482.638,470.717
222.346,601.684,217.949
225.165,604.634,342.882
227.985,607.585,467.816
351.695,353.923,220.881
354.514,356.874,345.814
357.334,359.824,470.748
349.495,478.87,217.98
352.314,481.821,342.913
355.134,484.771,467.846
347.295,603.817,215.078
350.114,606.768,340.012
352.934,609.718,464.945
100.969,348.907,351.202
99.2068,349.302,476.189
97.4444,349.697,601.175
101.89,473.903,350.819
100.128,474.298,475.806
98.3653,474.693,600.793
102.811,598.899,350.437
101.049,599.294,475.424
99.2862,599.689,600.411
225.953,347.991,352.967
224.191,348.386,477.954
222.429,348.782,602.941
226.874,472.987,352.584
225.112,473.382,477.571
223.349,473.778,602.558
227.795,597.983,352.202
226.033,598.378,477.189
224.27,598.774,602.176
350.938,347.076,354.732
349.175,347.471,479.719
347.413,347.866,604.706
351.858,472.072,354.35
350.096,472.467,479.337
348.334,472.862,604.324
352.779,597.068,353.967
351.017,597.463,478.954
349.255,597.858,603.941
98.7244,349.62,476.673
96.8427,348.415,601.653
94.9609,347.21,726.633
97.9177,474.611,477.866
96.036,473.406,602.846
94.1543,472.201,727.826
97.111,599.603,479.059
95.2293,598.398,604.039
93.3476,597.193,729.019
223.708,350.408,478.562
221.826,349.203,603.542
219.944,347.998,728.522
222.901,475.4,479.755
221.019,474.195,604.735
219.137,472.99,729.715
222.094,600.392,480.948
220.213,599.187,605.928
218.331,597.982,730.908
348.691,351.197,480.452
346.809,349.992,605.432
344.927,348.787,730.412
347.884,476.189,481.645
346.002,474.984,606.625
344.121,473.779,731.605
347.077,601.18,482.838
345.196,599.975,607.818
343.314,598.77,732.798
101.669,348.988,601.145
101.751,351.737,726.115
101.833,354.486,851.084
100.992,473.956,598.396
101.074,476.705,723.366
101.157,479.454,848.336
100.315,598.924,595.648
100.398,601.673,720.618
100.48,604.422,845.587
226.667,349.663,601.048
226.749,352.412,726.018
226.832,355.161,850.987
225.99,474.631,598.299
226.073,477.38,723.269
226.155,480.129,848.239
225.314,599.599,595.551
225.396,602.348,720.521
225.478,605.097,845.49
351.665,350.338,600.951
351.748,353.087,725.92
351.83,355.836,850.89
350.989,475.306,598.202
351.071,478.055,723.172
351.153,480.804,848.142
350.312,600.274,595.454
350.394,603.023,720.423
350.476,605.772,845.393
99.8619,476.63,98.3979
99.6714,474.605,223.381
99.4809,472.58,348.365
98.6351,601.607,100.421
98.4446,599.582,225.404
98.2541,597.557,350.388
97.4083,726.585,102.444
97.2178,724.56,227.427
97.0273,722.535,352.411
224.856,477.853,98.6082
224.665,475.828,223.592
224.475,473.803,348.575
223.629,602.831,100.631
223.438,600.806,225.615
223.248,598.781,350.598
222.402,727.808,102.654
222.212,725.784,227.638
222.021,723.759,352.621
349.85,479.077,98.8186
349.659,477.052,223.802
349.469,475.027,348.785
348.623,604.054,100.842
348.432,602.03,225.825
348.242,600.005,350.808
347.396,729.032,102.864
347.205,727.007,227.848
347.015,724.982,352.831
100.634,473.707,224.693
99.2848,475.564,349.672
97.9352,477.42,474.651
100.096,598.692,222.83
98.7465,600.549,347.809
97.3969,602.405,472.788
99.5578,723.677,220.968
98.2081,725.534,345.947
96.8585,727.39,470.926
225.626,474.265,226.034
224.276,476.122,351.013
222.927,477.979,475.992
225.088,599.25,224.172
223.738,601.107,349.151
222.388,602.964,474.13
224.549,724.235,222.309
223.2,726.092,347.288
221.85,727.949,472.267
350.618,474.824,227.376
349.268,476.68,352.355
347.918,478.537,477.334
350.079,599.809,225.513
348.73,601.665,350.492
347.38,603.522,475.471
349.541,724.794,223.651
348.191,726.65,348.63
346.842,728.507,473.609
99.6476,475.93,349.024
99.8678,475.049,474.02
100.088,474.168,599.017
96.7581,600.893,349.909
96.9783,600.013,474.906
97.1984,599.132,599.903
93.8686,725.857,350.795
94.0887,724.976,475.791
94.3089,724.095,600.788
224.614,478.821,348.824
224.834,477.94,473.821
225.054,477.059,598.817
221.724,603.784,349.709
221.945,602.904,474.706
222.165,602.023,599.703
218.835,728.748,350.595
219.055,727.867,475.592
219.275,726.986,600.588
349.58,481.712,348.624
349.801,480.831,473.621
350.021,479.951,598.618
346.691,606.675,349.51
346.911,605.795,474.506
347.131,604.914,599.503
343.801,731.639,350.395
344.022,730.758,475.392
344.242,729.877,600.389
98.6941,476.204,473.675
95.0253,474.197,598.605
91.3565,472.19,723.535
96.4663,601.169,475.617
92.7975,599.162,600.547
89.1287,597.155,725.477
94.2385,726.134,477.56
90.5697,724.127,602.49
86.9009,722.12,727.42
223.62,478.374,477.378
219.952,476.367,602.308
216.283,474.359,727.238
221.393,603.339,479.321
217.724,601.332,604.251
214.055,599.324,729.181
219.165,728.304,481.263
215.496,726.297,606.193
211.827,724.289,731.123
348.547,480.543,481.082
344.878,478.536,606.012
341.209,476.529,730.942
346.319,605.508,483.024
342.65,603.501,607.954
338.981,601.494,732.884
344.091,730.474,484.967
340.422,728.466,609.897
336.754,726.459,734.827
100.31,475.093,599.754
98.1549,471.985,724.697
95.9997,468.878,849.64
96.7819,600.006,602.8
94.6267,596.899,727.743
92.4715,593.791,852.686
93.2536,724.919,605.846
91.0984,721.812,730.789
88.9432,718.704,855.732
225.242,478.567,601.995
223.087,475.46,726.938
220.931,472.352,851.881
221.714,603.48,605.042
219.558,600.373,729.984
217.403,597.265,854.927
218.185,728.394,608.088
216.03,725.286,733.031
213.875,722.178,857.973
350.173,482.042,604.237
348.018,478.934,729.18
345.863,475.826,854.122
346.645,606.955,607.283
344.49,603.847,732.226
342.335,600.739,857.169
343.117,731.868,610.329
340.962,728.76,735.272
338.806,725.652,860.215
98.0955,600.812,101.555
96.8989,597.698,226.51
95.7024,594.585,351.466
101.153,725.735,104.697
99.9568,722.621,229.653
98.7602,719.508,354.608
104.211,850.658,107.839
103.015,847.544,232.795
101.818,844.431,357.75
223.052,597.725,102.674
221.856,594.612,227.63
220.659,591.498,352.585
226.11,722.648,105.817
224.914,719.535,230.772
223.717,716.421,355.728
229.168,847.571,108.959
227.971,844.458,233.914
226.775,841.344,358.87
348.009,594.638,103.794
346.813,591.525,228.75
345.616,588.411,353.705
351.067,719.562,106.936
349.87,716.448,231.892
348.674,713.334,356.847
354.125,844.485,110.079
352.928,841.371,235.034
351.732,838.257,359.99
101.162,600.22,224.864
102.52,596.832,349.811
103.878,593.445,474.758
104.457,725.131,228.215
105.815,721.744,353.162
107.173,718.356,478.109
107.752,850.043,231.566
109.11,846.655,356.512
110.468,843.268,481.459
226.111,596.962,223.418
227.469,593.575,348.365
228.827,590.187,473.311
229.406,721.874,226.769
230.764,718.486,351.715
232.122,715.099,476.662
232.701,846.785,230.119
234.059,843.398,355.066
235.417,840.011,480.013
351.06,593.705,221.972
352.418,590.317,346.918
353.776,586.93,471.865
354.355,718.617,225.322
355.713,715.229,350.269
357.071,711.842,475.216
357.65,843.528,228.673
359.008,840.141,353.62
360.366,836.753,478.567
100.611,601.668,349.746
97.496,601.085,474.706
94.3808,600.503,599.666
101.706,726.662,350.357
98.5912,726.079,475.317
95.476,725.496,600.276
102.802,851.656,350.967
99.6865,851.073,475.927
96.5712,850.49,600.887
225.568,600.558,352.856
222.452,599.975,477.816
219.337,599.392,602.776
226.663,725.552,353.467
223.548,724.969,478.427
220.432,724.386,603.386
227.758,850.546,354.077
224.643,849.963,479.037
221.528,849.38,603.997
350.524,599.448,355.966
347.409,598.865,480.926
344.294,598.282,605.886
351.619,724.442,356.577
348.504,723.859,481.536
345.389,723.276,606.496
352.714,849.436,357.187
349.599,848.853,482.147
346.484,848.27,607.107
100.145,598.9,473.52
103.148,596.301,598.457
106.15,593.701,723.394
97.109,723.835,476.193
100.111,721.235,601.129
103.114,718.636,726.066
94.0725,848.77,478.865
97.0749,846.17,603.802
100.077,843.57,728.739
225.072,602,470.582
228.075,599.4,595.519
231.077,596.8,720.456
222.036,726.934,473.255
225.038,724.335,598.192
228.041,721.735,723.129
219,851.869,475.927
222.002,849.269,600.864
225.004,846.669,725.801
350,605.099,467.645
353.002,602.499,592.581
356.004,599.9,717.518
346.963,730.033,470.317
349.965,727.434,595.254
352.968,724.834,720.191
343.927,854.968,472.99
346.929,852.368,597.926
349.931,849.769,722.863
98.6026,598.553,600.144
97.4781,595.931,725.111
96.3535,593.31,850.079
97.4347,723.52,602.755
96.3101,720.899,727.722
95.1856,718.277,852.69
96.2667,848.487,605.366
95.1422,845.866,730.333
94.0176,843.244,855.301
223.592,599.697,601.292
222.468,597.076,726.26
221.343,594.454,851.227
222.424,724.664,603.903
221.3,722.043,728.871
220.175,719.421,853.838
221.256,849.632,606.514
220.132,847.01,731.482
219.007,844.389,856.449
348.582,600.841,602.441
347.457,598.22,727.409
346.333,595.598,852.376
347.414,725.808,605.052
346.289,723.187,730.02
345.165,720.565,854.987
346.246,850.776,607.663
345.121,848.154,732.631
343.997,845.533,857.598
226.773,100.507,98.5349
224.423,97.1502,223.468
222.072,93.7931,348.4
230.118,225.416,101.954
227.768,222.059,226.887
225.418,218.702,351.82
233.463,350.324,105.374
231.113,346.967,230.306
228.763,343.61,355.239
351.706,97.0995,100.793
349.356,93.7424,225.726
347.006,90.3853,350.659
355.051,222.008,104.213
352.701,218.651,229.146
350.351,215.294,354.078
358.396,346.916,107.632
356.046,343.559,232.565
353.696,340.202,357.498
476.639,93.6917,103.052
474.289,90.3346,227.985
471.939,86.9776,352.918
479.984,218.6,106.471
477.634,215.243,231.404
475.284,211.886,356.337
483.33,343.509,109.891
480.979,340.152,234.824
478.629,336.794,359.756
223.735,101.734,226.499
223.879,102.889,351.494
224.023,104.045,476.488
221.853,226.714,225.346
221.997,227.87,350.34
222.142,229.025,475.335
219.972,351.695,224.193
220.116,352.85,349.187
220.26,354.006,474.182
348.72,103.614,226.338
348.865,104.769,351.332
349.009,105.925,476.327
346.839,228.594,225.184
346.983,229.75,350.179
347.127,230.905,475.173
344.958,353.575,224.031
345.102,354.73,349.026
345.246,355.886,474.02
473.706,105.494,226.176
473.85,106.649,351.171
473.995,107.805,476.165
471.825,230.474,225.023
471.969,231.63,350.017
472.113,232.785,475.012
469.943,355.455,223.869
470.087,356.61,348.864
470.232,357.766,473.859
224.704,101.866,349.794
221.486,101.653,474.752
218.268,101.439,599.711
223.986,226.864,349.989
220.768,226.651,474.947
217.55,226.437,599.906
223.268,351.862,350.184
220.05,351.648,475.142
216.832,351.435,600.101
349.661,102.579,353.013
346.443,102.366,477.971
343.225,102.152,602.93
348.942,227.577,353.208
345.724,227.363,478.166
342.507,227.15,603.125
348.224,352.575,353.403
345.006,352.361,478.361
341.788,352.148,603.32
474.617,103.292,356.232
471.399,103.079,481.191
468.181,102.865,606.149
473.899,228.29,356.427
470.681,228.076,481.386
467.463,227.863,606.344
473.181,353.288,356.622
469.963,353.074,481.581
466.745,352.861,606.539
223.795,100.522,475.215
227.262,97.123,600.12
230.728,93.7239,725.026
221.593,225.455,478.676
225.059,222.056,603.581
228.525,218.657,728.487
219.39,350.387,482.137
222.856,346.988,607.042
226.322,343.589,731.948
348.728,102.819,471.81
352.194,99.4203,596.716
355.661,96.0211,721.621
346.525,227.752,475.271
349.991,224.353,600.177
353.458,220.954,725.082
344.322,352.685,478.732
347.788,349.286,603.638
351.255,345.886,728.543
473.66,105.117,468.405
477.127,101.718,593.311
480.593,98.3184,718.217
471.458,230.049,471.866
474.924,226.65,596.772
478.39,223.251,721.678
469.255,354.982,475.327
472.721,351.583,600.233
476.187,348.184,725.139
226.241,100.166,599.449
228.521,101.737,724.418
230.8,103.309,849.387
227.559,225.149,597.853
229.839,226.72,722.822
232.118,228.292,847.792
228.877,350.132,596.257
231.157,351.703,721.227
233.437,353.275,846.196
351.213,98.819,597.186
353.493,100.391,722.155
355.773,101.962,847.125
352.531,223.802,595.59
354.811,225.373,720.559
357.091,226.945,845.529
353.849,348.785,593.994
356.129,350.356,718.964
358.409,351.928,843.933
476.185,97.4721,594.923
478.465,99.0436,719.892
480.745,100.615,844.862
477.504,222.455,593.327
479.783,224.026,718.297
482.063,225.598,843.266
478.822,347.438,591.732
481.101,349.009,716.701
483.381,350.581,841.67
225.448,224.438,101.321
228.321,226.067,226.278
231.194,227.697,351.234
225.501,349.427,99.6899
228.374,351.057,224.646
231.247,352.686,349.603
225.554,474.416,98.0587
228.427,476.046,223.015
231.3,477.676,347.971
350.415,224.347,98.4491
353.288,225.977,223.405
356.161,227.607,348.362
350.468,349.337,96.8178
353.341,350.966,221.774
356.214,352.596,346.73
350.521,474.326,95.1865
353.394,475.956,220.143
356.267,477.585,345.099
475.382,224.257,95.5769
478.255,225.887,220.533
481.128,227.516,345.49
475.435,349.246,93.9456
478.308,350.876,218.902
481.181,352.506,343.858
475.488,474.236,92.3143
478.361,475.865,217.271
481.234,477.495,342.227
225.162,225.811,226.174
221.549,223.911,351.108
217.935,222.011,476.041
223.986,350.791,228.041
220.372,348.891,352.974
216.759,346.992,477.907
222.809,475.772,229.907
219.196,473.872,354.84
215.582,471.972,479.774
350.104,226.932,229.805
346.491,225.033,354.739
342.877,223.133,479.672
348.928,351.913,231.672
345.314,350.013,356.605
341.701,348.114,481.538
347.752,476.893,233.538
344.138,474.994,358.471
340.524,473.094,483.405
475.047,228.054,233.436
471.433,226.154,358.37
467.819,224.255,483.303
473.87,353.035,235.303
470.257,351.135,360.236
466.643,349.235,485.169
472.694,478.015,237.169
469.08,476.115,362.102
465.467,474.216,487.036
225.886,224.317,350.991
222.242,227.855,475.888
218.598,231.392,600.784
229.186,349.227,347.55
225.541,352.764,472.446
221.897,356.301,597.343
232.485,474.136,344.108
228.841,477.673,469.005
225.196,481.21,593.902
350.79,221.121,354.726
347.145,224.658,479.623
343.501,228.196,604.519
354.089,346.03,351.285
350.445,349.567,476.181
346.8,353.105,601.078
357.388,470.939,347.843
353.744,474.476,472.74
350.1,478.014,597.637
475.693,217.925,358.461
472.048,221.462,483.358
468.404,224.999,608.255
478.992,342.834,355.02
475.348,346.371,479.916
471.704,349.908,604.813
482.292,467.743,351.578
478.647,471.28,476.475
475.003,474.817,601.372
226.141,224.339,475.228
223.969,223.208,600.204
221.797,222.078,725.18
226.854,349.332,476.371
224.682,348.201,601.347
222.51,347.071,726.323
227.567,474.324,477.514
225.395,473.194,602.49
223.223,472.064,727.466
351.12,223.606,477.394
348.948,222.476,602.37
346.776,221.345,727.346
351.833,348.599,478.536
349.661,347.468,603.512
347.489,346.338,728.488
352.546,473.592,479.679
350.374,472.461,604.655
348.202,471.331,729.631
476.099,222.873,479.559
473.927,221.743,604.535
471.755,220.613,729.511
476.812,347.866,480.702
474.64,346.736,605.678
472.468,345.605,730.654
477.525,472.859,481.845
475.353,471.728,606.821
473.181,470.598,731.797
224.026,226.553,598.213
223.083,227.771,723.203
222.139,228.99,848.194
227.583,351.496,597.021
226.64,352.715,722.012
225.696,353.934,847.002
231.14,476.44,595.83
230.197,477.659,720.82
229.253,478.877,845.811
348.972,223.005,599.19
348.029,224.224,724.181
347.085,225.442,849.171
352.529,347.949,597.999
351.586,349.167,722.989
350.642,350.386,847.98
356.086,472.892,596.808
355.142,474.111,721.798
354.199,475.33,846.789
473.918,219.457,600.168
472.974,220.676,725.159
472.031,221.895,850.149
477.475,344.401,598.977
476.531,345.62,723.967
475.588,346.838,848.958
481.032,469.345,597.785
480.088,470.563,722.776
479.145,471.782,847.766
223.417,350.352,101.535
221.326,349.277,226.512
219.236,348.202,351.49
224.119,475.345,102.621
222.029,474.27,227.599
219.938,473.195,352.577
224.822,600.338,103.708
222.731,599.264,228.686
220.641,598.189,353.664
348.397,349.631,103.619
346.307,348.556,228.597
344.217,347.482,353.575
349.1,474.625,104.705
347.009,473.55,229.683
344.919,472.475,354.661
349.802,599.618,105.792
347.712,598.543,230.77
345.621,597.468,355.748
473.378,348.911,105.703
471.288,347.836,230.681
469.197,346.761,355.659
474.08,473.904,106.79
471.99,472.829,231.768
469.9,471.755,356.745
474.783,598.897,107.876
472.692,597.823,232.854
470.602,596.748,357.832
224.118,350.506,225.549
223.798,352.578,350.531
223.478,354.651,475.514
225.861,475.477,223.481
225.541,477.549,348.464
225.221,479.621,473.446
227.604,600.447,221.414
227.284,602.52,346.396
226.964,604.592,471.378
349.105,348.768,225.898
348.785,350.841,350.88
348.465,352.913,475.863
350.848,473.739,223.83
350.528,475.811,348.812
350.208,477.884,473.795
352.591,598.71,221.762
352.271,600.782,346.745
351.951,602.855,471.727
474.093,347.031,226.247
473.773,349.103,351.229
473.453,351.176,476.211
475.836,472.002,224.179
475.516,474.074,349.161
475.196,476.146,474.144
477.579,596.972,222.111
477.259,599.045,347.094
476.939,601.117,472.076
226.474,349.355,351.685
227.854,349.463,476.677
229.234,349.57,601.67
228.149,474.344,351.559
229.528,474.451,476.552
230.908,474.559,601.544
229.823,599.333,351.433
231.203,599.44,476.426
232.582,599.547,601.418
351.456,347.68,350.307
352.835,347.787,475.299
354.215,347.894,600.292
353.13,472.668,350.181
354.51,472.776,475.173
355.889,472.883,600.166
354.804,597.657,350.055
356.184,597.764,475.048
357.564,597.872,600.04
476.437,346.004,348.929
477.816,346.111,473.921
479.196,346.219,598.914
478.111,470.993,348.803
479.491,471.1,473.795
480.87,471.208,598.788
479.785,595.981,348.677
481.165,596.089,473.669
482.545,596.196,598.662
226.195,349.491,474.196
222.974,353.03,599.104
219.753,356.569,724.012
223.567,474.411,470.588
220.346,477.95,595.497
217.124,481.489,720.405
220.939,599.331,466.981
217.717,602.87,591.89
214.496,606.409,716.798
351.126,352.21,477.341
347.905,355.749,602.249
344.683,359.288,727.157
348.498,477.13,473.733
345.277,480.669,598.642
342.055,484.208,723.55
345.87,602.051,470.126
342.648,605.59,595.035
339.427,609.129,719.943
476.057,354.929,480.486
472.836,358.468,605.394
469.614,362.008,730.302
473.429,479.85,476.878
470.207,483.389,601.787
466.986,486.928,726.695
470.801,604.77,473.271
467.579,608.309,598.18
464.358,611.848,723.088
225.333,350.668,601.221
228.005,349.352,726.185
230.677,348.036,851.15
226.02,475.66,602.523
228.692,474.343,727.487
231.364,473.027,852.452
226.706,600.651,603.825
229.378,599.335,728.789
232.05,598.018,853.754
350.303,350.01,598.542
352.975,348.694,723.506
355.647,347.377,848.471
350.989,475.001,599.844
353.661,473.685,724.808
356.333,472.369,849.773
351.675,599.993,601.146
354.347,598.676,726.11
357.019,597.36,851.075
475.272,349.352,595.863
477.944,348.036,720.827
480.617,346.719,845.792
475.959,474.343,597.165
478.631,473.027,722.129
481.303,471.71,847.094
476.645,599.335,598.467
479.317,598.018,723.431
481.989,596.702,848.396
226.883,475.637,101.461
225.066,478.735,226.41
223.25,481.832,351.358
228.108,600.593,98.3812
226.291,603.691,223.33
224.475,606.788,348.278
229.332,725.549,95.3012
227.516,728.647,220.25
225.699,731.744,345.198
351.864,474.458,103.307
350.047,477.555,228.256
348.231,480.653,353.204
353.089,599.414,100.228
351.272,602.511,225.176
349.455,605.609,350.124
354.313,724.37,97.1476
352.497,727.467,222.096
350.68,730.565,347.044
476.845,473.278,105.154
475.028,476.376,230.102
473.211,479.473,355.051
478.069,598.234,102.074
476.253,601.332,227.022
474.436,604.43,351.971
479.294,723.19,98.9939
477.477,726.288,223.942
475.661,729.386,348.891
226.367,473.964,224.758
222.679,474.866,349.7
218.992,475.769,474.643
224.574,598.947,223.802
220.886,599.85,348.745
217.198,600.753,473.687
222.781,723.931,222.846
219.093,724.833,347.789
215.405,725.736,472.731
351.3,475.784,228.433
347.612,476.687,353.375
343.924,477.59,478.317
349.507,600.768,227.477
345.819,601.67,352.419
342.131,602.573,477.361
347.714,725.751,226.521
344.026,726.654,351.463
340.338,727.557,476.405
476.233,477.605,232.107
472.545,478.507,357.049
468.857,479.41,481.992
474.44,602.588,231.151
470.752,603.491,356.093
467.064,604.394,481.036
472.647,727.572,230.195
468.959,728.474,355.137
465.271,729.377,480.08
223.441,475.559,351.521
220.658,473.178,476.468
217.874,470.797,601.414
222.015,600.529,353.871
219.232,598.148,478.817
216.449,595.767,603.764
220.589,725.499,356.221
217.806,723.118,481.167
215.023,720.737,606.113
348.402,476.932,354.331
345.618,474.551,479.277
342.835,472.17,604.224
346.976,601.902,356.681
344.193,599.521,481.627
341.409,597.14,606.573
345.55,726.872,359.03
342.767,724.491,483.977
339.984,722.11,608.923
473.363,478.305,357.141
470.579,475.924,482.087
467.796,473.543,607.033
471.937,603.275,359.49
469.154,600.894,484.437
466.37,598.513,609.383
470.511,728.244,361.84
467.728,725.864,486.786
464.944,723.483,611.733
224.001,473.103,474.523
221.512,471.618,599.489
219.024,470.133,724.455
222.236,598.082,475.973
219.748,596.597,600.939
217.26,595.112,725.905
220.472,723.061,477.423
217.984,721.576,602.389
215.495,720.091,727.356
348.963,474.838,477.031
346.475,473.353,601.998
343.987,471.868,726.964
347.199,599.817,478.481
344.711,598.332,603.448
342.222,596.847,728.414
345.435,724.796,479.932
342.946,723.311,604.898
340.458,721.826,729.864
473.926,476.573,479.54
471.438,475.088,604.507
468.95,473.603,729.473
472.162,601.552,480.99
469.673,600.067,605.957
467.185,598.582,730.923
470.397,726.531,482.44
467.909,725.046,607.407
465.421,723.561,732.373
226.924,475.622,598.79
225.804,473.274,723.762
224.683,470.926,848.735
225.574,600.592,601.125
224.453,598.245,726.098
223.332,595.897,851.071
224.224,725.563,603.461
223.103,723.215,728.434
221.982,720.868,853.407
351.912,476.951,599.935
350.791,474.603,724.908
349.671,472.255,849.881
350.562,601.922,602.271
349.441,599.574,727.244
348.32,597.226,852.217
349.211,726.893,604.607
348.09,724.545,729.58
346.97,722.197,854.553
476.9,478.28,601.081
475.779,475.932,726.054
474.658,473.584,851.027
475.549,603.251,603.417
474.429,600.903,728.39
473.308,598.555,853.363
474.199,728.222,605.753
473.078,725.874,730.726
471.957,723.526,855.698
223.353,601.667,101.975
222.459,599.01,226.944
221.566,596.352,351.913
223.329,726.639,104.633
222.436,723.981,229.601
221.542,721.324,354.57
223.305,851.61,107.29
222.412,848.953,232.258
221.518,846.296,357.227
348.35,601.672,102.869
347.456,599.014,227.838
346.563,596.357,352.806
348.326,726.643,105.526
347.432,723.986,230.495
346.539,721.329,355.463
348.302,851.615,108.183
347.409,848.958,233.152
346.515,846.301,358.121
473.346,601.676,103.763
472.453,599.019,228.731
471.56,596.362,353.7
473.323,726.648,106.42
472.429,723.991,231.389
471.536,721.334,356.357
473.299,851.62,109.077
472.405,848.963,234.046
471.512,846.306,359.014
226.863,601.076,224.713
228.212,603.664,349.679
229.56,606.253,474.645
225.264,726.039,222.141
226.613,728.628,347.107
227.961,731.216,472.073
223.665,851.002,219.57
225.014,853.591,344.536
226.362,856.18,469.502
351.846,602.646,223.332
353.194,605.235,348.298
354.542,607.824,473.264
350.247,727.61,220.76
351.595,730.198,345.726
352.943,732.787,470.692
348.648,852.573,218.189
349.996,855.162,343.155
351.344,857.751,468.121
476.828,604.217,221.951
478.177,606.806,346.917
479.525,609.395,471.883
475.229,729.181,219.379
476.578,731.769,344.345
477.926,734.358,469.311
473.63,854.144,216.808
474.979,856.733,341.774
476.327,859.321,466.74
226.146,598.606,351.72
223.924,599.259,476.698
221.702,599.913,601.677
223.374,723.573,351.017
221.152,724.226,475.996
218.93,724.88,600.974
220.602,848.54,350.315
218.38,849.194,475.293
216.158,849.847,600.272
351.095,601.389,353.927
348.873,602.043,478.906
346.651,602.696,603.884
348.324,726.357,353.224
346.102,727.01,478.203
343.879,727.664,603.181
345.552,851.324,352.522
343.33,851.978,477.5
341.108,852.631,602.479
476.045,604.173,356.134
473.823,604.827,481.113
471.601,605.48,606.091
473.273,729.141,355.431
471.051,729.794,480.41
468.829,730.447,605.388
470.501,854.108,354.729
468.279,854.761,479.707
466.057,855.415,604.686
223.344,600.532,473.574
220.347,598.67,598.524
217.35,596.808,723.474
219.912,725.472,475.354
216.915,723.61,600.304
213.919,721.748,725.254
216.481,850.413,477.133
213.484,848.55,602.083
210.487,846.688,727.034
348.261,603.92,476.621
345.264,602.057,601.571
342.267,600.195,726.521
344.829,728.86,478.4
341.832,726.998,603.35
338.836,725.136,728.301
341.398,853.8,480.18
338.401,851.938,605.13
335.404,850.076,730.08
473.178,607.307,479.667
470.181,605.445,604.617
467.184,603.583,729.567
469.746,732.247,481.447
466.749,730.385,606.397
463.752,728.523,731.347
466.315,857.187,483.226
463.318,855.325,608.177
460.321,853.463,733.127
226.115,598.834,600.028
228.068,598.602,725.013
230.02,598.371,849.997
228.417,723.812,600.224
230.369,723.581,725.208
232.322,723.349,850.193
230.719,848.791,600.419
232.671,848.559,725.404
234.623,848.328,850.388
351.079,596.535,598.072
353.031,596.304,723.057
354.983,596.072,848.041
353.381,721.514,598.268
355.333,721.282,723.252
357.285,721.051,848.237
355.683,846.493,598.463
357.635,846.261,723.448
359.587,846.029,848.432
476.043,594.237,596.116
477.995,594.005,721.101
479.947,593.774,846.085
478.344,719.215,596.312
480.297,718.984,721.296
482.249,718.752,846.281
480.646,844.194,596.507
482.598,843.962,721.492
484.551,843.731,846.476
351.742,98.7612,100.9
349.591,96.0133,225.851
347.44,93.2655,350.803
352.054,223.73,103.654
349.903,220.983,228.605
347.752,218.235,353.556
352.366,348.7,106.407
350.215,345.952,231.358
348.064,343.204,356.31
476.723,98.4022,103.043
474.572,95.6543,227.995
472.422,92.9065,352.946
477.035,223.371,105.797
474.884,220.624,230.748
472.733,217.876,355.7
477.347,348.341,108.551
475.196,345.593,233.502
473.045,342.845,358.453
601.704,98.0432,105.187
599.553,95.2953,230.138
597.403,92.5475,355.089
602.016,223.012,107.94
599.865,220.265,232.892
597.714,217.517,357.843
602.328,347.982,110.694
600.177,345.234,235.645
598.026,342.486,360.597
349.161,98.5297,225.396
352.155,97.303,350.354
355.148,96.0763,475.312
350.016,223.521,226.602
353.009,222.294,351.56
356.002,221.068,476.518
350.87,348.512,227.809
353.864,347.286,352.767
356.857,346.059,477.725
474.123,97.7044,222.394
477.116,96.4777,347.352
480.109,95.251,472.31
474.977,222.696,223.601
477.97,221.469,348.559
480.964,220.242,473.517
475.831,347.687,224.807
478.825,346.46,349.765
481.818,345.234,474.723
599.084,96.8791,219.393
602.077,95.6524,344.351
605.07,94.4257,469.309
599.938,221.87,220.599
602.932,220.644,345.557
605.925,219.417,470.515
600.793,346.862,221.806
603.786,345.635,346.764
606.779,344.408,471.722
348.792,101.253,351.328
349.116,100.82,476.327
349.439,100.386,601.325
350.811,226.236,351.756
351.135,225.803,476.755
351.458,225.369,601.753
352.831,351.219,352.184
353.154,350.786,477.183
353.478,350.352,602.181
473.776,99.2349,350.997
474.099,98.8017,475.996
474.423,98.3684,600.995
475.795,224.218,351.425
476.118,223.785,476.424
476.442,223.351,601.423
477.814,349.201,351.853
478.137,348.768,476.852
478.461,348.334,601.851
598.759,97.217,350.667
599.082,96.7837,475.666
599.406,96.3505,600.665
600.778,222.2,351.095
601.102,221.767,476.094
601.425,221.333,601.092
602.797,347.183,351.523
603.121,346.75,476.522
603.444,346.316,601.52
349.875,101.088,475.281
349.764,101.367,600.281
349.653,101.647,725.281
353.011,226.048,475.005
352.899,226.328,600.004
352.788,226.608,725.004
356.146,351.008,474.728
356.035,351.288,599.727
355.924,351.568,724.727
474.836,97.9525,475.4
474.725,98.2322,600.399
474.613,98.5119,725.399
477.971,222.913,475.123
477.86,223.193,600.122
477.749,223.472,725.122
481.107,347.873,474.846
480.996,348.153,599.846
480.884,348.433,724.845
599.796,94.8172,475.518
599.685,95.097,600.517
599.574,95.3767,725.517
602.932,219.778,475.241
602.821,220.057,600.241
602.709,220.337,725.24
606.067,344.738,474.964
605.956,345.018,599.964
605.845,345.297,724.963
350.671,100.201,599.468
347.16,101.3,724.413
343.649,102.398,849.359
354.116,225.149,598.466
350.605,226.248,723.411
347.094,227.347,848.357
357.561,350.098,597.464
354.05,351.197,722.409
350.539,352.295,847.355
475.574,96.7857,603.007
472.063,97.8844,727.953
468.552,98.9831,852.899
479.019,221.734,602.005
475.508,222.833,726.951
471.997,223.932,851.897
482.464,346.683,601.003
478.953,347.781,725.949
475.442,348.88,850.895
600.477,93.3705,606.547
596.966,94.4692,731.493
593.455,95.5679,856.439
603.922,218.319,605.545
600.411,219.418,730.491
596.9,220.516,855.437
607.367,343.268,604.543
603.856,344.366,729.489
600.345,345.465,854.435
349.464,225.907,101.494
348.286,227.26,226.482
347.108,228.612,351.469
349.602,350.9,100.143
348.425,352.252,225.13
347.247,353.605,350.117
349.741,475.892,98.7921
348.563,477.245,223.779
347.385,478.597,348.766
474.458,225.781,102.674
473.28,227.134,227.661
472.102,228.486,352.648
474.597,350.774,101.323
473.419,352.126,226.31
472.241,353.479,351.297
474.735,475.767,99.9714
473.558,477.119,224.959
472.38,478.471,349.946
599.452,225.655,103.853
598.275,227.008,228.84
597.097,228.36,353.827
599.591,350.648,102.502
598.413,352,227.489
597.235,353.353,352.476
599.73,475.641,101.151
598.552,476.993,226.138
597.374,478.345,351.125
348.028,224.435,224.543
346.148,221.272,349.489
344.267,218.109,474.434
350.72,349.365,227.746
348.84,346.202,352.692
346.96,343.039,477.637
353.413,474.295,230.949
351.532,471.132,355.894
349.652,467.969,480.84
472.985,221.695,226.354
471.104,218.532,351.3
469.224,215.37,476.246
475.677,346.625,229.557
473.797,343.462,354.503
471.917,340.3,479.448
478.369,471.555,232.76
476.489,468.392,357.706
474.609,465.23,482.651
597.941,218.956,228.165
596.061,215.793,353.111
594.181,212.63,478.057
600.634,343.886,231.368
598.754,340.723,356.314
596.873,337.56,481.259
603.326,468.816,234.571
601.446,465.653,359.517
599.566,462.49,484.462
350.565,224.469,349.255
351.619,221.06,474.204
352.672,217.651,599.153
354.187,349.371,352.632
355.241,345.962,477.582
356.294,342.553,602.531
357.809,474.273,356.01
358.863,470.864,480.959
359.916,467.455,605.908
475.508,220.877,348.104
476.562,217.468,473.053
477.615,214.059,598.002
479.13,345.779,351.481
480.184,342.37,476.43
481.237,338.961,601.379
482.752,470.68,354.858
483.806,467.271,479.807
484.859,463.862,604.756
600.451,217.285,346.952
601.505,213.876,471.901
602.558,210.467,596.85
604.073,342.186,350.329
605.127,338.778,475.279
606.181,335.369,600.228
607.695,467.088,353.707
608.749,463.679,478.656
609.803,460.27,603.605
351.121,223.06,473.079
354.19,219.945,598.002
357.259,216.829,722.926
354.828,347.968,476.102
357.897,344.853,601.026
360.966,341.738,725.949
358.534,472.877,479.126
361.604,469.761,604.05
364.673,466.646,728.973
476.028,219.43,469.919
479.098,216.314,594.843
482.167,213.199,719.766
479.735,344.338,472.943
482.804,341.223,597.867
485.873,338.108,722.79
483.442,469.246,475.967
486.511,466.131,600.89
489.58,463.016,725.814
600.936,215.799,466.76
604.005,212.684,591.683
607.074,209.569,716.607
604.642,340.708,469.784
607.712,337.593,594.707
610.781,334.477,719.631
608.349,465.616,472.808
611.418,462.501,597.731
614.488,459.386,722.654
351.915,224.642,600.54
355.337,227.445,725.461
358.76,230.248,850.383
351.875,349.611,597.737
355.298,352.414,722.658
358.721,355.217,847.58
351.836,474.579,594.934
355.259,477.382,719.855
358.681,480.185,844.777
476.868,224.605,597.117
480.29,227.408,722.039
483.713,230.211,846.96
476.828,349.573,594.314
480.251,352.376,719.236
483.674,355.179,844.157
476.789,474.542,591.511
480.212,477.345,716.433
483.635,480.148,841.354
601.821,224.567,593.694
605.244,227.37,718.616
608.666,230.173,843.538
601.782,349.536,590.891
605.204,352.339,715.813
608.627,355.142,840.734
601.742,474.504,588.088
605.165,477.307,713.01
608.588,480.11,837.931
349.303,351.355,99.701
346.964,348.972,224.656
344.624,346.589,349.612
351.79,476.306,102.13
349.451,473.924,227.086
347.112,471.541,352.041
354.278,601.258,104.56
351.938,598.875,229.515
349.599,596.492,354.471
474.256,348.823,101.992
471.917,346.44,226.947
469.578,344.057,351.903
476.744,473.774,104.421
474.404,471.392,229.377
472.065,469.009,354.332
479.231,598.726,106.851
476.892,596.343,231.806
474.553,593.96,356.761
599.21,346.291,104.283
596.87,343.908,229.238
594.531,341.525,354.194
601.697,471.242,106.712
599.358,468.86,231.668
597.018,466.477,356.623
604.184,596.194,109.142
601.845,593.811,234.097
599.506,591.428,359.052
351.905,350.914,224.615
354.33,352.877,349.576
356.756,354.839,474.537
353.797,475.884,222.616
356.222,477.847,347.577
358.647,479.809,472.538
355.689,600.854,220.616
358.114,602.816,345.577
360.539,604.779,470.539
476.868,348.985,222.22
479.293,350.947,347.181
481.718,352.91,472.142
478.759,473.954,220.221
481.184,475.917,345.182
483.609,477.879,470.143
480.651,598.924,218.222
483.076,600.887,343.183
485.501,602.849,468.144
601.83,347.055,219.825
604.255,349.017,344.786
606.68,350.98,469.747
603.721,472.025,217.826
606.146,473.987,342.787
608.572,475.95,467.748
605.613,596.994,215.827
608.038,598.957,340.788
610.463,600.919,465.749
348.638,351.37,348.931
350.483,353.907,473.892
352.327,356.443,598.853
346.875,476.333,346.421
348.72,478.869,471.382
350.564,481.405,596.342
345.112,601.295,343.911
346.957,603.831,468.872
348.801,606.368,593.832
473.612,353.096,347.052
475.457,355.632,472.012
477.301,358.168,596.973
471.849,478.058,344.541
473.694,480.594,469.502
475.538,483.131,594.463
470.086,603.021,342.031
471.931,605.557,466.992
473.775,608.093,591.953
598.586,354.821,345.172
600.431,357.357,470.133
602.275,359.894,595.093
596.823,479.784,342.662
598.668,482.32,467.622
600.512,484.856,592.583
595.06,604.746,340.152
596.905,607.282,465.112
598.749,609.818,590.073
351.638,348.843,473.074
348.455,347.872,598.03
345.272,346.901,722.986
353.894,473.818,474.103
350.711,472.847,599.058
347.528,471.877,724.014
356.15,598.793,475.131
352.967,597.823,600.086
349.784,596.852,725.042
476.577,346.561,476.239
473.394,345.59,601.195
470.211,344.62,726.151
478.833,471.536,477.267
475.65,470.566,602.223
472.467,469.595,727.179
481.09,596.512,478.296
477.907,595.541,603.251
474.724,594.571,728.207
601.516,344.279,479.404
598.333,343.309,604.36
595.15,342.338,729.316
603.773,469.255,480.432
600.59,468.284,605.388
597.407,467.314,730.344
606.029,594.23,481.46
602.846,593.26,606.416
599.663,592.289,731.372
350.598,350.774,598.088
351.943,351.398,723.079
353.288,352.021,848.07
347.059,475.723,597.503
348.404,476.346,722.494
349.75,476.969,847.485
343.521,600.671,596.918
344.866,601.295,721.909
346.211,601.918,846.9
475.54,354.306,596.725
476.885,354.93,721.717
478.231,355.553,846.708
472.002,479.255,596.14
473.347,479.878,721.132
474.692,480.501,846.123
468.463,604.203,595.555
469.809,604.827,720.547
471.154,605.45,845.538
600.483,357.838,595.363
601.828,358.461,720.354
603.173,359.085,845.345
596.944,482.787,594.778
598.29,483.41,719.769
599.635,484.033,844.76
593.406,607.735,594.193
594.751,608.359,719.184
596.096,608.982,844.176
350.483,476.801,100.745
352.008,477.808,225.732
353.533,478.815,350.719
351.017,601.796,99.7317
352.542,602.803,224.718
354.067,603.81,349.705
351.552,726.79,98.7179
353.077,727.798,223.705
354.602,728.805,348.691
475.473,476.254,99.2249
476.998,477.262,224.212
478.523,478.269,349.198
476.007,601.249,98.2112
477.532,602.256,223.198
479.057,603.264,348.184
476.541,726.244,97.1974
478.066,727.251,222.184
479.591,728.258,347.171
600.462,475.708,97.7044
601.987,476.715,222.691
603.512,477.722,347.678
600.997,600.703,96.6906
602.521,601.71,221.677
604.046,602.717,346.664
601.531,725.697,95.6768
603.056,726.705,220.663
604.581,727.712,345.65
351.07,475.435,226.72
353.526,472.623,351.664
355.981,469.811,476.608
349.054,600.387,229.572
351.51,597.574,354.516
353.965,594.762,479.46
347.038,725.338,232.424
349.494,722.525,357.368
351.95,719.713,482.313
476.029,477.506,224.31
478.485,474.694,349.255
480.941,471.881,474.199
474.014,602.457,227.162
476.469,599.645,352.107
478.925,596.833,477.051
471.998,727.409,230.015
474.454,724.596,354.959
476.909,721.784,479.903
600.989,479.577,221.901
603.445,476.765,346.845
605.901,473.952,471.789
598.973,604.528,224.753
601.429,601.716,349.697
603.885,598.904,474.642
596.957,729.48,227.605
599.413,726.667,352.549
601.869,723.855,477.494
349.228,474.862,348.254
350.563,474.415,473.246
351.898,473.968,598.238
345.752,599.813,348.738
347.087,599.366,473.73
348.422,598.919,598.722
342.276,724.764,349.222
343.611,724.317,474.214
344.947,723.87,599.206
474.172,478.343,346.932
475.507,477.896,471.924
476.843,477.449,596.916
470.696,603.294,347.416
472.032,602.847,472.408
473.367,602.4,597.4
467.22,728.245,347.9
468.556,727.797,472.892
469.891,727.35,597.884
599.117,481.824,345.609
600.452,481.377,470.601
601.787,480.93,595.593
595.641,606.775,346.093
596.976,606.327,471.085
598.311,605.88,596.078
592.165,731.725,346.578
593.5,731.278,471.57
594.836,730.831,596.562
350.908,476.858,474.313
347.33,478.446,599.251
343.752,480.033,724.19
354.115,601.808,472.817
350.537,603.395,597.756
346.959,604.983,722.694
357.322,726.758,471.321
353.744,728.345,596.26
350.166,729.933,721.199
475.815,473.695,477.93
472.237,475.283,602.869
468.66,476.87,727.807
479.022,598.645,476.434
475.445,600.233,601.373
471.867,601.82,726.311
482.23,723.595,474.938
478.652,725.183,599.877
475.074,726.77,724.816
600.723,470.533,481.547
597.145,472.12,606.486
593.567,473.708,731.424
603.93,595.483,480.051
600.352,597.07,604.99
596.774,598.658,729.929
607.137,720.433,478.556
603.559,722.02,603.494
599.981,723.607,728.433
351.557,474.485,598.296
354.985,475.887,723.241
358.414,477.289,848.186
353.797,599.457,596.832
357.226,600.858,721.778
360.654,602.26,846.723
356.038,724.428,595.369
359.466,725.83,720.314
362.895,727.231,845.259
476.49,472.206,594.893
479.918,473.607,719.838
483.347,475.009,844.784
478.73,597.177,593.43
482.159,598.579,718.375
485.587,599.98,843.32
480.971,722.148,591.967
484.399,723.55,716.912
487.828,724.952,841.857
601.423,469.926,591.491
604.851,471.328,716.436
608.28,472.729,841.381
603.663,594.898,590.027
607.092,596.299,714.973
610.52,597.701,839.918
605.904,719.869,588.564
609.332,721.271,713.509
612.76,722.672,838.454
351.339,601.043,99.984
352.944,602.574,224.964
354.549,604.105,349.945
348.952,726.011,98.4835
350.557,727.542,223.464
352.162,729.074,348.444
346.564,850.979,96.9829
348.169,852.51,221.963
349.774,854.042,346.944
476.306,603.411,98.3504
477.911,604.942,223.331
479.516,606.473,348.311
473.919,728.379,96.8498
475.524,729.91,221.83
477.128,731.442,346.81
471.531,853.347,95.3492
473.136,854.878,220.33
474.741,856.41,345.31
601.273,605.779,96.7167
602.878,607.31,221.697
604.483,608.841,346.677
598.886,730.747,95.2161
600.49,732.278,220.196
602.095,733.809,345.177
596.498,855.715,93.7156
598.103,857.246,218.696
599.708,858.778,343.676
349.593,600.241,223.425
348.525,599.144,348.416
347.458,598.047,473.407
349.004,725.235,224.517
347.936,724.138,349.508
346.869,723.041,474.498
348.415,850.228,225.609
347.347,849.132,350.6
346.28,848.035,475.59
474.587,600.82,224.498
473.519,599.724,349.489
472.452,598.627,474.479
473.998,725.814,225.59
472.93,724.717,350.58
471.863,723.621,475.571
473.409,850.808,226.682
472.341,849.711,351.672
471.274,848.614,476.663
599.581,601.4,225.571
598.513,600.303,350.561
597.446,599.206,475.552
598.992,726.394,226.662
597.924,725.297,351.653
596.857,724.2,476.644
598.403,851.387,227.754
597.336,850.291,352.745
596.268,849.194,477.735
349.166,598.449,348.345
351.628,598.295,473.321
354.09,598.14,598.296
350.948,723.437,348.464
353.41,723.282,473.44
355.872,723.128,598.416
352.731,848.424,348.584
355.193,848.269,473.559
357.655,848.115,598.535
474.129,596.67,345.881
476.591,596.515,470.856
479.053,596.361,595.832
475.911,721.657,346
478.373,721.502,470.976
480.835,721.348,595.952
477.694,846.644,346.12
480.156,846.49,471.095
482.618,846.335,596.071
599.092,594.89,343.417
601.554,594.735,468.392
604.016,594.581,593.368
600.874,719.877,343.536
603.336,719.722,468.512
605.798,719.568,593.487
602.657,844.864,343.656
605.119,844.71,468.631
607.581,844.555,593.607
349.605,600.184,474.508
346.84,598.911,599.471
344.076,597.639,724.434
350.102,725.177,475.792
347.338,723.904,600.755
344.573,722.631,725.718
350.599,850.169,477.076
347.835,848.896,602.039
345.071,847.624,727.002
474.573,599.659,477.267
471.809,598.386,602.23
469.045,597.113,727.193
475.071,724.651,478.551
472.306,723.378,603.514
469.542,722.106,728.477
475.568,849.644,479.835
472.803,848.371,604.798
470.039,847.098,729.761
599.542,599.133,480.026
596.777,597.86,604.989
594.013,596.588,729.952
600.039,724.126,481.31
597.275,722.853,606.273
594.51,721.58,731.236
600.536,849.118,482.594
597.772,847.845,607.557
595.008,846.572,732.52
350.297,601.403,598.406
351.983,602.184,723.392
353.668,602.964,848.378
348.37,726.386,597.652
350.056,727.166,722.638
351.742,727.946,847.624
346.444,851.369,596.898
348.13,852.149,721.884
349.815,852.929,846.87
475.271,603.32,596.708
476.956,604.1,721.695
478.642,604.88,846.681
473.344,728.302,595.954
475.03,729.083,720.941
476.715,729.863,845.927
471.418,853.285,595.2
473.103,854.065,720.187
474.789,854.845,845.173
600.244,605.236,595.011
601.93,606.016,719.997
603.616,606.796,844.983
598.318,730.219,594.257
600.004,730.999,719.243
601.689,731.779,844.229
596.392,855.201,593.503
598.077,855.981,718.489
599.763,856.762,843.475
474.999,101.207,99.4443
477.37,102.682,224.413
479.742,104.156,349.382
476.873,226.184,97.9343
479.244,227.659,222.903
481.615,229.133,347.872
478.746,351.161,96.4242
481.118,352.635,221.393
483.489,354.11,346.362
599.963,99.3055,97.0957
602.334,100.78,222.065
604.705,102.254,347.033
601.836,224.282,95.5857
604.208,225.757,220.554
606.579,227.231,345.523
603.71,349.259,94.0756
606.081,350.734,219.044
608.452,352.208,344.013
724.926,97.4038,94.7471
727.297,98.8782,219.716
729.669,100.353,344.685
726.8,222.381,93.237
729.171,223.855,218.206
731.542,225.329,343.175
728.673,347.357,91.727
731.045,348.832,216.696
733.416,350.306,341.665
475.12,99.2487,225.21
475.541,102.715,350.161
475.962,106.181,475.112
476.466,224.193,221.739
476.886,227.659,346.691
477.307,231.125,471.642
477.811,349.138,218.269
478.232,352.604,343.22
478.653,356.07,468.171
600.112,97.8921,224.826
600.533,101.358,349.778
600.954,104.824,474.729
601.458,222.837,221.356
601.878,226.303,346.307
602.299,229.769,471.259
602.803,347.781,217.886
603.224,351.247,342.837
603.645,354.713,467.788
725.104,96.5354,224.443
725.525,100.001,349.394
725.946,103.467,474.346
726.45,221.48,220.973
726.871,224.946,345.924
727.291,228.412,470.875
727.795,346.425,217.502
728.216,349.891,342.454
728.637,353.357,467.405
474.072,99.3853,351.169
477.395,97.1853,476.105
480.719,94.9853,601.042
472.651,224.357,353.407
475.974,222.157,478.344
479.298,219.957,603.28
471.23,349.329,355.646
474.553,347.129,480.582
477.876,344.929,605.519
599.02,100.865,347.871
602.343,98.6652,472.808
605.666,96.4652,597.744
597.599,225.837,350.11
600.922,223.637,475.046
604.245,221.437,599.983
596.178,350.809,352.348
599.501,348.609,477.285
602.824,346.409,602.221
723.968,102.345,344.574
727.291,100.145,469.51
730.614,97.9451,594.447
722.546,227.317,346.812
725.87,225.117,471.749
729.193,222.917,596.685
721.125,352.289,349.051
724.449,350.089,473.987
727.772,347.889,598.924
475.67,101.093,473.887
473.919,104.161,598.837
472.168,107.228,723.787
472.466,226.014,470.775
470.715,229.081,595.725
468.963,232.148,720.676
469.262,350.934,467.664
467.51,354.001,592.614
465.759,357.069,717.564
600.617,104.34,475.559
598.866,107.408,600.509
597.114,110.475,725.459
597.413,229.26,472.447
595.661,232.328,597.397
593.91,235.395,722.347
594.208,354.181,469.336
592.457,357.248,594.286
590.705,360.315,719.236
725.564,107.587,477.23
723.812,110.654,602.18
722.061,113.722,727.13
722.359,232.507,474.119
720.608,235.574,599.069
718.856,238.642,724.019
719.155,357.427,471.007
717.403,360.495,595.957
715.652,363.562,720.907
475.41,100.807,600.064
472.94,101.412,725.038
470.47,102.017,850.012
478.256,225.774,599.515
475.786,226.379,724.489
473.315,226.983,849.463
481.102,350.74,598.967
478.631,351.345,723.941
476.161,351.95,848.915
600.353,97.9729,602.547
597.883,98.5779,727.521
595.413,99.1829,852.495
603.199,222.939,601.999
600.729,223.544,726.973
598.259,224.149,851.947
606.045,347.906,601.45
603.575,348.511,726.424
601.104,349.116,851.398
725.297,95.1387,605.031
722.826,95.7437,730.005
720.356,96.3487,854.979
728.142,220.105,604.482
725.672,220.71,729.456
723.202,221.315,854.43
730.988,345.071,603.933
728.518,345.676,728.907
726.048,346.281,853.881
475.762,224.618,100.192
478.348,226.428,225.152
480.933,228.238,350.112
476.84,349.6,98.3593
479.426,351.41,223.319
482.011,353.22,348.28
477.918,474.582,96.5269
480.504,476.392,221.487
483.09,478.202,346.447
600.73,223.503,97.6219
603.316,225.312,222.582
605.902,227.122,347.542
601.809,348.485,95.7896
604.394,350.294,220.75
606.98,352.104,345.71
602.887,473.466,93.9572
605.472,475.276,218.917
608.058,477.086,343.877
725.699,222.387,95.0522
728.285,224.197,220.012
730.87,226.006,344.973
726.777,347.369,93.2199
729.363,349.179,218.18
731.949,350.988,343.14
727.855,472.351,91.3875
730.441,474.16,216.348
733.027,475.97,341.308
475.004,223.351,225.161
474.592,226.239,350.127
474.18,229.127,475.093
473.535,348.309,222.269
473.123,351.197,347.234
472.711,354.085,472.2
472.067,473.267,219.376
471.654,476.155,344.342
471.242,479.043,469.308
599.995,224.829,225.54
599.583,227.717,350.505
599.171,230.605,475.471
598.526,349.787,222.647
598.114,352.675,347.613
597.702,355.563,472.579
597.057,474.745,219.754
596.645,477.633,344.72
596.233,480.521,469.686
724.986,226.307,225.918
724.573,229.195,350.884
724.161,232.083,475.85
723.517,351.265,223.025
723.105,354.153,347.991
722.692,357.041,472.957
722.048,476.223,220.132
721.636,479.111,345.098
721.224,481.999,470.064
476.764,223.898,351.083
479.725,222.74,476.043
482.685,221.581,601.002
479.791,348.857,352.17
482.751,347.698,477.13
485.712,346.539,602.089
482.817,473.816,353.257
485.778,472.657,478.217
488.739,471.498,603.176
601.692,220.898,348.095
604.653,219.739,473.055
607.614,218.581,598.014
604.719,345.857,349.182
607.68,344.698,474.142
610.64,343.539,599.101
607.746,470.815,350.269
610.706,469.657,475.229
613.667,468.498,600.188
726.62,217.898,345.107
729.581,216.739,470.067
732.542,215.581,595.026
729.647,342.857,346.194
732.608,341.698,471.154
735.569,340.539,596.113
732.674,467.815,347.281
735.635,466.657,472.241
738.596,465.498,597.2
476.631,224.992,476.172
477.886,228.737,601.11
479.142,232.481,726.047
474.308,349.915,472.452
475.563,353.66,597.389
476.818,357.404,722.327
471.985,474.838,468.731
473.24,478.583,593.668
474.495,482.327,718.606
601.603,227.277,474.848
602.859,231.021,599.786
604.114,234.766,724.724
599.28,352.2,471.128
600.535,355.944,596.065
601.79,359.689,721.003
596.957,477.123,467.407
598.212,480.867,592.344
599.467,484.612,717.282
726.576,229.561,473.524
727.831,233.306,598.462
729.086,237.05,723.4
724.252,354.484,469.804
725.507,358.229,594.741
726.763,361.973,719.679
721.929,479.407,466.083
723.184,483.152,591.021
724.439,486.896,715.958
474.275,226.398,598.848
473.274,228.388,723.828
472.273,230.378,848.808
477.358,351.345,596.883
476.357,353.335,721.863
475.356,355.325,846.843
480.441,476.292,594.918
479.44,478.281,719.899
478.439,480.271,844.879
599.233,223.332,599.897
598.232,225.322,724.878
597.231,227.312,849.858
602.316,348.278,597.933
601.315,350.268,722.913
600.314,352.258,847.893
605.399,473.225,595.968
604.398,475.215,720.948
603.397,477.205,845.928
724.191,220.265,600.947
723.19,222.255,725.927
722.189,224.245,850.908
727.274,345.212,598.983
726.273,347.202,723.963
725.272,349.192,848.943
730.357,470.158,597.018
729.356,472.148,721.998
728.355,474.138,846.978
473.867,351.36,101.112
473.452,349.594,226.099
473.038,347.829,351.086
470.834,476.31,102.867
470.419,474.545,227.854
470.004,472.78,352.841
467.8,601.261,104.622
467.386,599.496,229.609
466.971,597.73,354.596
598.83,354.387,101.57
598.415,352.621,226.557
598,350.856,351.544
595.796,479.338,103.325
595.381,477.572,228.312
594.967,475.807,353.298
592.763,604.289,105.08
592.348,602.523,230.066
591.933,600.758,355.053
723.792,357.414,102.027
723.377,355.649,227.014
722.963,353.883,352.001
720.759,482.365,103.782
720.344,480.6,228.769
719.929,478.834,353.756
717.725,607.316,105.537
717.311,605.55,230.524
716.896,603.785,355.511
474.135,350.452,225.664
471.575,353.433,350.603
469.015,356.413,475.541
475.304,475.412,222.707
472.744,478.392,347.646
470.184,481.373,472.584
476.474,600.371,219.75
473.914,603.352,344.688
471.353,606.332,469.627
599.104,349.344,228.252
596.543,352.325,353.19
593.983,355.305,478.128
600.273,474.304,225.294
597.713,477.284,350.233
595.153,480.265,475.171
601.442,599.263,222.337
598.882,602.244,347.276
596.322,605.224,472.214
724.072,348.236,230.839
721.512,351.217,355.777
718.952,354.197,480.715
725.241,473.196,227.882
722.681,476.176,352.82
720.121,479.157,477.758
726.41,598.155,224.924
723.85,601.136,349.863
721.29,604.116,474.801
476.944,349.386,351.298
473.418,349.099,476.248
469.891,348.812,601.198
479.758,474.353,351.664
476.231,474.067,476.614
472.705,473.78,601.564
482.572,599.321,352.03
479.045,599.035,476.98
475.519,598.748,601.93
601.863,346.563,354.817
598.336,346.276,479.767
594.81,345.989,604.717
604.676,471.531,355.183
601.15,471.244,480.133
597.624,470.957,605.083
607.49,596.498,355.549
603.964,596.212,480.499
600.437,595.925,605.449
726.781,343.74,358.336
723.255,343.453,483.286
719.729,343.167,608.236
729.595,468.708,358.702
726.069,468.421,483.652
722.542,468.134,608.602
732.409,593.676,359.068
728.882,593.389,484.018
725.356,593.102,608.968
473.969,349.811,475.483
477.521,350.763,600.429
481.073,351.715,725.375
474.814,474.804,474.507
478.366,475.756,599.453
481.918,476.708,724.398
475.659,599.798,473.53
479.211,600.749,598.476
482.762,601.701,723.422
598.916,348.939,471.938
602.468,349.89,596.884
606.019,350.842,721.83
599.761,473.932,470.962
603.313,474.884,595.907
606.864,475.836,720.853
600.606,598.925,469.985
604.157,599.877,594.931
607.709,600.829,719.877
723.863,348.066,468.393
727.414,349.018,593.339
730.966,349.97,718.285
724.708,473.06,467.417
728.259,474.012,592.362
731.811,474.963,717.308
725.552,598.053,466.44
729.104,599.005,591.386
732.656,599.957,716.332
475.341,349.854,598.86
477.934,346.717,723.794
480.527,343.579,848.728
471.982,474.767,602.066
474.574,471.63,727
477.167,468.493,851.934
468.622,599.681,605.273
471.215,596.544,730.207
473.808,593.407,855.14
600.269,353.278,596.354
602.862,350.141,721.287
605.455,347.004,846.221
596.91,478.192,599.56
599.502,475.054,724.494
602.095,471.917,849.427
593.55,603.105,602.766
596.143,599.968,727.7
598.736,596.831,852.634
725.197,356.702,593.847
727.79,353.565,718.781
730.383,350.428,843.714
721.838,481.616,597.053
724.43,478.479,721.987
727.023,475.342,846.921
718.478,606.529,600.26
721.071,603.392,725.193
723.664,600.255,850.127
474.766,476.827,100.758
471.61,477.876,225.714
468.453,478.925,350.67
471.808,601.787,99.6344
468.651,602.836,224.59
465.495,603.885,349.546
468.849,726.747,98.5108
465.693,727.796,223.467
462.536,728.845,348.422
599.691,479.813,103.889
596.535,480.862,228.845
593.378,481.911,353.8
596.733,604.773,102.765
593.576,605.822,227.721
590.42,606.871,352.677
593.775,729.733,101.642
590.618,730.782,226.597
587.461,731.83,351.553
724.617,482.799,107.02
721.46,483.847,231.975
718.303,484.896,356.931
721.658,607.758,105.896
718.502,608.807,230.852
715.345,609.856,355.807
718.7,732.718,104.772
715.543,733.767,229.728
712.387,734.816,354.684
473.598,473.307,224.847
470.694,471.087,349.793
467.79,468.866,474.74
474.407,598.284,227.087
471.503,596.064,352.033
468.599,593.844,476.98
475.216,723.262,229.326
472.312,721.041,354.273
469.408,718.821,479.219
598.562,472.447,227.736
595.658,470.226,352.683
592.754,468.006,477.629
599.371,597.424,229.976
596.467,595.203,354.922
593.563,592.983,479.869
600.18,722.401,232.216
597.276,720.181,357.162
594.372,717.96,482.109
723.525,471.586,230.625
720.621,469.365,355.572
717.717,467.145,480.518
724.334,596.563,232.865
721.43,594.343,357.812
718.526,592.122,482.758
725.143,721.54,235.105
722.239,719.32,360.051
719.335,717.1,484.998
473.915,474.317,350.288
474.804,474.491,475.284
475.692,474.665,600.281
476.816,599.283,350.093
477.704,599.457,475.09
478.593,599.631,600.086
479.716,724.249,349.898
480.605,724.423,474.895
481.494,724.598,599.891
598.878,471.414,349.403
599.767,471.589,474.4
600.655,471.763,599.397
601.779,596.381,349.208
602.667,596.555,474.205
603.556,596.729,599.202
604.68,721.347,349.014
605.568,721.521,474.01
606.457,721.695,599.007
723.841,468.512,348.519
724.73,468.687,473.516
725.619,468.861,598.513
726.742,593.479,348.324
727.631,593.653,473.321
728.519,593.827,598.318
729.643,718.445,348.129
730.531,718.619,473.126
731.42,718.793,598.123
475.844,476.708,474.744
475.355,475.128,599.733
474.867,473.549,724.722
472.968,601.665,476.312
472.479,600.085,601.301
471.99,598.506,726.29
470.092,726.622,477.879
469.603,725.042,602.869
469.114,723.463,727.858
600.81,479.578,475.269
600.321,477.998,600.258
599.832,476.419,725.247
597.934,604.535,476.837
597.445,602.955,601.826
596.956,601.376,726.815
595.058,729.492,478.404
594.569,727.912,603.393
594.08,726.333,728.383
725.776,482.447,475.794
725.287,480.868,600.783
724.798,479.288,725.772
722.9,607.404,477.362
722.411,605.825,602.351
721.922,604.245,727.34
720.024,732.361,478.929
719.535,730.782,603.918
719.046,729.202,728.908
473.473,475.842,598.826
470.97,476.321,723.8
468.467,476.799,848.774
474.34,600.838,598.364
471.837,601.317,723.338
469.334,601.796,848.312
475.207,725.834,597.903
472.704,726.313,722.877
470.2,726.792,847.851
598.445,474.984,601.332
595.942,475.463,726.306
593.439,475.942,851.28
599.312,599.981,600.871
596.809,600.459,725.845
594.305,600.938,850.819
600.178,724.977,600.409
597.675,725.455,725.383
595.172,725.934,850.357
723.417,474.127,603.838
720.914,474.606,728.812
718.41,475.084,853.786
724.283,599.123,603.377
721.78,599.602,728.351
719.277,600.081,853.325
725.15,724.119,602.915
722.647,724.598,727.889
720.144,725.077,852.863
476.694,599.223,100.869
475.134,598.275,225.856
473.574,597.326,350.842
474.575,724.202,101.791
473.015,723.253,226.778
471.455,722.305,351.764
472.456,849.181,102.713
470.896,848.232,227.7
469.336,847.283,352.687
601.667,601.331,102.445
600.107,600.382,227.431
598.547,599.434,352.418
599.547,726.31,103.367
597.987,725.361,228.354
596.427,724.412,353.34
597.428,851.288,104.289
595.868,850.34,229.276
594.308,849.391,354.262
726.639,603.439,104.021
725.079,602.49,229.007
723.519,601.542,353.994
724.52,728.417,104.943
722.96,727.469,229.929
721.4,726.52,354.916
722.4,853.396,105.865
720.84,852.447,230.851
719.28,851.499,355.838
473.267,599.817,225.515
471.357,597.872,350.485
469.447,595.927,475.456
471.407,724.789,227.432
469.497,722.844,352.402
467.587,720.898,477.372
469.547,849.76,229.349
467.637,847.815,354.319
465.727,845.87,479.289
598.238,601.648,227.453
596.328,599.702,352.424
594.418,597.757,477.394
596.378,726.619,229.37
594.468,724.674,354.341
592.558,722.729,479.311
594.518,851.591,231.287
592.608,849.645,356.258
590.698,847.7,481.228
723.21,603.478,229.392
721.3,601.533,354.362
719.39,599.587,479.333
721.35,728.449,231.309
719.44,726.504,356.279
717.53,724.559,481.249
719.49,853.421,233.226
717.58,851.476,358.196
715.67,849.53,483.166
476.299,601.734,350.941
474.136,601.176,475.921
471.973,600.617,600.901
472.781,726.684,351.439
470.619,726.125,476.419
468.456,725.567,601.399
469.264,851.634,351.936
467.102,851.075,476.916
464.939,850.516,601.896
601.23,605.242,353.119
599.068,604.684,478.099
596.905,604.125,603.079
597.713,730.192,353.616
595.551,729.633,478.596
593.388,729.075,603.576
594.196,855.142,354.114
592.033,854.583,479.094
589.871,854.024,604.074
726.162,608.75,355.296
723.999,608.192,480.276
721.837,607.633,605.256
722.645,733.7,355.794
720.482,733.141,480.774
718.32,732.583,605.754
719.128,858.65,356.291
716.965,858.091,481.271
714.802,857.532,606.252
475.365,601.592,474.825
475.361,603.983,599.802
475.357,606.374,724.779
473.34,726.553,472.434
473.336,728.944,597.411
473.332,731.335,722.388
471.315,851.513,470.043
471.311,853.904,595.02
471.307,856.296,719.997
600.348,603.616,474.79
600.344,606.008,599.767
600.34,608.399,724.744
598.323,728.577,472.399
598.319,730.968,597.376
598.315,733.359,722.353
596.298,853.538,470.008
596.294,855.929,594.985
596.29,858.32,719.963
725.332,605.641,474.755
725.328,608.032,599.732
725.324,610.423,724.709
723.307,730.602,472.364
723.303,732.993,597.341
723.299,735.384,722.319
721.282,855.563,469.973
721.278,857.954,594.951
721.274,860.345,719.928
473.223,601.405,599.468
474.055,604.397,724.429
474.887,607.389,849.391
472.534,726.368,596.481
473.365,729.36,721.442
474.197,732.352,846.403
471.844,851.33,593.493
472.676,854.322,718.455
473.508,857.314,843.416
598.219,602.075,598.62
599.05,605.067,723.581
599.882,608.059,848.543
597.529,727.037,595.632
598.361,730.029,720.594
599.193,733.021,845.555
596.839,852,592.645
597.671,854.992,717.607
598.503,857.984,842.568
723.214,602.745,597.772
724.046,605.737,722.733
724.878,608.728,847.694
722.524,727.707,594.784
723.356,730.699,719.746
724.188,733.691,844.707
721.834,852.67,591.797
722.666,855.661,716.758
723.498,858.653,841.72
599.976,98.9087,98.0352
602.824,101.454,222.977
605.672,103.999,347.918
599.521,223.882,95.4998
602.369,226.427,220.441
605.218,228.972,345.383
599.066,348.856,92.9644
601.915,351.401,217.906
604.763,353.946,342.848
724.943,99.3055,95.1783
727.791,101.851,220.12
730.639,104.396,345.062
724.488,224.279,92.643
727.336,226.824,217.585
730.184,229.369,342.526
724.033,349.252,90.1076
726.881,351.798,215.049
729.73,354.343,339.991
849.909,99.7024,92.3215
852.758,102.247,217.263
855.606,104.793,342.205
849.455,224.676,89.7861
852.303,227.221,214.728
855.151,229.766,339.669
849,349.649,87.2507
851.848,352.194,212.192
854.696,354.739,337.134
599.633,100.388,226.514
602.133,97.3889,351.453
604.633,94.3902,476.392
601.82,225.333,229.469
604.32,222.335,354.408
606.82,219.336,479.347
604.007,350.279,232.424
606.507,347.281,357.363
609.007,344.282,482.302
724.589,98.2608,223.962
727.089,95.2621,348.901
729.589,92.2634,473.84
726.776,223.207,226.917
729.276,220.208,351.856
731.776,217.209,476.795
728.963,348.153,229.872
731.463,345.154,354.811
733.963,342.155,479.75
849.545,96.134,221.41
852.045,93.1353,346.349
854.545,90.1367,471.288
851.732,221.08,224.365
854.232,218.081,349.304
856.732,215.083,474.243
853.918,346.026,227.32
856.419,343.027,352.259
858.919,340.029,477.198
599.082,98.8549,351.085
602.097,99.8396,476.045
605.111,100.824,601.004
600.98,223.836,350.054
603.994,224.821,475.014
607.008,225.806,599.974
602.877,348.818,349.023
605.891,349.802,473.983
608.905,350.787,598.943
724.032,96.9335,348.086
727.046,97.9182,473.046
730.06,98.9029,598.005
725.929,221.915,347.055
728.943,222.9,472.015
731.957,223.884,596.975
727.826,346.896,346.025
730.84,347.881,470.984
733.855,348.866,595.944
848.981,95.0122,345.087
851.995,95.9969,470.047
855.01,96.9816,595.006
850.878,219.994,344.056
853.892,220.978,469.016
856.907,221.963,593.976
852.775,344.975,343.026
855.789,345.96,467.985
858.804,346.944,592.945
600.156,100.07,475.105
601.582,97.0313,600.06
603.009,93.9931,725.015
601.282,225.028,478.131
602.709,221.99,603.086
604.135,218.951,728.04
602.409,349.986,481.156
603.835,346.948,606.111
605.261,343.91,731.066
725.143,98.978,473.652
726.569,95.9398,598.607
727.995,92.9016,723.562
726.269,223.936,476.677
727.695,220.898,601.632
729.122,217.86,726.587
727.395,348.895,479.703
728.822,345.856,604.658
730.248,342.818,729.613
850.129,97.8865,472.199
851.556,94.8483,597.154
852.982,91.8101,722.109
851.256,222.845,475.224
852.682,219.807,600.179
854.109,216.768,725.134
852.382,347.803,478.249
853.809,344.765,603.204
855.235,341.727,728.159
600.848,98.6487,601.17
601.82,96.7855,726.153
602.791,94.9224,851.135
603.432,223.608,603.013
604.403,221.745,727.995
605.375,219.882,852.978
606.016,348.568,604.856
606.987,346.705,729.838
607.958,344.842,854.821
725.818,96.0796,600.161
726.789,94.2164,725.143
727.76,92.3533,850.126
728.402,221.039,602.004
729.373,219.176,726.986
730.344,217.313,851.968
730.986,345.999,603.846
731.957,344.136,728.829
732.928,342.273,853.811
850.787,93.5105,599.152
851.759,91.6474,724.134
852.73,89.7842,849.116
853.371,218.47,600.994
854.342,216.607,725.977
855.314,214.744,850.959
855.955,343.43,602.837
856.926,341.567,727.819
857.897,339.704,852.802
598.292,225.383,98.936
600.925,221.881,223.859
603.557,218.378,348.782
597.085,350.328,102.465
599.717,346.825,227.388
602.35,343.322,352.311
595.877,475.272,105.993
598.51,471.769,230.917
601.142,468.267,355.84
723.259,226.664,96.3385
725.891,223.162,221.262
728.524,219.659,346.185
722.051,351.609,99.8672
724.684,348.106,224.79
727.316,344.603,349.714
720.843,476.553,103.396
723.476,473.051,228.319
726.108,469.548,353.242
848.225,227.946,93.741
850.858,224.443,218.664
853.49,220.94,343.587
847.018,352.89,97.2697
849.65,349.387,222.193
852.283,345.885,347.116
845.81,477.834,100.798
848.442,474.332,225.722
851.075,470.829,350.645
601.193,223.409,224.508
604.668,225.784,349.437
608.143,228.16,474.366
600.679,348.385,222.146
604.154,350.761,347.075
607.629,353.136,472.004
600.165,473.362,219.784
603.64,475.738,344.713
607.115,478.113,469.642
726.143,223.857,221.024
729.619,226.232,345.953
733.094,228.608,470.882
725.629,348.834,218.661
729.105,351.209,343.591
732.58,353.585,468.52
725.115,473.81,216.299
728.591,476.186,341.228
732.066,478.561,466.158
851.094,224.305,217.539
854.569,226.68,342.468
858.045,229.056,467.397
850.58,349.282,215.177
854.055,351.657,340.106
857.531,354.033,465.035
850.066,474.258,212.815
853.541,476.634,337.744
857.017,479.009,462.673
600.653,223.06,348.81
601.761,224.445,473.798
602.868,225.829,598.785
603.099,348.028,347.404
604.206,349.413,472.391
605.314,350.798,597.379
605.544,472.996,345.998
606.652,474.381,470.985
607.76,475.766,595.972
725.624,220.602,347.73
726.732,221.987,472.717
727.84,223.371,597.705
728.07,345.57,346.324
729.178,346.955,471.311
730.285,348.34,596.298
730.516,470.538,344.917
731.623,471.923,469.905
732.731,473.308,594.892
850.595,218.144,346.649
851.703,219.529,471.637
852.811,220.913,596.624
853.041,343.112,345.243
854.149,344.497,470.231
855.257,345.882,595.218
855.487,468.08,343.837
856.595,469.465,468.824
857.702,470.85,593.812
598.218,224.379,475.271
597.255,220.817,600.216
596.292,217.255,725.162
595.324,349.295,478.81
594.362,345.733,603.755
593.399,342.171,728.701
592.431,474.212,482.348
591.469,470.65,607.294
590.506,467.088,732.239
723.181,227.244,476.315
722.218,223.682,601.261
721.255,220.12,726.206
720.287,352.16,479.854
719.325,348.598,604.8
718.362,345.036,729.745
717.394,477.076,483.393
716.431,473.514,608.338
715.469,469.952,733.284
848.143,230.108,477.36
847.181,226.546,602.305
846.218,222.984,727.251
845.25,355.025,480.898
844.287,351.463,605.844
843.325,347.901,730.79
842.357,479.941,484.437
841.394,476.379,609.383
840.431,472.817,734.328
600.233,226.117,598.718
601.47,222.467,723.658
602.707,218.817,848.599
598.495,351.051,602.384
599.732,347.401,727.325
600.968,343.751,852.265
596.757,475.985,606.051
597.993,472.335,730.992
599.23,468.685,855.932
725.215,227.89,597.532
726.452,224.241,722.473
727.688,220.591,847.413
723.477,352.824,601.199
724.713,349.175,726.139
725.95,345.525,851.08
721.738,477.758,604.866
722.975,474.109,729.806
724.212,470.459,854.747
850.197,229.664,596.347
851.433,226.014,721.287
852.67,222.365,846.228
848.458,354.598,600.013
849.695,350.948,724.954
850.932,347.299,849.895
846.72,479.532,603.68
847.957,475.883,728.621
849.194,472.233,853.561
598.591,349.68,100.798
599.018,349.763,225.797
599.445,349.846,350.797
600.053,474.671,100.71
600.48,474.754,225.71
600.907,474.837,350.709
601.515,599.663,100.622
601.942,599.746,225.622
602.369,599.829,350.621
723.582,348.217,100.372
724.009,348.3,225.372
724.436,348.383,350.371
725.044,473.209,100.284
725.471,473.292,225.284
725.898,473.375,350.283
726.506,598.2,100.196
726.933,598.283,225.196
727.36,598.366,350.195
848.572,346.755,99.9463
848.999,346.838,224.946
849.426,346.921,349.945
850.035,471.746,99.8584
850.462,471.829,224.858
850.888,471.912,349.857
851.497,596.738,99.7705
851.924,596.821,224.77
852.351,596.904,349.769
601.936,349.547,223.124
604.07,346.217,348.062
606.204,342.886,472.999
602.972,474.499,226.437
605.106,471.169,351.375
607.24,467.838,476.312
604.008,599.451,229.75
606.142,596.12,354.688
608.276,592.79,479.625
726.914,348.568,220.964
729.048,345.238,345.901
731.182,341.908,470.839
727.95,473.52,224.277
730.084,470.19,349.214
732.217,466.86,474.152
728.985,598.472,227.59
731.119,595.142,352.527
733.253,591.811,477.465
851.891,347.59,218.803
854.025,344.259,343.74
856.159,340.929,468.678
852.927,472.541,222.116
855.061,469.211,347.053
857.195,465.881,471.991
853.963,597.493,225.429
856.097,594.163,350.366
858.231,590.833,475.304
601.672,350.547,348.948
603.534,349.964,473.933
605.396,349.38,598.918
600.055,475.535,349.555
601.917,474.952,474.54
603.779,474.369,599.525
598.438,600.523,350.163
600.3,599.94,475.147
602.162,599.357,600.132
726.648,352.173,347.094
728.51,351.59,472.079
730.372,351.006,597.064
725.031,477.161,347.701
726.893,476.578,472.686
728.754,475.995,597.671
723.414,602.149,348.308
725.276,601.566,473.293
727.137,600.983,598.278
851.624,353.799,345.24
853.485,353.216,470.225
855.347,352.632,595.209
850.007,478.787,345.847
851.868,478.204,470.832
853.73,477.62,595.817
848.389,603.775,346.454
850.251,603.192,471.439
852.113,602.609,596.424
601.333,349.587,473.847
602.045,349.845,598.844
602.757,350.103,723.842
601.846,474.585,473.586
602.558,474.843,598.584
603.27,475.101,723.581
602.359,599.584,473.325
603.071,599.842,598.323
603.783,600.1,723.32
726.33,349.072,473.136
727.042,349.33,598.134
727.754,349.588,723.131
726.843,474.071,472.875
727.555,474.329,597.873
728.267,474.587,722.87
727.356,599.07,472.614
728.068,599.328,597.612
728.78,599.586,722.61
851.327,348.558,472.425
852.039,348.816,597.423
852.751,349.074,722.42
851.84,473.557,472.164
852.552,473.815,597.162
853.264,474.072,722.16
852.353,598.555,471.903
853.065,598.813,596.901
853.777,599.071,721.899
600.53,349.562,599.347
596.921,351.911,724.273
593.312,354.26,849.199
600.235,474.54,596.989
596.625,476.888,721.915
593.016,479.237,846.841
599.939,599.517,594.631
596.33,601.866,719.557
592.721,604.214,844.483
725.478,349.926,602.951
721.869,352.275,727.876
718.259,354.623,852.802
725.182,474.903,600.592
721.573,477.252,725.518
717.964,479.601,850.444
724.887,599.881,598.234
721.277,602.229,723.16
717.668,604.578,848.086
850.425,350.289,606.554
846.816,352.638,731.479
843.207,354.987,856.405
850.13,475.267,604.196
846.52,477.615,729.121
842.911,479.964,854.047
849.834,600.244,601.837
846.225,602.593,726.763
842.616,604.941,851.689
601.67,473.024,98.0427
601.303,469.67,222.997
600.936,466.315,347.952
599.92,597.967,101.392
599.553,594.612,226.346
599.186,591.258,351.301
598.17,722.91,104.741
597.803,719.555,229.695
597.436,716.201,354.649
726.657,474.764,98.4568
726.29,471.409,223.411
725.923,468.055,348.366
724.907,599.706,101.806
724.54,596.352,226.76
724.173,592.998,351.715
723.157,724.649,105.155
722.79,721.295,230.109
722.423,717.94,355.064
851.645,476.503,98.8708
851.277,473.149,223.825
850.91,469.794,348.78
849.895,601.446,102.22
849.527,598.092,227.174
849.16,594.737,352.129
848.145,726.389,105.569
847.777,723.034,230.523
847.41,719.68,355.478
599.312,473.419,224.319
602.599,471.559,349.262
605.886,469.699,474.205
602.33,598.37,226.1
605.617,596.51,351.043
608.904,594.65,475.986
605.348,723.321,227.881
608.635,721.461,352.824
611.922,719.6,477.767
724.232,470.449,220.988
727.519,468.589,345.931
730.806,466.729,470.874
727.25,595.4,222.769
730.537,593.54,347.712
733.824,591.68,472.655
730.269,720.351,224.55
733.556,718.491,349.493
736.843,716.63,474.436
849.152,467.479,217.658
852.439,465.619,342.601
855.726,463.759,467.543
852.171,592.43,219.438
855.458,590.57,344.381
858.745,588.709,469.324
855.189,717.381,221.219
858.476,715.52,346.162
861.763,713.66,471.105
600.271,475.042,350.226
603.824,476.35,475.169
607.376,477.658,600.111
602.128,600.021,348.865
605.681,601.329,473.807
609.233,602.637,598.75
603.985,724.999,347.503
607.537,726.307,472.446
611.09,727.616,597.389
725.207,473.147,346.694
728.759,474.455,471.636
732.312,475.763,596.579
727.064,598.126,345.332
730.616,599.434,470.275
734.169,600.742,595.218
728.921,723.105,343.971
732.473,724.413,468.914
736.026,725.721,593.857
850.143,471.252,343.161
853.695,472.56,468.104
857.247,473.868,593.047
852,596.231,341.8
855.552,597.539,466.743
859.104,598.847,591.686
853.857,721.21,340.439
857.409,722.518,465.382
860.961,723.826,590.324
598.909,474.559,473.719
595.659,475.439,598.673
592.408,476.319,723.628
602.314,599.51,472.927
599.063,600.39,597.882
595.813,601.27,722.837
605.719,724.461,472.136
602.468,725.341,597.091
599.217,726.221,722.046
723.821,471.176,476.992
720.57,472.056,601.947
717.319,472.936,726.901
727.225,596.127,476.201
723.975,597.007,601.155
720.724,597.887,726.11
730.63,721.078,475.41
727.379,721.958,600.364
724.129,722.838,725.319
848.732,467.793,480.265
845.481,468.673,605.22
842.23,469.553,730.175
852.137,592.744,479.474
848.886,593.624,604.429
845.635,594.504,729.383
855.541,717.695,478.683
852.291,718.575,603.638
849.04,719.455,728.592
601.179,475.765,598.126
600.641,474.334,723.116
600.102,472.904,848.107
599.331,600.743,599.548
598.793,599.313,724.539
598.254,597.882,849.529
597.483,725.721,600.97
596.945,724.291,725.961
596.406,722.86,850.952
726.164,477.607,598.685
725.626,476.176,723.675
725.088,474.746,848.666
724.316,602.585,600.107
723.778,601.154,725.098
723.24,599.724,850.089
722.468,727.563,601.53
721.93,726.133,726.52
721.392,724.702,851.511
851.149,479.448,599.244
850.611,478.018,724.235
850.073,476.587,849.225
849.301,604.427,600.667
848.763,602.996,725.657
848.225,601.566,850.648
847.453,729.405,602.089
846.915,727.974,727.08
846.377,726.544,852.07
598.711,598.825,98.3387
600.213,595.285,223.28
601.715,591.745,348.22
595.091,723.721,101.921
596.592,720.181,226.862
598.094,716.641,351.803
591.47,848.618,105.503
592.971,845.078,230.444
594.473,841.538,355.385
723.65,602.488,96.941
725.152,598.948,221.882
726.653,595.407,346.823
720.029,727.384,100.523
721.531,723.844,225.464
723.032,720.304,350.405
716.408,852.28,104.106
717.91,848.74,229.046
719.411,845.2,353.987
848.589,606.15,95.5432
850.09,602.61,220.484
851.592,599.07,345.425
844.968,731.046,99.1255
846.469,727.506,224.066
847.971,723.966,349.007
841.347,855.942,102.708
842.848,852.402,227.649
844.35,848.862,352.589
598.429,600.091,223.959
599.642,602.665,348.927
600.855,605.239,473.894
601.32,725.03,221.358
602.533,727.604,346.325
603.746,730.178,471.293
604.212,849.97,218.756
605.424,852.544,343.724
606.637,855.118,468.691
723.39,597.175,222.806
724.603,599.749,347.774
725.815,602.323,472.742
726.281,722.115,220.205
727.494,724.689,345.173
728.706,727.263,470.14
729.172,847.054,217.603
730.385,849.628,342.571
731.598,852.202,467.539
848.351,594.259,221.654
849.563,596.833,346.622
850.776,599.407,471.589
851.242,719.199,219.052
852.454,721.773,344.02
853.667,724.347,468.988
854.133,844.138,216.451
855.346,846.712,341.419
856.558,849.286,466.386
601.196,600.892,350.047
602.575,602.647,475.027
603.955,604.403,600.007
602.974,725.866,348.272
604.354,727.622,473.252
605.734,729.378,598.232
604.752,850.841,346.497
606.132,852.597,471.477
607.512,854.352,596.457
726.175,599.094,348.693
727.555,600.85,473.673
728.935,602.605,598.653
727.954,724.069,346.917
729.334,725.824,471.897
730.713,727.58,596.877
729.732,849.044,345.142
731.112,850.799,470.122
732.492,852.555,595.102
851.155,597.296,347.338
852.535,599.052,472.318
853.915,600.808,597.298
852.933,722.271,345.563
854.313,724.027,470.543
855.693,725.782,595.523
854.712,847.246,343.787
856.092,849.002,468.767
857.471,850.757,593.747
601.072,599.852,473.3
602.276,602.847,598.258
603.481,605.842,723.217
600.243,724.814,470.313
601.447,727.809,595.271
602.651,730.804,720.229
599.413,849.775,467.326
600.618,852.77,592.284
601.822,855.765,717.242
726.063,600.652,472.076
727.268,603.647,597.034
728.472,606.642,721.993
725.234,725.614,469.089
726.438,728.609,594.047
727.643,731.604,719.006
724.405,850.576,466.102
725.609,853.571,591.06
726.813,856.566,716.019
851.055,601.453,470.852
852.259,604.448,595.811
853.464,607.443,720.769
850.226,726.414,467.865
851.43,729.409,592.824
852.634,732.404,717.782
849.396,851.376,464.878
850.601,854.371,589.836
851.805,857.366,714.795
601.188,600.605,598.06
601.468,598.073,723.034
601.747,595.542,848.008
604.911,725.524,600.583
605.19,722.993,725.557
605.47,720.461,850.531
608.634,850.443,603.105
608.913,847.912,728.079
609.193,845.38,853.053
726.132,596.889,597.706
726.412,594.357,722.68
726.691,591.825,847.654
729.855,721.808,600.228
730.135,719.276,725.202
730.414,716.744,850.176
733.578,846.727,602.75
733.858,844.195,727.724
734.137,841.663,852.698
851.077,593.172,597.351
851.356,590.641,722.325
851.636,588.109,847.299
854.799,718.091,599.873
855.079,715.56,724.847
855.359,713.028,849.821
858.522,843.011,602.395
858.802,840.479,727.369
859.081,837.947,852.344
