27,125,pa2-debug-f-output1.txt
194.216,191.835,189.281
400.735,395.115,196.275
101.029,101.018,100.245
98.8531,99.9648,225.222
96.6772,98.9116,350.198
102.425,226.005,101.323
100.249,224.952,226.299
98.0733,223.899,351.276
103.821,350.993,102.4
101.645,349.94,227.377
99.4694,348.887,352.354
226.002,99.6033,102.409
223.826,98.5502,227.386
221.65,97.497,352.362
227.398,224.591,103.487
225.222,223.538,228.463
223.047,222.485,353.44
228.794,349.578,104.564
226.619,348.525,229.541
224.443,347.472,354.517
350.975,98.1887,104.573
348.8,97.1356,229.55
346.624,96.0824,354.526
352.372,223.176,105.65
350.196,222.123,230.627
348.02,221.07,355.604
353.768,348.164,106.728
351.592,347.111,231.705
349.416,346.058,356.681
101.098,101.839,223.712
100.396,99.8511,348.694
99.6928,97.8632,473.676
100.672,226.822,225.697
99.969,224.835,350.68
99.2662,222.847,475.662
100.245,351.806,227.683
99.5424,349.818,352.665
98.8397,347.83,477.647
226.096,102.254,224.421
225.393,100.266,349.404
224.69,98.2786,474.386
225.669,227.238,226.407
224.966,225.25,351.389
224.264,223.262,476.371
225.242,352.221,228.392
224.54,350.233,353.374
223.837,348.246,478.357
351.093,102.67,225.131
350.39,100.682,350.113
349.687,98.6939,475.095
350.666,227.653,227.116
349.964,225.665,352.099
349.261,223.677,477.081
350.24,352.637,229.102
349.537,350.649,354.084
348.834,348.661,479.066
99.8811,101.18,349.717
103.159,104.284,474.636
106.437,107.388,599.554
96.6358,226.102,346.699
99.9135,229.205,471.617
103.191,232.309,596.536
93.3905,351.023,343.68
96.6682,354.127,468.598
99.9459,357.231,593.517
224.796,104.344,346.361
228.074,107.448,471.28
231.351,110.552,596.198
221.551,229.266,343.342
224.828,232.369,468.261
228.106,235.473,593.179
218.305,354.187,340.324
221.583,357.291,465.242
224.861,360.395,590.161
349.711,107.508,343.005
352.989,110.612,467.923
356.266,113.716,592.842
346.466,232.43,339.986
349.743,235.533,464.905
353.021,238.637,589.823
343.22,357.351,336.968
346.498,360.455,461.886
349.776,363.559,586.804
99.2374,98.0912,473.518
102.911,98.2108,598.464
106.584,98.3303,723.409
96.3842,223.059,473.482
100.057,223.178,598.428
103.73,223.298,723.374
93.5309,348.026,473.446
97.2041,348.146,598.392
100.877,348.265,723.338
224.151,100.942,469.843
227.824,101.062,594.789
231.497,101.181,719.735
221.298,225.91,469.807
224.971,226.029,594.753
228.644,226.149,719.699
218.444,350.877,469.771
222.118,350.997,594.717
225.791,351.116,719.663
349.064,103.793,466.168
352.737,103.913,591.114
356.411,104.032,716.06
346.211,228.761,466.132
349.884,228.88,591.078
353.557,229,716.024
343.358,353.728,466.096
347.031,353.848,591.042
350.704,353.967,715.988
100.039,98.7564,599.982
103.008,102.375,724.894
105.978,105.993,849.806
102.593,223.676,596.302
105.562,227.294,721.215
108.531,230.913,846.127
105.147,348.596,592.623
108.116,352.214,717.536
111.085,355.832,842.448
224.978,96.1171,597.088
227.947,99.7353,722.001
230.916,103.354,846.913
227.532,221.037,593.409
230.501,224.655,718.322
233.47,228.273,843.234
230.085,345.957,589.73
233.054,349.575,714.642
236.023,353.193,839.555
349.917,93.4779,594.195
352.886,97.0961,719.107
355.855,100.714,844.02
352.47,218.398,590.516
355.439,222.016,715.428
358.408,225.634,840.341
355.024,343.317,586.837
357.993,346.936,711.749
360.962,350.554,836.661
101.946,224.573,101.939
99.8415,225.644,226.916
97.7373,226.714,351.894
98.2422,349.513,100.806
96.138,350.584,225.784
94.0339,351.654,350.762
94.5387,474.453,99.674
92.4345,475.524,224.652
90.3304,476.594,349.629
226.873,228.295,104.01
224.769,229.365,228.988
222.665,230.436,353.966
223.17,353.235,102.878
221.065,354.305,227.856
218.961,355.376,352.833
219.466,478.175,101.745
217.362,479.245,226.723
215.258,480.316,351.701
351.8,232.017,106.082
349.696,233.087,231.059
347.592,234.158,356.037
348.097,356.957,104.949
345.993,358.027,229.927
343.889,359.098,354.905
344.394,481.897,103.817
342.289,482.967,228.795
340.185,484.038,353.772
99.1457,225.597,225.13
100.245,225.117,350.124
101.345,224.637,475.118
100.44,350.59,225.599
101.539,350.109,350.593
102.639,349.629,475.587
101.734,475.582,226.068
102.833,475.102,351.062
103.933,474.621,476.056
224.134,224.308,224.025
225.234,223.827,349.019
226.334,223.347,474.014
225.428,349.3,224.494
226.528,348.82,349.488
227.627,348.339,474.483
226.722,474.293,224.963
227.822,473.812,349.957
228.921,473.332,474.952
349.123,223.018,222.921
350.222,222.538,347.915
351.322,222.057,472.909
350.417,348.01,223.39
351.516,347.53,348.384
352.616,347.05,473.378
351.71,473.003,223.859
352.81,472.522,348.853
353.91,472.042,473.847
99.4478,226.41,349.064
99.3148,222.939,474.016
99.1819,219.467,598.968
100.49,351.358,352.537
100.357,347.886,477.489
100.224,344.414,602.441
101.533,476.305,356.01
101.4,472.833,480.962
101.267,469.362,605.913
224.443,225.364,349.168
224.31,221.893,474.12
224.177,218.421,599.072
225.486,350.312,352.641
225.353,346.84,477.593
225.22,343.368,602.545
226.528,475.259,356.114
226.395,471.788,481.065
226.262,468.316,606.017
349.439,224.319,349.272
349.306,220.847,474.224
349.173,217.375,599.176
350.481,349.266,352.745
350.348,345.794,477.697
350.215,342.323,602.648
351.524,474.213,356.218
351.391,470.742,481.169
351.258,467.27,606.121
100.862,226.223,476.94
103.92,229.433,601.861
106.979,232.642,726.782
101.534,351.179,473.712
104.592,354.389,598.634
107.651,357.599,723.555
102.206,476.136,470.485
105.264,479.346,595.407
108.323,482.555,720.328
225.822,225.472,473.899
228.881,228.682,598.821
231.939,231.892,723.742
226.495,350.429,470.672
229.553,353.638,595.594
232.612,356.848,720.515
227.167,475.385,467.445
230.225,478.595,592.366
233.284,481.805,717.288
350.783,224.722,470.859
353.842,227.931,595.781
356.9,231.141,720.702
351.455,349.678,467.632
354.514,352.888,592.553
357.572,356.098,717.475
352.127,474.635,464.405
355.186,477.844,589.326
358.244,481.054,714.248
98.5033,224.845,598.013
100.913,222.319,722.964
103.323,219.793,847.915
98.905,349.819,600.532
101.315,347.293,725.483
103.724,344.767,850.434
99.3067,474.793,603.05
101.716,472.267,728.002
104.126,469.741,852.953
223.479,224.492,595.596
225.889,221.966,720.547
228.299,219.44,845.498
223.881,349.466,598.114
226.291,346.94,723.066
228.7,344.414,848.017
224.283,474.44,600.633
226.692,471.914,725.584
229.102,469.388,850.536
348.456,224.139,593.178
350.865,221.613,718.13
353.275,219.087,843.081
348.857,349.113,595.697
351.267,346.587,720.648
353.676,344.061,845.6
349.259,474.087,598.216
351.669,471.561,723.167
354.078,469.035,848.118
101.853,348.078,100.434
105.344,349.391,225.378
108.834,350.704,350.323
104.271,473.047,99.053
107.761,474.36,223.997
111.251,475.673,348.942
106.688,598.015,97.6721
110.179,599.329,222.616
113.669,600.642,347.561
226.781,345.623,96.97
230.271,346.936,221.914
233.762,348.249,346.859
229.199,470.591,95.5891
232.689,471.905,220.533
236.179,473.218,345.478
231.616,595.56,94.2081
235.106,596.874,219.152
238.597,598.187,344.097
351.709,343.167,93.506
355.199,344.481,218.45
358.689,345.794,343.395
354.127,468.136,92.1251
357.617,469.45,217.069
361.107,470.763,342.014
356.544,593.105,90.7441
360.034,594.419,215.689
363.525,595.732,340.633
98.5071,348.728,226.565
95.6043,348.432,351.531
92.7016,348.135,476.497
100.717,473.708,226.913
97.814,473.412,351.879
94.9113,473.115,476.845
102.926,598.688,227.261
100.024,598.392,352.227
97.1209,598.095,477.193
223.454,346.511,229.462
220.551,346.215,354.428
217.648,345.918,479.394
225.663,471.491,229.81
222.761,471.195,354.776
219.858,470.898,479.742
227.873,596.471,230.158
224.97,596.175,355.124
222.068,595.878,480.09
348.401,344.294,232.359
345.498,343.997,357.325
342.595,343.701,482.291
350.61,469.274,232.707
347.707,468.977,357.673
344.805,468.681,482.639
352.82,594.254,233.055
349.917,593.957,358.021
347.014,593.661,482.987
99.7405,348.488,351.429
101.189,350.008,476.412
102.637,351.528,601.394
99.7407,473.479,349.909
101.189,474.999,474.891
102.637,476.519,599.874
99.741,598.47,348.389
101.189,599.99,473.371
102.637,601.51,598.354
224.732,348.47,349.981
226.18,349.99,474.963
227.628,351.51,599.946
224.732,473.461,348.461
226.181,474.981,473.443
227.629,476.501,598.426
224.733,598.452,346.941
226.181,599.972,471.923
227.629,601.492,596.906
349.724,348.453,348.533
351.172,349.973,473.515
352.62,351.493,598.498
349.724,473.443,347.013
351.172,474.963,471.995
352.62,476.483,596.978
349.724,598.434,345.493
351.172,599.954,470.475
352.621,601.474,595.458
101.507,349.947,476.12
105.049,349.652,601.07
108.59,349.357,726.019
99.0446,474.922,476.485
102.586,474.627,601.435
106.128,474.332,726.384
96.5825,599.897,476.85
100.124,599.602,601.8
103.666,599.307,726.749
226.432,352.418,472.585
229.974,352.123,597.535
233.516,351.828,722.484
223.97,477.393,472.95
227.512,477.098,597.9
231.054,476.803,722.849
221.508,602.369,473.315
225.05,602.074,598.264
228.592,601.778,723.214
351.358,354.89,469.05
354.9,354.595,593.999
358.441,354.299,718.949
348.896,479.865,469.415
352.438,479.57,594.364
355.979,479.275,719.314
346.434,604.84,469.78
349.975,604.545,594.729
353.517,604.25,719.679
101.579,349.007,598.491
101.868,346.996,723.475
102.157,344.985,848.458
104.123,473.965,600.496
104.412,471.954,725.479
104.701,469.943,850.463
106.666,598.923,602.5
106.955,596.912,727.484
107.244,594.901,852.467
226.553,346.468,598.161
226.842,344.458,723.145
227.131,342.447,848.128
229.096,471.426,600.166
229.386,469.416,725.149
229.675,467.405,850.133
231.64,596.385,602.17
231.929,594.374,727.154
232.218,592.363,852.137
351.527,343.93,597.831
351.816,341.919,722.815
352.105,339.908,847.798
354.07,468.888,599.836
354.359,466.877,724.819
354.648,464.866,849.803
356.614,593.846,601.841
356.903,591.835,726.824
357.192,589.824,851.808
98.967,476.461,100.816
99.9344,475.902,225.811
100.902,475.343,350.806
95.485,601.411,101.402
96.4524,600.852,226.397
97.4198,600.293,351.392
92.0031,726.361,101.988
92.9704,725.802,226.983
93.9378,725.243,351.978
223.915,479.948,99.8641
224.882,479.388,224.859
225.85,478.829,349.854
220.433,604.898,100.45
221.4,604.338,225.445
222.368,603.779,350.44
216.951,729.848,101.036
217.918,729.289,226.031
218.886,728.729,351.026
348.863,483.434,98.9127
349.83,482.875,223.908
350.797,482.315,348.903
345.381,608.384,99.4988
346.348,607.825,224.494
347.315,607.265,349.489
341.899,733.334,100.085
342.866,732.775,225.08
343.833,732.216,350.075
100.014,474.928,224.27
99.582,476.443,349.26
99.1506,477.958,474.25
100.752,599.916,222.758
100.32,601.431,347.748
99.8889,602.946,472.738
101.49,724.905,221.245
101.059,726.42,346.235
100.627,727.935,471.225
225.011,474.195,224.71
224.579,475.71,349.701
224.148,477.225,474.691
225.749,599.183,223.198
225.317,600.698,348.188
224.886,602.213,473.178
226.487,724.172,221.686
226.056,725.687,346.676
225.624,727.202,471.666
350.008,473.462,225.151
349.576,474.977,350.141
349.145,476.492,475.131
350.746,598.45,223.638
350.315,599.965,348.628
349.883,601.48,473.619
351.484,723.439,222.126
351.053,724.954,347.116
350.621,726.469,472.106
99.099,474.965,351.325
100.069,473.632,476.314
101.04,472.299,601.303
102.354,599.916,352.632
103.324,598.583,477.621
104.295,597.25,602.61
105.609,724.866,353.939
106.579,723.534,478.928
107.55,722.201,603.917
224.053,471.72,350.32
225.023,470.388,475.309
225.994,469.055,600.299
227.308,596.671,351.627
228.278,595.338,476.616
229.249,594.006,601.605
230.563,721.622,352.934
231.533,720.289,477.923
232.503,718.957,602.912
349.007,468.476,349.315
349.977,467.143,474.305
350.948,465.811,599.294
352.262,593.427,350.622
353.232,592.094,475.612
354.202,590.761,600.601
355.516,718.377,351.929
356.487,717.045,476.919
357.457,715.712,601.908
101.298,474.121,473.736
100.005,471.32,598.698
98.7124,468.519,723.66
103.563,599.069,476.561
102.271,596.267,601.523
100.978,593.466,726.484
105.829,724.016,479.385
104.536,721.215,604.347
103.243,718.414,729.309
226.271,471.827,474.978
224.978,469.026,599.94
223.685,466.225,724.901
228.536,596.775,477.802
227.243,593.974,602.764
225.951,591.172,727.726
230.802,721.722,480.627
229.509,718.921,605.589
228.216,716.12,730.55
351.244,469.533,476.219
349.951,466.732,601.181
348.658,463.931,726.143
353.509,594.481,479.044
352.216,591.68,604.006
350.923,588.878,728.967
355.774,719.429,481.868
354.482,716.627,606.83
353.189,713.826,731.792
99.0046,473.306,598.871
99.955,472.283,723.863
100.905,471.261,848.855
98.3305,598.3,599.898
99.2809,597.277,724.891
100.231,596.255,849.883
97.6564,723.293,600.926
98.6069,722.271,725.918
99.5573,721.248,850.91
223.999,473.987,597.926
224.95,472.965,722.918
225.9,471.942,847.91
223.325,598.981,598.953
224.275,597.959,723.946
225.226,596.936,848.938
222.651,723.975,599.981
223.601,722.953,724.973
224.552,721.93,849.966
348.994,474.669,596.981
349.944,473.647,721.973
350.895,472.624,846.965
348.32,599.663,598.009
349.27,598.641,723.001
350.22,597.618,847.993
347.646,724.657,599.036
348.596,723.635,724.028
349.546,722.612,849.021
101.742,598.17,100.684
98.0568,600.697,225.604
94.3717,603.224,350.524
103.55,723.132,98.2092
99.8652,725.659,223.129
96.18,728.186,348.049
105.359,848.095,95.7346
101.674,850.622,220.655
97.9884,853.149,345.575
226.675,596.436,104.404
222.989,598.963,229.324
219.304,601.49,354.245
228.483,721.398,101.93
224.798,723.925,226.85
221.113,726.452,351.77
230.291,846.36,99.4552
226.606,848.888,224.375
222.921,851.415,349.295
351.607,594.701,108.125
347.922,597.228,233.045
344.237,599.756,357.965
353.415,719.664,105.65
349.73,722.191,230.57
346.045,724.718,355.491
355.224,844.626,103.176
351.539,847.153,228.096
347.854,849.68,353.016
100.708,598.946,225.742
96.9773,599.455,350.685
93.2463,599.964,475.629
100.431,723.944,225.224
96.7005,724.453,350.168
92.9695,724.963,475.111
100.155,848.943,224.707
96.4237,849.452,349.65
92.6927,849.961,474.593
225.652,599.238,229.472
221.921,599.747,354.415
218.19,600.256,479.358
225.375,724.236,228.954
221.645,724.745,353.897
217.914,725.255,478.841
225.099,849.235,228.436
221.368,849.744,353.38
217.637,850.253,478.323
350.596,599.53,233.202
346.865,600.039,358.145
343.134,600.548,483.088
350.319,724.528,232.684
346.589,725.038,357.627
342.858,725.547,482.571
350.043,849.527,232.166
346.312,850.036,357.11
342.581,850.545,482.053
98.3588,598.136,351.865
100.171,598.866,476.85
101.983,599.596,601.835
96.2765,723.117,351.165
98.0885,723.847,476.15
99.9006,724.577,601.135
94.1941,848.098,350.466
96.0062,848.828,475.45
97.8183,849.557,600.435
223.328,600.208,350.041
225.14,600.938,475.026
226.952,601.668,600.011
221.246,725.189,349.341
223.058,725.919,474.326
224.87,726.649,599.311
219.164,850.17,348.642
220.976,850.899,473.626
222.788,851.629,598.611
348.298,602.28,348.217
350.11,603.01,473.202
351.922,603.74,598.187
346.215,727.261,347.517
348.028,727.991,472.502
349.84,728.721,597.487
344.133,852.242,346.818
345.945,852.971,471.802
347.757,853.701,596.787
98.4717,600.778,476.244
96.393,604.075,601.183
94.3143,607.372,726.122
98.2141,725.734,472.942
96.1354,729.031,597.881
94.0567,732.328,722.82
97.9565,850.69,469.64
95.8778,853.987,594.579
93.7991,857.285,719.519
223.454,601.09,478.315
221.375,604.388,603.254
219.297,607.685,728.193
223.197,726.047,475.013
221.118,729.344,599.952
219.039,732.641,724.892
222.939,851.003,471.711
220.86,854.3,596.651
218.782,857.597,721.59
348.437,601.403,480.386
346.358,604.7,605.325
344.279,607.997,730.265
348.179,726.359,477.084
346.1,729.656,602.024
344.022,732.953,726.963
347.921,851.315,473.783
345.843,854.612,598.722
343.764,857.909,723.661
101.941,598.485,599.867
101.172,601.751,724.822
100.404,605.016,849.777
100.734,723.436,596.594
99.9659,726.702,721.549
99.1974,729.967,846.504
99.5282,848.388,593.321
98.7596,851.653,718.276
97.9911,854.919,843.231
226.933,599.711,600.603
226.164,602.977,725.558
225.395,606.242,850.513
225.726,724.662,597.33
224.958,727.928,722.285
224.189,731.193,847.24
224.52,849.614,594.057
223.751,852.879,719.012
222.983,856.145,843.967
351.924,600.937,601.34
351.156,604.202,726.295
350.387,607.468,851.25
350.718,725.888,598.067
349.95,729.154,723.022
349.181,732.419,847.977
349.512,850.84,594.794
348.743,854.105,719.749
347.975,857.371,844.704
223.237,98.0412,99.9536
224.992,96.1238,224.927
226.746,94.2064,349.9
220.025,222.984,101.916
221.78,221.067,226.889
223.534,219.15,351.862
216.813,347.928,103.878
218.567,346.01,228.851
220.322,344.093,353.824
348.184,101.28,98.2494
349.938,99.3628,223.222
351.692,97.4454,348.195
344.972,226.223,100.211
346.726,224.306,225.184
348.48,222.389,350.157
341.76,351.167,102.173
343.514,349.249,227.146
345.268,347.332,352.119
473.13,104.519,96.5452
474.885,102.602,221.518
476.639,100.684,346.491
469.918,229.462,98.5072
471.672,227.545,223.48
473.427,225.628,348.453
466.706,354.406,100.469
468.46,352.488,225.442
470.215,350.571,350.415
223.126,99.4431,223.823
224.608,97.9321,348.805
226.091,96.421,473.787
223.811,224.432,225.326
225.293,222.921,350.308
226.776,221.41,475.29
224.496,349.421,226.829
225.978,347.91,351.811
227.461,346.399,476.793
348.115,98.7759,222.332
349.598,97.2648,347.314
351.08,95.7538,472.296
348.8,223.765,223.835
350.283,222.254,348.817
351.765,220.743,473.799
349.485,348.754,225.338
350.968,347.243,350.32
352.45,345.732,475.302
473.104,98.1087,220.841
474.587,96.5976,345.823
476.069,95.0866,470.805
473.789,223.098,222.344
475.272,221.587,347.326
476.755,220.076,472.308
474.475,348.087,223.847
475.957,346.576,348.829
477.44,345.065,473.811
223.107,98.0525,350.095
219.864,95.7397,475.032
216.621,93.4269,599.968
220.692,223.009,352.346
217.449,220.696,477.282
214.206,218.383,602.219
218.278,347.965,354.596
215.034,345.652,479.533
211.791,343.34,604.469
348.042,100.408,353.382
344.799,98.0948,478.318
341.555,95.782,603.255
345.627,225.364,355.632
342.384,223.051,480.569
339.14,220.738,605.505
343.212,350.32,357.883
339.969,348.008,482.819
336.726,345.695,607.756
472.976,102.763,356.669
469.733,100.45,481.605
466.49,98.1372,606.542
470.562,227.719,358.919
467.318,225.406,483.856
464.075,223.094,608.792
468.147,352.676,361.17
464.904,350.363,486.106
461.66,348.05,611.043
226.215,100.39,474.979
227.163,96.8777,599.926
228.112,93.365,724.873
229.372,225.302,478.467
230.321,221.789,603.414
231.27,218.276,728.361
232.53,350.213,481.954
233.479,346.701,606.901
234.428,343.188,731.849
351.171,97.2602,473.942
352.12,93.7476,598.889
353.069,90.235,723.836
354.329,222.172,477.43
355.278,218.659,602.377
356.227,215.146,727.324
357.487,347.083,480.917
358.436,343.57,605.864
359.385,340.058,730.811
476.128,94.1301,472.905
477.076,90.6175,597.852
478.025,87.1049,722.799
479.285,219.042,476.393
480.234,215.529,601.34
481.183,212.016,726.287
482.443,343.953,479.88
483.392,340.44,604.827
484.341,336.928,729.774
224.951,99.6876,600.358
228.457,97.4511,725.289
231.962,95.2147,850.22
227.077,224.651,602.536
230.583,222.414,727.466
234.088,220.178,852.397
229.203,349.613,604.713
232.709,347.377,729.644
236.214,345.141,854.575
349.884,97.6237,596.816
353.389,95.3872,721.747
356.895,93.1508,846.677
352.01,222.587,598.993
355.515,220.35,723.924
359.021,218.114,848.855
354.136,347.55,601.17
357.642,345.313,726.101
361.147,343.077,851.032
474.817,95.5598,593.273
478.322,93.3233,718.204
481.828,91.0869,843.135
476.943,220.523,595.451
480.448,218.286,720.381
483.954,216.05,845.312
479.069,345.486,597.628
482.574,343.249,722.559
486.08,341.013,847.49
225.832,225.855,99.7879
228.503,228.615,224.729
231.175,231.375,349.67
228.793,350.788,96.9647
231.464,353.548,221.906
234.136,356.308,346.847
231.754,475.721,94.1415
234.425,478.481,219.082
237.097,481.241,344.023
350.768,222.835,97.1833
353.439,225.595,222.124
356.111,228.355,347.065
353.729,347.768,94.3601
356.401,350.528,219.301
359.072,353.288,344.242
356.69,472.701,91.5368
359.362,475.461,216.478
362.033,478.221,341.419
475.704,219.815,94.5786
478.376,222.575,219.52
481.047,225.335,344.461
478.665,344.748,91.7554
481.337,347.508,216.696
484.008,350.268,341.637
481.627,469.681,88.9322
484.298,472.441,213.873
486.97,475.201,338.814
226.504,226.077,226.238
226.571,229.453,351.192
226.639,232.829,476.147
227.485,351.028,222.861
227.553,354.404,347.816
227.621,357.78,472.77
228.467,475.978,219.485
228.535,479.354,344.439
228.602,482.731,469.393
351.5,225.094,226.197
351.568,228.47,351.151
351.635,231.846,476.106
352.482,350.044,222.82
352.549,353.421,347.775
352.617,356.797,472.729
353.463,474.995,219.444
353.531,478.371,344.398
353.599,481.747,469.352
476.496,224.111,226.156
476.564,227.487,351.11
476.631,230.863,476.064
477.478,349.061,222.779
477.545,352.437,347.733
477.613,355.814,472.688
478.459,474.012,219.402
478.527,477.388,344.357
478.595,480.764,469.311
223.103,225.737,349.269
221.223,228.576,474.223
219.343,231.415,599.176
221.928,350.699,346.412
220.048,353.538,471.366
218.167,356.377,596.319
220.753,475.661,343.555
218.872,478.5,468.509
216.992,481.339,593.463
348.084,226.955,351.122
346.203,229.794,476.076
344.323,232.633,601.029
346.908,351.917,348.265
345.028,354.756,473.219
343.148,357.595,598.172
345.733,476.879,345.408
343.853,479.718,470.362
341.972,482.557,595.316
473.064,228.173,352.975
471.184,231.012,477.929
469.303,233.851,602.882
471.889,353.135,350.118
470.008,355.974,475.072
468.128,358.813,600.025
470.713,478.097,347.261
468.833,480.936,472.215
466.953,483.775,597.169
224.461,224.595,474.511
222.476,221.701,599.461
220.492,218.806,724.412
225.139,349.559,477.416
223.154,346.665,602.367
221.17,343.771,727.318
225.816,474.524,480.321
223.832,471.629,605.272
221.848,468.735,730.223
349.443,223.871,476.479
347.459,220.977,601.43
345.474,218.083,726.38
350.121,348.835,479.384
348.137,345.941,604.335
346.152,343.047,729.286
350.799,473.8,482.29
348.815,470.906,607.24
346.83,468.011,732.191
474.426,223.147,478.447
472.441,220.253,603.398
470.457,217.359,728.348
475.103,348.112,481.352
473.119,345.217,606.303
471.135,342.323,731.254
475.781,473.076,484.258
473.797,470.182,609.208
471.813,467.288,734.159
224.064,224.294,598.218
224.99,222.498,723.201
225.915,220.703,848.185
226.704,349.254,599.994
227.629,347.458,724.977
228.554,345.662,849.961
229.343,474.213,601.769
230.268,472.417,726.753
231.193,470.622,851.737
349.033,221.669,597.255
349.958,219.873,722.239
350.883,218.077,847.222
351.672,346.628,599.031
352.597,344.832,724.015
353.522,343.037,848.998
354.311,471.588,600.807
355.236,469.792,725.791
356.161,467.996,850.774
474.002,219.043,596.292
474.927,217.247,721.276
475.852,215.452,846.26
476.641,344.003,598.068
477.566,342.207,723.052
478.491,340.411,848.036
479.28,468.962,599.844
480.205,467.166,724.828
481.13,465.371,849.812
224.073,351.282,98.4118
227.429,351.012,223.366
230.784,350.741,348.321
224.351,476.282,98.6752
227.706,476.011,223.63
231.062,475.74,348.585
224.628,601.281,98.9387
227.984,601.011,223.893
231.339,600.74,348.848
349.028,351.012,95.0557
352.384,350.742,220.01
355.739,350.471,344.965
349.305,476.012,95.3191
352.661,475.741,220.274
356.016,475.47,345.228
349.583,601.011,95.5826
352.938,600.74,220.537
356.294,600.47,345.492
473.983,350.742,91.6996
477.338,350.471,216.654
480.694,350.201,341.609
474.26,475.742,91.963
477.616,475.471,216.918
480.971,475.2,341.872
474.537,600.741,92.2265
477.893,600.47,217.181
481.248,600.199,342.136
225.281,348.862,224.608
224.532,350.657,349.593
223.783,352.452,474.578
223.649,473.838,222.803
222.9,475.633,347.788
222.151,477.429,472.773
222.018,598.814,220.998
221.269,600.61,345.983
220.52,602.405,470.968
350.268,350.504,225.334
349.519,352.299,350.319
348.77,354.094,475.303
348.636,475.48,223.529
347.887,477.275,348.514
347.138,479.071,473.499
347.005,600.456,221.724
346.256,602.252,346.709
345.507,604.047,471.694
475.255,352.146,226.059
474.506,353.941,351.044
473.757,355.736,476.029
473.623,477.122,224.254
472.874,478.917,349.239
472.125,480.713,474.224
471.992,602.099,222.449
471.243,603.894,347.434
470.494,605.689,472.419
225.686,349.01,350.452
227.265,349.239,475.442
228.845,349.468,600.432
227.756,473.993,350.197
229.336,474.222,475.187
230.915,474.451,600.176
229.826,598.976,349.942
231.406,599.205,474.932
232.985,599.433,599.921
350.659,346.937,348.876
352.238,347.166,473.866
353.818,347.395,598.856
352.729,471.92,348.621
354.308,472.149,473.611
355.888,472.378,598.601
354.799,596.902,348.366
356.379,597.131,473.356
357.958,597.36,598.346
475.632,344.864,347.301
477.211,345.093,472.291
478.791,345.322,597.28
477.702,469.847,347.046
479.281,470.076,472.035
480.861,470.304,597.025
479.772,594.829,346.791
481.351,595.058,471.78
482.931,595.287,596.77
226.787,351.726,474.235
224.593,353.467,599.203
222.4,355.207,724.172
225.759,476.71,472.476
223.565,478.45,597.444
221.372,480.191,722.413
224.731,601.693,470.717
222.537,603.434,595.686
220.343,605.174,720.654
351.764,352.785,476.414
349.57,354.526,601.382
347.376,356.266,726.351
350.736,477.769,474.655
348.542,479.509,599.624
346.348,481.249,724.592
349.707,602.752,472.896
347.514,604.492,597.865
345.32,606.233,722.833
476.74,353.844,478.593
474.547,355.584,603.561
472.353,357.325,728.53
475.712,478.827,476.834
473.518,480.568,601.803
471.325,482.308,726.771
474.684,603.811,475.075
472.49,605.551,600.044
470.296,607.292,725.013
225.661,350.272,600.013
225.225,348.524,725
224.788,346.775,849.987
226.442,475.257,601.763
226.006,473.509,726.75
225.569,471.761,851.737
227.224,600.242,603.514
226.787,598.494,728.501
226.35,596.746,853.488
350.658,349.484,600.438
350.221,347.736,725.425
349.785,345.988,850.412
351.439,474.47,602.189
351.003,472.722,727.176
350.566,470.974,852.163
352.22,599.455,603.94
351.784,597.707,728.927
351.347,595.959,853.914
475.655,348.697,600.864
475.218,346.949,725.851
474.782,345.201,850.838
476.436,473.683,602.615
475.999,471.934,727.602
475.563,470.186,852.589
477.217,598.668,604.365
476.78,596.92,729.352
476.344,595.172,854.339
223.073,474.402,100.107
226.115,471.387,225.034
229.156,468.373,349.96
219.919,599.324,103.198
222.96,596.309,228.124
226.002,593.295,353.051
216.764,724.246,106.289
219.806,721.231,231.215
222.847,718.217,356.142
347.997,477.63,97.1434
351.038,474.615,222.07
354.079,471.601,346.997
344.842,602.552,100.234
347.883,599.537,225.161
350.925,596.523,350.088
341.687,727.474,103.325
344.729,724.459,228.252
347.77,721.445,353.179
472.92,480.858,94.1799
475.961,477.843,219.107
479.003,474.829,344.033
469.765,605.78,97.2709
472.807,602.765,222.198
475.848,599.751,347.124
466.61,730.702,100.362
469.652,727.687,225.288
472.693,724.673,350.215
223.206,476.004,223.388
225.396,476.224,348.369
227.587,476.445,473.349
226.765,600.953,223.106
228.956,601.173,348.086
231.146,601.394,473.067
230.325,725.902,222.823
232.515,726.122,347.804
234.706,726.343,472.784
348.136,472.44,221.205
350.326,472.66,346.185
352.517,472.881,471.166
351.695,597.389,220.922
353.886,597.609,345.903
356.076,597.83,470.883
355.255,722.338,220.64
357.446,722.558,345.62
359.636,722.779,470.601
473.066,468.876,219.022
475.256,469.096,344.002
477.447,469.316,468.983
476.626,593.825,218.739
478.816,594.045,343.72
481.006,594.265,468.7
480.185,718.774,218.456
482.376,718.994,343.437
484.566,719.214,468.418
223.201,474.891,349.871
219.998,473.521,474.822
216.794,472.152,599.774
226.867,599.828,351.334
223.663,598.459,476.286
220.459,597.089,601.237
230.532,724.766,352.798
227.328,723.396,477.749
224.124,722.027,602.7
348.107,471.189,353.033
344.903,469.82,477.984
341.699,468.45,602.936
351.772,596.127,354.496
348.568,594.758,479.448
345.364,593.388,604.399
355.437,721.065,355.96
352.233,719.695,480.911
349.029,718.326,605.862
473.012,467.488,356.195
469.808,466.119,481.146
466.604,464.749,606.098
476.677,592.426,357.658
473.473,591.056,482.61
470.269,589.687,607.561
480.342,717.364,359.122
477.138,715.994,484.073
473.934,714.625,609.024
226.332,476.312,473.654
222.798,479.161,598.571
219.264,482.009,723.489
227.754,601.273,470.844
224.22,604.121,595.762
220.686,606.97,720.679
229.176,726.233,468.035
225.642,729.081,592.953
222.108,731.93,717.87
351.274,474.971,477.219
347.74,477.819,602.137
344.206,480.668,727.054
352.696,599.931,474.41
349.162,602.78,599.327
345.628,605.628,724.245
354.118,724.892,471.6
350.584,727.74,596.518
347.05,730.589,721.436
476.216,473.63,480.784
472.682,476.478,605.702
469.148,479.327,730.619
477.638,598.59,477.975
474.104,601.438,602.893
470.57,604.287,727.81
479.06,723.55,475.166
475.526,726.399,600.083
471.992,729.247,725.001
225.16,476.829,601.901
224.086,477.722,726.893
223.011,478.614,851.885
225.329,601.826,601.01
224.255,602.719,726.002
223.18,603.611,850.994
225.498,726.823,600.119
224.424,727.715,725.111
223.349,728.608,850.103
350.155,476.668,602.976
349.081,477.56,727.969
348.006,478.453,852.961
350.324,601.665,602.085
349.25,602.557,727.078
348.175,603.45,852.07
350.494,726.661,601.194
349.419,727.554,726.186
348.344,728.446,851.179
475.151,476.507,604.052
474.076,477.399,729.044
473.002,478.292,854.036
475.32,601.503,603.161
474.245,602.396,728.153
473.171,603.288,853.145
475.489,726.5,602.27
474.414,727.392,727.262
473.34,728.285,852.254
226.43,599.407,99.7492
223.154,602.072,224.678
219.878,604.737,349.606
225.889,724.377,97.069
222.613,727.042,221.998
219.337,729.707,346.926
225.349,849.347,94.3888
222.073,852.012,219.317
218.796,854.677,344.246
351.386,600.018,103.013
348.11,602.683,227.942
344.834,605.348,352.87
350.845,724.988,100.333
347.569,727.653,225.261
344.293,730.318,350.19
350.304,849.958,97.6525
347.028,852.623,222.581
343.752,855.288,347.51
476.342,600.628,106.277
473.066,603.293,231.205
469.79,605.959,356.134
475.801,725.598,103.596
472.525,728.264,228.525
469.249,730.929,353.454
475.26,850.569,100.916
471.984,853.234,225.845
468.708,855.899,350.773
223.437,601.434,226.287
220.128,600.169,351.237
216.819,598.904,476.186
219.759,726.375,227.455
216.45,725.109,352.404
213.141,723.844,477.354
216.08,851.315,228.623
212.771,850.05,353.572
209.462,848.784,478.522
348.34,605.081,229.632
345.03,603.815,354.581
341.721,602.55,479.531
344.661,730.021,230.799
341.352,728.756,355.749
338.043,727.49,480.699
340.983,854.961,231.967
337.673,853.696,356.917
334.364,852.431,481.867
473.242,608.727,232.976
469.932,607.461,357.926
466.623,606.196,482.876
469.563,733.667,234.144
466.254,732.402,359.094
462.945,731.136,484.044
465.885,858.607,235.312
462.575,857.342,360.262
459.266,856.077,485.212
224.613,601.735,350.371
224.64,599.758,475.355
224.668,597.782,600.34
226.243,726.709,352.347
226.271,724.732,477.331
226.298,722.756,602.316
227.873,851.682,354.323
227.901,849.706,479.307
227.929,847.729,604.292
349.602,600.105,350.318
349.63,598.129,475.302
349.657,596.152,600.286
351.232,725.079,352.294
351.26,723.102,477.278
351.288,721.126,602.262
352.863,850.053,354.269
352.89,848.076,479.254
352.918,846.1,604.238
474.591,598.476,350.264
474.619,596.499,475.248
474.647,594.523,600.233
476.222,723.449,352.24
476.249,721.473,477.224
476.277,719.496,602.209
477.852,848.423,354.216
477.88,846.447,479.2
477.907,844.47,604.185
224.188,598.371,476.564
221.998,598.742,601.545
219.808,599.113,726.525
225.452,723.364,476.216
223.262,723.735,601.196
221.072,724.106,726.176
226.716,848.357,475.867
224.526,848.728,600.847
222.336,849.099,725.827
349.163,597.114,478.758
346.973,597.485,603.738
344.783,597.856,728.719
350.427,722.107,478.409
348.237,722.478,603.389
346.046,722.849,728.37
351.69,847.1,478.06
349.5,847.471,603.041
347.31,847.842,728.021
474.137,595.856,480.952
471.947,596.227,605.932
469.757,596.598,730.912
475.401,720.849,480.603
473.211,721.22,605.583
471.021,721.592,730.563
476.665,845.843,480.254
474.475,846.214,605.234
472.285,846.585,730.214
223.297,599.892,599.19
221.832,599.095,724.179
220.366,598.299,849.168
222.018,724.883,599.971
220.553,724.086,724.96
219.087,723.29,849.949
220.739,849.874,600.753
219.274,849.077,725.742
217.808,848.281,850.731
348.282,601.161,600.664
346.816,600.365,725.653
345.351,599.569,850.642
347.003,726.152,601.445
345.538,725.356,726.434
344.072,724.56,851.423
345.724,851.143,602.227
344.259,850.347,727.216
342.793,849.551,852.204
473.267,602.431,602.138
471.801,601.635,727.126
470.336,600.838,852.115
471.988,727.422,602.919
470.522,726.626,727.908
469.057,725.829,852.897
470.709,852.413,603.7
469.244,851.617,728.689
467.778,850.82,853.678
351.05,100.762,98.7537
349.837,101.188,223.747
348.623,101.614,348.74
351.452,225.76,98.3312
350.238,226.187,223.325
349.025,226.613,348.318
351.853,350.759,97.9087
350.64,351.185,222.902
349.427,351.612,347.895
476.043,100.364,99.9683
474.83,100.791,224.962
473.617,101.217,349.955
476.445,225.363,99.5458
475.232,225.789,224.539
474.018,226.216,349.533
476.847,350.362,99.1233
475.633,350.788,224.117
474.42,351.214,349.11
601.037,99.9668,101.183
599.824,100.393,226.176
598.61,100.82,351.17
601.438,224.965,100.76
600.225,225.392,225.754
599.012,225.818,350.747
601.84,349.964,100.338
600.627,350.39,225.331
599.413,350.817,350.325
348.922,100.04,225.046
351.647,103.374,349.972
354.371,106.709,474.898
348.951,224.995,221.71
351.676,228.33,346.636
354.4,231.665,471.562
348.98,349.951,218.374
351.704,353.285,343.3
354.429,356.62,468.225
473.892,99.9382,222.323
476.617,103.273,347.249
479.342,106.608,472.175
473.921,224.894,218.987
476.646,228.228,343.913
479.37,231.563,468.839
473.95,349.849,215.651
476.675,353.184,340.577
479.399,356.519,465.502
598.863,99.8368,219.6
601.587,103.172,344.526
604.312,106.506,469.452
598.892,224.792,216.264
601.616,228.127,341.19
604.341,231.462,466.116
598.92,349.748,212.928
601.645,353.082,337.854
604.369,356.417,462.78
348.124,100.577,349.715
350.507,98.6299,474.677
352.89,96.6832,599.639
350.452,225.541,351.617
352.835,223.594,476.579
355.217,221.647,601.541
352.78,350.504,353.519
355.162,348.558,478.481
357.545,346.611,603.444
473.08,98.286,347.296
475.463,96.3392,472.259
477.845,94.3924,597.221
475.408,223.25,349.199
477.79,221.303,474.161
480.173,219.356,599.123
477.735,348.214,351.101
480.118,346.267,476.063
482.501,344.32,601.025
598.036,95.9952,344.878
600.418,94.0484,469.84
602.801,92.1017,594.803
600.363,220.959,346.781
602.746,219.012,471.743
605.128,217.066,596.705
602.691,345.923,348.683
605.074,343.976,473.645
607.456,342.029,598.607
351.953,98.0002,475.495
353.284,98.34,600.488
354.615,98.6799,725.48
352.989,222.995,475.145
354.32,223.335,600.137
355.65,223.675,725.13
354.024,347.991,474.794
355.355,348.33,599.786
356.686,348.67,724.779
476.942,96.9611,474.168
478.273,97.301,599.16
479.604,97.6408,724.152
477.977,221.956,473.817
479.308,222.296,598.809
480.639,222.636,723.802
479.013,346.952,473.466
480.344,347.291,598.458
481.674,347.631,723.451
601.931,95.9221,472.84
603.261,96.2619,597.832
604.592,96.6018,722.824
602.966,220.917,472.489
604.297,221.257,597.481
605.628,221.597,722.474
604.001,345.913,472.138
605.332,346.252,597.13
606.663,346.592,722.123
350.419,98.0512,600.376
348.32,99.1906,725.353
346.221,100.33,850.33
350.478,223.046,599.237
348.378,224.185,724.214
346.279,225.325,849.192
350.536,348.041,598.099
348.437,349.18,723.076
346.337,350.32,848.053
475.401,98.0118,602.476
473.302,99.1512,727.453
471.203,100.291,852.43
475.46,223.007,601.337
473.361,224.146,726.314
471.261,225.285,851.291
475.518,348.001,600.198
473.419,349.141,725.175
471.32,350.28,850.153
600.384,97.9725,604.575
598.285,99.1119,729.552
596.185,100.251,854.53
600.442,222.967,603.437
598.343,224.107,728.414
596.244,225.246,853.391
600.501,347.962,602.298
598.402,349.101,727.275
596.302,350.241,852.252
351.188,224.974,101.171
352.128,223.895,226.163
353.069,222.816,351.155
348.793,349.946,102.268
349.733,348.867,227.26
350.674,347.788,352.252
346.397,474.919,103.365
347.338,473.84,228.357
348.279,472.761,353.349
476.161,227.377,100.251
477.102,226.298,225.243
478.043,225.219,350.235
473.766,352.35,101.348
474.707,351.271,226.34
475.647,350.192,351.332
471.371,477.322,102.445
472.311,476.243,227.437
473.252,475.164,352.429
601.135,229.781,99.3317
602.075,228.702,224.324
603.016,227.623,349.315
598.74,354.753,100.429
599.68,353.674,225.42
600.621,352.595,350.412
596.344,479.725,101.525
597.285,478.646,226.517
598.226,477.567,351.509
348.364,225.22,224.639
347.118,227.187,349.617
345.872,229.155,474.595
351.996,350.152,222.708
350.75,352.12,347.686
349.504,354.087,472.665
355.628,475.084,220.777
354.382,477.052,345.756
353.136,479.02,470.734
473.305,221.608,225.941
472.059,223.575,350.92
470.813,225.543,475.898
476.937,346.54,224.011
475.691,348.508,348.989
474.445,350.475,473.967
480.569,471.472,222.08
479.323,473.44,347.058
478.077,475.408,472.036
598.246,217.996,227.244
597,219.963,352.222
595.754,221.931,477.2
601.878,342.928,225.313
600.632,344.896,350.291
599.386,346.863,475.27
605.51,467.86,223.382
604.264,469.828,348.361
603.018,471.796,473.339
348.573,223.624,350.294
348.514,222.02,475.283
348.455,220.417,600.273
347.349,348.608,351.897
347.29,347.004,476.886
347.231,345.401,601.876
346.125,473.591,353.5
346.065,471.988,478.489
346.006,470.384,603.479
473.567,224.847,350.369
473.508,223.244,475.358
473.449,221.64,600.348
472.343,349.831,351.972
472.284,348.228,476.961
472.225,346.624,601.951
471.119,474.815,353.574
471.059,473.211,478.564
471,471.608,603.554
598.561,226.071,350.443
598.502,224.467,475.433
598.443,222.864,600.423
597.337,351.055,352.046
597.278,349.451,477.036
597.219,347.847,602.026
596.112,476.038,353.649
596.053,474.435,478.639
595.994,472.831,603.629
351.443,226.203,474.054
354.5,222.567,598.963
357.556,218.93,723.873
350.317,351.144,477.719
353.374,347.508,602.628
356.43,343.871,727.538
349.192,476.086,481.384
352.248,472.449,606.293
355.304,468.812,731.203
476.401,227.418,471.032
479.457,223.781,595.941
482.513,220.145,720.851
475.275,352.359,474.697
478.331,348.723,599.606
481.388,345.086,724.516
474.149,477.3,478.362
477.205,473.664,603.271
480.262,470.027,728.181
601.358,228.633,468.01
604.415,224.996,592.919
607.471,221.36,717.829
600.233,353.574,471.675
603.289,349.937,596.584
606.345,346.301,721.494
599.107,478.515,475.34
602.163,474.878,600.249
605.219,471.242,725.159
348.179,225.252,600.732
347.332,224.742,725.728
346.484,224.233,850.724
350.467,350.23,601.257
349.62,349.72,726.253
348.772,349.211,851.249
352.755,475.208,601.782
351.907,474.698,726.778
351.06,474.189,851.774
473.155,222.96,601.57
472.308,222.451,726.566
471.461,221.942,851.562
475.443,347.938,602.095
474.596,347.429,727.091
473.748,346.92,852.087
477.731,472.916,602.619
476.884,472.407,727.616
476.036,471.898,852.612
598.131,220.669,602.408
597.284,220.16,727.404
596.437,219.651,852.4
600.419,345.647,602.933
599.572,345.138,727.929
598.725,344.629,852.925
602.707,470.625,603.457
601.86,470.116,728.453
601.012,469.607,853.449
350.116,350.393,98.2204
348.301,349.843,223.206
346.486,349.294,348.192
352.311,475.372,98.8018
350.496,474.823,223.787
348.681,474.273,348.773
354.505,600.352,99.3832
352.69,599.802,224.369
350.875,599.253,349.354
475.083,348.19,100.025
473.268,347.64,225.011
471.453,347.091,349.997
477.278,473.169,100.607
475.463,472.62,225.592
473.648,472.07,350.578
479.473,598.149,101.188
477.658,597.599,226.174
475.843,597.05,351.159
600.051,345.987,101.83
598.236,345.438,226.816
596.421,344.888,351.802
602.246,470.967,102.412
600.431,470.417,227.398
598.616,469.867,352.383
604.44,595.946,102.993
602.625,595.396,227.979
600.81,594.847,352.965
348.619,350.882,226.553
350.226,351.499,351.541
351.833,352.116,476.529
351.32,475.851,225.901
352.927,476.468,350.889
354.533,477.085,475.877
354.02,600.82,225.249
355.627,601.437,350.237
357.234,602.054,475.226
473.58,348.173,224.96
475.187,348.79,349.948
476.793,349.408,474.936
476.28,473.142,224.308
477.887,473.759,349.296
479.494,474.377,474.285
478.981,598.111,223.656
480.588,598.729,348.645
482.194,599.346,473.633
598.54,345.465,223.367
600.147,346.082,348.355
601.754,346.699,473.344
601.241,470.434,222.715
602.848,471.051,347.704
604.454,471.668,472.692
603.941,595.403,222.064
605.548,596.02,347.052
607.155,596.637,472.04
350.535,350.945,348.934
353.068,352.232,473.902
355.6,353.518,598.87
348.021,475.914,347.699
350.553,477.2,472.667
353.085,478.486,597.634
345.506,600.882,346.464
348.039,602.169,471.431
350.571,603.455,596.399
475.484,353.434,346.377
478.017,354.72,471.345
480.549,356.007,596.312
472.97,478.403,345.141
475.502,479.689,470.109
478.034,480.975,595.077
470.455,603.371,343.906
472.988,604.658,468.874
475.52,605.944,593.842
600.433,355.923,343.819
602.966,357.209,468.787
605.498,358.495,593.755
597.919,480.891,342.584
600.451,482.178,467.552
602.983,483.464,592.519
595.404,605.86,341.349
597.937,607.146,466.316
600.469,608.433,591.284
351.029,348.061,476.855
352.88,344.979,601.803
354.731,341.896,726.752
351.191,473.023,479.936
353.042,469.941,604.884
354.893,466.858,729.832
351.354,597.985,483.017
353.205,594.902,607.965
355.056,591.82,732.913
476.015,347.945,475.001
477.866,344.862,599.949
479.717,341.779,724.897
476.178,472.906,478.082
478.029,469.824,603.03
479.879,466.741,727.978
476.34,597.868,481.162
478.191,594.786,606.111
480.042,591.703,731.059
601.001,347.828,473.146
602.852,344.745,598.095
604.703,341.662,723.043
601.164,472.79,476.227
603.015,469.707,601.176
604.866,466.624,726.124
601.326,597.751,479.308
603.177,594.669,604.256
605.028,591.586,729.205
348.6,350.256,600.267
347.917,351.665,725.257
347.234,353.074,850.247
347.434,475.243,598.852
346.751,476.651,723.842
346.067,478.06,848.832
346.267,600.229,597.437
345.584,601.638,722.427
344.901,603.047,847.417
473.593,351.431,600.937
472.91,352.839,725.927
472.227,354.248,850.917
472.426,476.417,599.522
471.743,477.826,724.512
471.06,479.234,849.502
471.26,601.404,598.107
470.577,602.812,723.097
469.893,604.221,848.087
598.586,352.605,601.607
597.903,354.014,726.597
597.219,355.422,851.587
597.419,477.591,600.192
596.736,479,725.182
596.053,480.409,850.172
596.252,602.578,598.777
595.569,603.987,723.767
594.886,605.395,848.757
350.602,474.831,100.215
351.427,476.063,225.206
352.252,477.295,350.197
350.573,599.825,98.9828
351.398,601.057,223.974
352.223,602.289,348.965
350.544,724.819,97.751
351.369,726.051,222.742
352.194,727.283,347.733
475.599,474.852,99.3895
476.424,476.084,224.381
477.249,477.316,349.372
475.57,599.846,98.1577
476.395,601.078,223.149
477.22,602.31,348.14
475.541,724.84,96.9259
476.366,726.072,221.917
477.191,727.304,346.908
600.597,474.873,98.5644
601.421,476.105,223.556
602.246,477.337,348.547
600.567,599.867,97.3325
601.392,601.099,222.324
602.217,602.331,347.315
600.538,724.861,96.1007
601.363,726.093,221.092
602.188,727.325,346.083
351.152,473.393,224.256
349.638,476.754,349.202
348.125,480.115,474.148
349.89,598.341,220.88
348.377,601.702,345.826
346.864,605.063,470.771
348.629,723.289,217.504
347.116,726.65,342.449
345.602,730.011,467.395
476.136,474.695,225.735
474.623,478.056,350.681
473.109,481.417,475.627
474.875,599.643,222.359
473.361,603.004,347.305
471.848,606.365,472.25
473.614,724.591,218.983
472.1,727.952,343.928
470.587,731.313,468.874
601.121,475.996,227.214
599.607,479.357,352.16
598.094,482.719,477.105
599.859,600.944,223.838
598.346,604.306,348.783
596.833,607.667,473.729
598.598,725.892,220.461
597.085,729.254,345.407
595.571,732.615,470.353
351.659,474.882,349.407
352.717,478.572,474.348
353.774,482.262,599.289
354.225,599.801,345.697
355.283,603.491,470.638
356.34,607.18,595.579
356.791,724.719,341.986
357.849,728.409,466.927
358.906,732.099,591.868
476.628,472.286,348.426
477.686,475.976,473.367
478.743,479.666,598.308
479.194,597.205,344.715
480.252,600.895,469.657
481.309,604.584,594.598
481.76,722.123,341.005
482.818,725.813,465.946
483.875,729.503,590.887
601.597,469.69,347.445
602.655,473.38,472.386
603.713,477.07,597.327
604.163,594.609,343.734
605.221,598.298,468.675
606.278,601.988,593.616
606.729,719.527,340.024
607.787,723.217,464.965
608.844,726.907,589.906
348.983,474.083,476.253
346.593,472.366,601.218
344.203,470.65,726.184
349.252,599.07,477.975
346.862,597.354,602.94
344.472,595.638,727.905
349.521,724.058,479.696
347.131,722.342,604.662
344.741,720.626,729.627
473.96,473.781,478.639
471.57,472.065,603.605
469.18,470.348,728.57
474.229,598.769,480.361
471.839,597.052,605.326
469.449,595.336,730.292
474.498,723.757,482.083
472.108,722.04,607.048
469.717,720.324,732.013
598.937,473.479,481.026
596.547,471.763,605.991
594.156,470.047,730.956
599.206,598.467,482.747
596.816,596.751,607.713
594.425,595.034,732.678
599.475,723.455,484.469
597.085,721.739,609.434
594.694,720.022,734.4
349.847,475.783,600.942
346.522,479.259,725.85
343.196,482.735,850.757
348.192,600.723,597.422
344.867,604.198,722.329
341.541,607.674,847.237
346.537,725.662,593.901
343.212,729.138,718.808
339.887,732.614,843.716
474.792,477.531,604.22
471.467,481.006,729.128
468.141,484.482,854.035
473.137,602.47,600.7
469.812,605.946,725.607
466.486,609.422,850.514
471.482,727.41,597.179
468.157,730.885,722.086
464.831,734.361,846.994
599.737,479.278,607.498
596.411,482.754,732.405
593.086,486.23,857.313
598.082,604.217,603.977
594.757,607.693,728.885
591.431,611.169,853.792
596.427,729.157,600.457
593.102,732.633,725.364
589.776,736.108,850.271
351.556,598.388,101.936
351.645,600.534,226.918
351.735,602.679,351.899
350.915,723.368,99.7914
351.005,725.513,224.773
351.095,727.659,349.755
350.275,848.348,97.6469
350.365,850.493,222.628
350.454,852.638,347.61
476.554,599.027,101.835
476.644,601.172,226.817
476.733,603.317,351.798
475.914,724.007,99.6908
476.003,726.152,224.672
476.093,728.297,349.654
475.273,848.987,97.5462
475.363,851.132,222.528
475.453,853.277,347.509
601.552,599.666,101.735
601.642,601.811,226.716
601.732,603.956,351.698
600.912,724.646,99.5902
601.002,726.791,224.572
601.091,728.936,349.553
600.272,849.626,97.4456
600.361,851.771,222.427
600.451,853.916,347.409
350.615,599.208,225.767
351.188,596.197,350.729
351.76,593.187,475.692
348.891,724.16,228.785
349.463,721.149,353.747
350.036,718.139,478.71
347.167,849.111,231.803
347.739,846.101,356.766
348.311,843.09,481.728
475.602,600.946,225.236
476.174,597.935,350.199
476.747,594.924,475.161
473.878,725.897,228.254
474.45,722.887,353.217
475.022,719.876,478.179
472.154,850.849,231.273
472.726,847.838,356.235
473.298,844.828,481.197
600.589,602.683,224.706
601.161,599.672,349.668
601.733,596.662,474.63
598.865,727.635,227.724
599.437,724.624,352.686
600.009,721.614,477.649
597.14,852.586,230.742
597.713,849.576,355.704
598.285,846.565,480.667
351.033,598.256,351.88
348.722,597.541,476.857
346.41,596.826,601.834
349.789,723.248,352.572
347.478,722.533,477.549
345.166,721.818,602.526
348.545,848.24,353.264
346.234,847.525,478.241
343.922,846.81,603.218
476.006,599.487,354.199
473.694,598.772,479.176
471.382,598.057,604.152
474.762,724.479,354.891
472.45,723.764,479.868
470.138,723.049,604.844
473.518,849.471,355.583
471.206,848.756,480.56
468.894,848.041,605.536
600.978,600.718,356.518
598.667,600.003,481.494
596.355,599.288,606.471
599.734,725.71,357.21
597.423,724.995,482.186
595.111,724.28,607.163
598.49,850.702,357.902
596.179,849.987,482.878
593.867,849.272,607.855
350.861,600.778,473.929
349.764,601.959,598.918
348.668,603.14,723.908
349.78,725.767,472.738
348.683,726.949,597.727
347.586,728.13,722.717
348.698,850.757,471.547
347.601,851.938,596.536
346.505,853.12,721.526
475.852,601.87,475.015
474.755,603.051,600.005
473.658,604.232,724.994
474.77,726.859,473.824
473.673,728.041,598.814
472.577,729.222,723.803
473.689,851.849,472.633
472.592,853.03,597.623
471.495,854.212,722.613
600.842,602.961,476.102
599.746,604.143,601.091
598.649,605.324,726.081
599.761,727.951,474.911
598.664,729.132,599.9
597.567,730.314,724.89
598.679,852.941,473.72
597.582,854.122,598.709
596.486,855.303,723.699
351.11,598.874,598.158
352.32,596.872,723.136
353.53,594.869,848.114
347.84,723.815,600.191
349.05,721.812,725.169
350.26,719.81,850.147
344.569,848.756,602.225
345.779,846.753,727.203
346.989,844.75,852.181
476.061,602.164,597.001
477.271,600.161,721.979
478.481,598.158,846.957
472.791,727.104,599.034
474.001,725.102,724.012
475.211,723.099,848.99
469.521,852.045,601.068
470.731,850.042,726.046
471.941,848.04,851.024
601.013,605.453,595.844
602.223,603.45,720.822
603.433,601.448,845.8
597.742,730.394,597.877
598.952,728.391,722.855
600.162,726.388,847.833
594.472,855.334,599.911
595.682,853.332,724.889
596.892,851.329,849.867
473.938,99.2382,99.6395
475.565,99.6408,224.628
477.192,100.043,349.617
471.053,224.204,99.2745
472.679,224.607,224.263
474.306,225.01,349.252
468.167,349.171,98.9096
469.794,349.573,223.898
471.421,349.976,348.887
598.895,102.119,98.0038
600.521,102.522,222.993
602.148,102.924,347.981
596.009,227.085,97.6389
597.636,227.488,222.628
599.262,227.89,347.616
593.123,352.051,97.2739
594.75,352.454,222.263
596.377,352.856,347.251
723.851,105,96.3681
725.477,105.402,221.357
727.104,105.805,346.346
720.965,229.966,96.0032
722.592,230.369,220.992
724.219,230.771,345.981
718.079,354.932,95.6382
719.706,355.335,220.627
721.333,355.737,345.616
476.341,99.3761,223.267
477.415,96.2074,348.222
478.489,93.0387,473.177
475.647,224.334,226.441
476.721,221.165,351.397
477.795,217.996,476.352
474.953,349.292,229.616
476.027,346.123,354.571
477.101,342.954,479.527
601.335,100.097,222.211
602.409,96.9287,347.166
603.483,93.76,472.121
600.641,225.055,225.385
601.715,221.886,350.341
602.788,218.718,475.296
599.946,350.013,228.56
601.02,346.844,353.515
602.094,343.676,478.471
726.328,100.819,221.155
727.402,97.6501,346.11
728.476,94.4813,471.065
725.634,225.777,224.329
726.708,222.608,349.285
727.782,219.439,474.24
724.94,350.734,227.504
726.014,347.566,352.459
727.088,344.397,477.415
476.557,100.657,350.101
474.111,100.696,475.077
471.665,100.736,600.053
476.406,225.657,350.059
473.96,225.696,475.035
471.514,225.735,600.011
476.255,350.657,350.017
473.809,350.696,474.993
471.363,350.735,599.969
601.533,100.809,352.547
599.087,100.848,477.523
596.641,100.887,602.499
601.382,225.809,352.505
598.936,225.848,477.481
596.49,225.887,602.457
601.231,350.808,352.462
598.785,350.848,477.438
596.339,350.887,602.414
726.509,100.96,354.993
724.063,101,479.969
721.617,101.039,604.945
726.358,225.96,354.95
723.912,226,479.927
721.466,226.039,604.903
726.207,350.96,354.908
723.761,351,479.884
721.315,351.039,604.86
476.245,100.43,475.607
478.521,101.413,600.583
480.797,102.395,725.558
478.08,225.413,474.592
480.356,226.395,599.567
482.632,227.377,724.543
479.915,350.395,473.576
482.191,351.377,598.552
484.467,352.359,723.527
601.211,98.5772,473.346
603.487,99.5593,598.322
605.762,100.541,723.297
603.046,223.56,472.331
605.322,224.542,597.306
607.598,225.524,722.281
604.881,348.542,471.315
607.157,349.524,596.29
609.433,350.506,721.266
726.177,96.7239,471.085
728.452,97.706,596.061
730.728,98.6882,721.036
728.012,221.706,470.07
730.288,222.688,595.045
732.563,223.671,720.02
729.847,346.689,469.054
732.123,347.671,594.029
734.399,348.653,719.005
475.918,101.605,601.828
475.837,100.171,726.819
475.755,98.7374,851.811
477.133,226.591,603.262
477.051,225.157,728.254
476.97,223.723,853.246
478.347,351.576,604.696
478.265,350.143,729.688
478.184,348.709,854.68
600.912,100.389,601.895
600.831,98.9557,726.887
600.749,97.5221,851.879
602.127,225.375,603.33
602.045,223.942,728.321
601.964,222.508,853.313
603.341,350.361,604.764
603.26,348.927,729.756
603.178,347.494,854.747
725.906,99.1741,601.963
725.825,97.7405,726.955
725.743,96.3068,851.946
727.121,224.16,603.397
727.039,222.726,728.389
726.958,221.293,853.381
728.335,349.146,604.832
728.254,347.712,729.823
728.172,346.279,854.815
475.811,226.164,101.407
477.266,229.49,226.354
478.722,232.817,351.302
476.435,351.118,98.0735
477.89,354.444,223.021
479.345,357.771,347.968
477.058,476.072,94.7399
478.513,479.398,219.687
479.969,482.724,344.634
600.801,225.502,99.969
602.256,228.828,224.916
603.712,232.154,349.864
601.425,350.456,96.6354
602.88,353.782,221.583
604.335,357.108,346.53
602.048,475.41,93.3018
603.503,478.736,218.249
604.959,482.062,343.196
725.791,224.84,98.531
727.246,228.166,223.478
728.701,231.492,348.425
726.415,349.794,95.1974
727.87,353.12,220.145
729.325,356.446,345.092
727.038,474.748,91.8638
728.493,478.074,216.811
729.949,481.4,341.758
473.245,225.093,223.231
474.681,222.429,348.194
476.116,219.764,473.157
469.702,350.014,225.935
471.138,347.349,350.898
472.573,344.685,475.862
466.16,474.934,228.639
467.595,472.27,353.602
469.03,469.605,478.566
598.187,228.666,221.872
599.622,226.002,346.835
601.058,223.337,471.798
594.644,353.587,224.576
596.079,350.922,349.539
597.515,348.258,474.502
591.101,478.507,227.28
592.537,475.843,352.243
593.972,473.178,477.207
723.128,232.239,220.513
724.564,229.575,345.476
725.999,226.91,470.439
719.586,357.16,223.217
721.021,354.495,348.18
722.456,351.831,473.143
716.043,482.08,225.921
717.478,479.416,350.884
718.914,476.751,475.848
475.872,226.479,348.902
474.839,223.824,473.87
473.806,221.169,598.837
477.78,351.435,351.572
476.747,348.781,476.54
475.714,346.126,601.507
479.688,476.392,354.243
478.655,473.737,479.21
477.622,471.083,604.178
600.853,224.549,349.894
599.82,221.894,474.861
598.787,219.239,599.829
602.761,349.506,352.564
601.728,346.851,477.532
600.695,344.196,602.499
604.669,474.463,355.235
603.636,471.808,480.202
602.603,469.153,605.17
725.834,222.62,350.886
724.801,219.965,475.853
723.769,217.31,600.821
727.742,347.576,353.556
726.709,344.922,478.524
725.677,342.267,603.491
729.65,472.533,356.227
728.617,469.879,481.194
727.584,467.224,606.162
475.952,225.81,476.277
474.31,226.171,601.266
472.668,226.531,726.254
472.954,350.773,475.877
471.312,351.134,600.866
469.67,351.495,725.854
469.956,475.737,475.477
468.314,476.097,600.465
466.673,476.458,725.454
600.905,228.812,477.91
599.263,229.173,602.899
597.621,229.534,727.887
597.907,353.776,477.51
596.265,354.137,602.498
594.624,354.498,727.487
594.91,478.739,477.11
593.268,479.1,602.098
591.626,479.461,727.087
725.858,231.815,479.543
724.216,232.176,604.531
722.575,232.537,729.52
722.861,356.779,479.142
721.219,357.139,604.131
719.577,357.5,729.12
719.863,481.742,478.742
718.221,482.103,603.731
716.579,482.464,728.72
475.799,223.549,599.314
473.536,223.673,724.293
471.273,223.798,849.273
479.075,348.506,599.249
476.812,348.63,724.229
474.549,348.755,849.208
482.351,473.463,599.184
480.088,473.587,724.164
477.825,473.712,849.143
600.736,220.275,601.58
598.473,220.399,726.559
596.21,220.523,851.539
604.012,345.232,601.515
601.749,345.356,726.494
599.485,345.48,851.474
607.288,470.189,601.45
605.025,470.313,726.429
602.761,470.437,851.409
725.672,217.001,603.845
723.409,217.125,728.825
721.146,217.249,853.804
728.948,341.958,603.78
726.685,342.082,728.76
724.422,342.206,853.739
732.224,466.915,603.716
729.961,467.039,728.695
727.698,467.163,853.674
475.842,348.624,98.6737
477.336,344.942,223.611
478.83,341.26,348.547
473.646,473.55,102.382
475.14,469.868,227.318
476.634,466.186,352.255
471.45,598.475,106.089
472.944,594.793,231.026
474.438,591.111,355.963
600.814,350.863,97.2454
602.308,347.181,222.182
603.802,343.499,347.119
598.618,475.789,100.953
600.112,472.107,225.89
601.606,468.425,350.827
596.422,600.714,104.661
597.916,597.032,229.598
599.41,593.351,354.535
725.786,353.102,95.817
727.28,349.42,220.754
728.774,345.738,345.691
723.59,478.028,99.5248
725.084,474.346,224.462
726.578,470.664,349.398
721.394,602.953,103.233
722.888,599.271,228.17
724.382,595.59,353.106
473.52,350.163,226.494
471.012,349.101,351.464
468.504,348.04,476.434
472.83,475.157,227.541
470.322,474.095,352.512
467.814,473.033,477.482
472.139,600.15,228.589
469.631,599.089,353.56
467.123,598.027,478.53
598.493,350.832,229.007
595.985,349.77,353.978
593.477,348.709,478.948
597.803,475.826,230.055
595.295,474.764,355.026
592.787,473.703,479.996
597.112,600.819,231.103
594.604,599.758,356.073
592.096,598.696,481.044
723.466,351.501,231.521
720.958,350.44,356.491
718.45,349.378,481.462
722.776,476.495,232.569
720.268,475.433,357.539
717.76,474.372,482.51
722.085,601.489,233.617
719.577,600.427,358.587
717.069,599.366,483.557
473.632,348.894,351.599
470.208,347.509,476.544
466.784,346.123,601.49
474.364,473.884,353.005
470.94,472.498,477.95
467.516,471.113,602.895
475.095,598.874,354.41
471.671,597.488,479.356
468.247,596.103,604.301
598.583,348.124,355.014
595.159,346.739,479.96
591.735,345.354,604.905
599.315,473.114,356.42
595.891,471.729,481.366
592.467,470.344,606.311
600.046,598.104,357.826
596.622,596.719,482.771
593.198,595.334,607.717
723.534,347.355,358.43
720.11,345.969,483.376
716.686,344.584,608.321
724.266,472.345,359.836
720.842,470.959,484.781
717.417,469.574,609.727
724.997,597.334,361.242
721.573,595.949,486.187
718.149,594.564,611.132
475.668,350.7,474.382
473.078,347.295,599.308
470.489,343.89,724.235
472.82,475.622,477.728
470.231,472.218,602.654
467.641,468.813,727.581
469.972,600.545,481.073
467.383,597.14,606
464.793,593.735,730.927
600.609,353.476,477.047
598.019,350.071,601.974
595.429,346.666,726.901
597.761,478.399,480.393
595.171,474.994,605.32
592.582,471.589,730.247
594.913,603.322,483.739
592.324,599.917,608.666
589.734,596.512,733.592
725.549,356.253,479.713
722.96,352.848,604.64
720.37,349.443,729.566
722.702,481.176,483.059
720.112,477.771,607.985
717.522,474.366,732.912
719.854,606.099,486.404
717.264,602.694,611.331
714.675,599.289,736.258
476.073,350.918,598.93
475.061,348.662,723.905
474.049,346.406,848.881
478.948,475.864,601.208
477.936,473.608,726.184
476.924,471.352,851.159
481.823,600.81,603.487
480.811,598.554,728.463
479.799,596.298,853.438
601.036,348.025,599.889
600.024,345.769,724.865
599.012,343.513,849.841
603.911,472.971,602.168
602.899,470.715,727.144
601.887,468.459,852.119
606.786,597.917,604.447
605.774,595.661,729.422
604.761,593.406,854.398
725.999,345.133,600.849
724.987,342.877,725.825
723.975,340.621,850.8
728.874,470.079,603.128
727.862,467.823,728.103
726.85,465.567,853.079
731.748,595.025,605.407
730.736,592.769,730.382
729.724,590.513,855.358
475.682,476.773,98.2014
479.306,477.572,223.146
482.93,478.37,348.091
478.037,601.748,97.3348
481.661,602.546,222.28
485.285,603.345,347.225
480.393,726.723,96.4681
484.016,727.521,221.413
487.64,728.319,346.358
600.607,474.394,94.5933
604.231,475.192,219.538
607.855,475.99,344.483
602.962,599.369,93.7267
606.586,600.167,218.672
610.21,600.965,343.617
605.318,724.344,92.86
608.942,725.142,217.805
612.566,725.94,342.75
725.532,472.015,90.9853
729.156,472.813,215.93
732.78,473.611,340.875
727.888,596.989,90.1186
731.512,597.787,215.064
735.135,598.586,340.008
730.243,721.964,89.252
733.867,722.762,214.197
737.491,723.56,339.142
475.095,473.509,223.057
475.325,473.295,348.057
475.555,473.082,473.056
474.368,598.506,223.272
474.598,598.293,348.272
474.828,598.079,473.271
473.641,723.504,223.487
473.871,723.291,348.487
474.101,723.077,473.486
600.092,474.236,222.828
600.323,474.022,347.828
600.553,473.809,472.827
599.366,599.234,223.043
599.596,599.02,348.043
599.826,598.807,473.042
598.639,724.231,223.258
598.869,724.018,348.258
599.099,723.804,473.257
725.09,474.963,222.599
725.32,474.75,347.599
725.551,474.536,472.599
724.363,599.961,222.814
724.593,599.747,347.814
724.824,599.534,472.813
723.636,724.959,223.029
723.867,724.745,348.029
724.097,724.532,473.028
475.843,475.054,349.319
473.067,475.441,474.288
470.291,475.828,599.256
476.518,600.052,348.947
473.742,600.439,473.916
470.966,600.826,598.884
477.192,725.049,348.575
474.417,725.436,473.543
471.641,725.824,598.512
600.81,474.388,352.097
598.035,474.775,477.066
595.259,475.162,602.034
601.485,599.385,351.725
598.709,599.773,476.693
595.933,600.16,601.662
602.16,724.383,351.352
599.384,724.77,476.321
596.608,725.157,601.29
725.778,473.722,354.875
723.002,474.109,479.844
720.226,474.496,604.812
726.452,598.719,354.503
723.677,599.106,479.471
720.901,599.494,604.44
727.127,723.717,354.13
724.351,724.104,479.099
721.575,724.491,604.067
474.075,474.684,473.182
476.052,473.715,598.163
478.028,472.745,723.143
473.14,599.677,474.167
475.116,598.707,599.147
477.092,597.737,724.128
472.205,724.67,475.151
474.181,723.7,600.132
476.157,722.73,725.112
599.056,475.635,471.213
601.032,474.665,596.194
603.009,473.696,721.174
598.121,600.628,472.198
600.097,599.658,597.178
602.073,598.688,722.159
597.186,725.62,473.182
599.162,724.651,598.163
601.138,723.681,723.144
724.037,476.586,469.244
726.013,475.616,594.225
727.99,474.646,719.206
723.102,601.578,470.229
725.078,600.609,595.21
727.054,599.639,720.19
722.166,726.571,471.214
724.143,725.601,596.194
726.119,724.632,721.175
475.686,473.33,600.799
474.467,473.804,725.792
473.248,474.279,850.785
472.226,598.281,600.29
471.007,598.755,725.283
469.788,599.23,850.276
468.765,723.232,599.782
467.546,723.707,724.775
466.327,724.181,849.768
600.632,476.795,602.004
599.413,477.27,726.997
598.194,477.744,851.99
597.172,601.746,601.496
595.953,602.221,726.489
594.734,602.696,851.482
593.712,726.697,600.987
592.492,727.172,725.98
591.273,727.647,850.973
725.579,480.26,603.21
724.359,480.735,728.203
723.14,481.21,853.196
722.118,605.211,602.701
720.899,605.686,727.694
719.68,606.161,852.687
718.658,730.162,602.193
717.439,730.637,727.186
716.22,731.112,852.179
473.232,601.64,100.383
475.266,601.885,225.367
477.299,602.13,350.35
473.382,726.639,100.136
475.415,726.885,225.119
477.449,727.13,350.102
473.532,851.639,99.8877
475.565,851.884,224.871
477.598,852.13,349.854
598.216,601.486,98.3503
600.249,601.731,223.334
602.282,601.977,348.317
598.365,726.486,98.1025
600.399,726.731,223.086
602.432,726.976,348.069
598.515,851.485,97.8547
600.548,851.731,222.838
602.582,851.976,347.821
723.199,601.332,96.3173
725.232,601.578,221.301
727.266,601.823,346.284
723.349,726.332,96.0695
725.382,726.577,221.053
727.415,726.823,346.036
723.498,851.332,95.8216
725.532,851.577,220.805
727.565,851.822,345.788
473.974,600.11,225.011
477.23,597.723,349.946
480.486,595.337,474.88
473.294,725.085,227.415
476.55,722.698,352.35
479.807,720.312,477.285
472.614,850.06,229.82
475.871,847.673,354.755
479.127,845.287,479.69
598.929,600.851,221.768
602.186,598.465,346.703
605.442,596.079,471.638
598.25,725.826,224.173
601.506,723.44,349.107
604.762,721.054,474.042
597.57,850.801,226.577
600.826,848.415,351.512
604.083,846.029,476.447
723.885,601.593,218.525
727.141,599.207,343.46
730.398,596.821,468.395
723.205,726.568,220.93
726.462,724.182,345.865
729.718,721.796,470.8
722.526,851.543,223.335
725.782,849.157,348.269
729.038,846.771,473.204
475.791,599.202,350.434
478.069,600.902,475.402
480.347,602.601,600.37
478.479,724.161,348.686
480.757,725.861,473.654
483.035,727.56,598.622
481.168,849.12,346.938
483.446,850.819,471.906
485.724,852.519,596.873
600.741,596.483,348.194
603.019,598.182,473.161
605.297,599.881,598.129
603.43,721.442,346.445
605.708,723.141,471.413
607.986,724.84,596.381
606.118,846.401,344.697
608.396,848.1,469.665
610.674,849.799,594.633
725.692,593.763,345.953
727.97,595.462,470.921
730.248,597.162,595.888
728.38,718.722,344.205
730.658,720.421,469.172
732.936,722.121,594.14
731.068,843.681,342.457
733.346,845.38,467.424
735.625,847.079,592.392
476.853,600.71,475.667
478.486,601.499,600.654
480.119,602.287,725.64
479.06,725.688,474.85
480.692,726.477,599.836
482.325,727.265,724.823
481.266,850.666,474.032
482.899,851.455,599.019
484.532,852.243,724.006
601.823,598.494,474.048
603.456,599.282,599.035
605.089,600.071,724.022
604.029,723.472,473.231
605.662,724.26,598.218
607.295,725.048,723.205
606.236,848.449,472.414
607.869,849.238,597.401
609.501,850.026,722.387
726.793,596.277,472.43
728.426,597.065,597.416
730.059,597.854,722.403
728.999,721.255,471.612
730.632,722.043,596.599
732.265,722.832,721.586
731.206,846.233,470.795
732.838,847.021,595.782
734.471,847.81,720.769
475.614,599.817,599.444
474.768,596.859,724.406
473.922,593.9,849.368
476.672,724.777,602.41
475.826,721.819,727.372
474.98,718.86,852.334
477.73,849.738,605.375
476.883,846.779,730.337
476.037,843.821,855.3
600.607,598.74,600.265
599.761,595.781,725.227
598.915,592.823,850.189
601.665,723.7,603.231
600.818,720.742,728.193
599.972,717.783,853.155
602.722,848.66,606.196
601.876,845.702,731.158
601.03,842.743,856.12
725.6,597.662,601.086
724.754,594.704,726.048
723.907,591.745,851.01
726.657,722.623,604.051
725.811,719.664,729.014
724.965,716.706,853.976
727.715,847.583,607.017
726.869,844.625,731.979
726.022,841.666,856.941
598.925,99.3112,98.0073
600.423,97.5522,222.986
601.922,95.7933,347.965
596.558,224.276,99.7944
598.056,222.517,224.773
599.554,220.758,349.752
594.191,349.241,101.582
595.689,347.482,226.56
597.187,345.723,351.539
723.894,101.699,96.5428
725.392,99.9405,221.521
726.89,98.1816,346.5
721.526,226.664,98.3299
723.025,224.905,223.309
724.523,223.146,348.287
719.159,351.629,100.117
720.658,349.87,225.096
722.156,348.111,350.074
848.862,104.088,95.0782
850.361,102.329,220.057
851.859,100.57,345.035
846.495,229.052,96.8653
847.993,227.294,221.844
849.492,225.535,346.823
844.128,354.017,98.6524
845.626,352.258,223.631
847.124,350.499,348.61
600.963,99.8805,226.515
602.604,102.841,351.469
604.244,105.801,476.423
597.443,224.797,223.601
599.083,227.757,348.556
600.724,230.718,473.51
593.922,349.713,220.688
595.563,352.674,345.642
597.204,355.634,470.597
725.903,103.361,224.792
727.544,106.322,349.746
729.184,109.282,474.7
722.382,228.278,221.879
724.023,231.238,346.833
725.664,234.199,471.787
718.862,353.194,218.965
720.503,356.155,343.92
722.143,359.115,468.874
850.843,106.842,223.069
852.483,109.803,348.023
854.124,112.763,472.977
847.322,231.759,220.156
848.963,234.719,345.11
850.603,237.68,470.064
843.802,356.675,217.243
845.442,359.636,342.197
847.083,362.596,467.151
598.212,100.575,349.103
596.439,97.7198,474.058
594.666,94.8645,599.013
595.878,225.521,351.925
594.105,222.666,476.88
592.332,219.811,601.835
593.544,350.468,354.747
591.77,347.612,479.702
589.997,344.757,604.657
723.178,102.869,350.929
721.405,100.013,475.884
719.632,97.158,600.839
720.844,227.815,353.751
719.07,224.96,478.706
717.297,222.104,603.661
718.509,352.761,356.573
716.736,349.906,481.528
714.963,347.051,606.483
848.144,105.162,352.755
846.37,102.307,477.71
844.597,99.4516,602.664
845.809,230.109,355.577
844.036,227.253,480.532
842.263,224.398,605.486
843.475,355.055,358.399
841.702,352.2,483.354
839.928,349.344,608.308
599.894,101.127,475.89
597.789,102.275,600.867
595.685,103.424,725.844
603.342,226.075,474.8
601.238,227.223,599.777
599.133,228.371,724.754
606.79,351.022,473.71
604.686,352.171,598.687
602.582,353.319,723.664
724.828,97.6977,478.025
722.724,98.8461,603.002
720.62,99.9945,727.979
728.277,222.645,476.935
726.172,223.794,601.912
724.068,224.942,726.889
731.725,347.593,475.845
729.621,348.741,600.822
727.516,349.89,725.799
849.763,94.2684,480.16
847.659,95.4168,605.137
845.554,96.5652,730.114
853.211,219.216,479.07
851.107,220.364,604.047
849.003,221.513,729.024
856.66,344.164,477.98
854.555,345.312,602.957
852.451,346.461,727.934
599.564,100.494,601.076
599.128,99.8275,726.073
598.692,99.1607,851.071
597.649,225.478,601.736
597.213,224.811,726.733
596.777,224.144,851.731
595.733,350.462,602.396
595.298,349.795,727.393
594.862,349.128,852.391
724.548,102.407,601.522
724.112,101.74,726.519
723.676,101.073,851.517
722.633,227.391,602.182
722.197,226.724,727.179
721.761,226.057,852.177
720.718,352.374,602.842
720.282,351.707,727.84
719.846,351.041,852.837
849.533,104.32,601.968
849.097,103.653,726.965
848.661,102.986,851.963
847.618,229.304,602.628
847.182,228.637,727.626
846.746,227.97,852.623
845.703,354.287,603.288
845.267,353.62,728.286
844.831,352.953,853.283
601.176,223.279,100.32
601.45,225.789,225.294
601.725,228.299,350.269
598.29,348.221,97.8168
598.565,350.731,222.791
598.84,353.241,347.766
595.405,473.163,95.3138
595.679,475.673,220.288
595.954,478.183,345.263
726.142,226.159,99.9872
726.417,228.669,224.962
726.692,231.179,349.936
723.257,351.1,97.4843
723.531,353.61,222.459
723.806,356.12,347.433
720.371,476.042,94.9813
720.646,478.552,219.956
720.921,481.062,344.93
851.108,229.038,99.6547
851.383,231.548,224.629
851.658,234.058,349.604
848.223,353.98,97.1517
848.498,356.49,222.126
848.772,359,347.101
845.337,478.922,94.6487
845.612,481.432,219.623
845.887,483.942,344.598
600.498,226.444,226.306
599.134,226.201,351.298
597.769,225.959,476.291
602.451,351.428,226.57
601.087,351.186,351.562
599.723,350.943,476.554
604.405,476.413,226.833
603.04,476.17,351.826
601.676,475.928,476.818
725.475,224.487,227.666
724.111,224.245,352.659
722.746,224.003,477.651
727.429,349.472,227.93
726.064,349.23,352.922
724.7,348.987,477.915
729.382,474.456,228.194
728.018,474.214,353.186
726.653,473.972,478.179
850.453,222.531,229.027
849.088,222.289,354.019
847.724,222.046,479.012
852.406,347.516,229.291
851.042,347.273,354.283
849.677,347.031,479.275
854.359,472.5,229.554
852.995,472.258,354.547
851.631,472.015,479.539
601.195,226.342,349.628
597.8,227.754,474.574
594.405,229.166,599.52
601.028,351.333,348.21
597.634,352.746,473.156
594.239,354.158,598.102
600.862,476.325,346.793
597.467,477.738,471.739
594.072,479.15,596.685
726.148,226.546,353.02
722.754,227.959,477.966
719.359,229.371,602.912
725.982,351.538,351.603
722.587,352.951,476.549
719.193,354.363,601.495
725.816,476.53,350.186
722.421,477.942,475.132
719.026,479.355,600.078
851.102,226.751,356.413
847.708,228.164,481.359
844.313,229.576,606.305
850.936,351.743,354.996
847.541,353.155,479.942
844.146,354.568,604.887
850.769,476.735,353.578
847.375,478.147,478.524
843.98,479.56,603.47
600.05,223.616,474.364
603.001,223.06,599.328
605.952,222.503,724.292
602.534,348.59,474.861
605.485,348.034,599.825
608.436,347.478,724.789
605.017,473.564,475.359
607.969,473.008,600.323
610.92,472.452,725.287
724.99,221.144,471.402
727.942,220.588,596.366
730.893,220.032,721.33
727.474,346.119,471.9
730.425,345.563,596.863
733.377,345.006,721.827
729.958,471.093,472.397
732.909,470.537,597.361
735.86,469.981,722.325
849.931,218.673,468.44
852.882,218.117,593.404
855.833,217.561,718.368
852.415,343.647,468.938
855.366,343.091,593.902
858.317,342.535,718.866
854.898,468.622,469.435
857.85,468.066,594.399
860.801,467.509,719.363
599.774,225.954,599.234
597.215,228.657,724.178
594.657,231.36,849.123
601.565,350.913,596.567
599.006,353.616,721.512
596.448,356.319,846.456
603.356,475.872,593.901
600.797,478.575,718.845
598.239,481.278,843.79
724.734,224.219,601.83
722.176,226.922,726.775
719.618,229.625,851.719
726.526,349.177,599.163
723.967,351.88,724.108
721.409,354.583,849.053
728.317,474.136,596.497
725.758,476.839,721.441
723.2,479.542,846.386
849.695,222.483,604.426
847.137,225.186,729.371
844.579,227.889,854.315
851.487,347.442,601.76
848.928,350.145,726.704
846.37,352.848,851.649
853.278,472.4,599.093
850.719,475.103,724.037
848.161,477.806,848.982
601.802,349.995,98.5549
599.006,346.372,223.471
596.21,342.749,348.387
603.492,474.93,102.216
600.696,471.307,227.133
597.899,467.684,352.049
605.181,599.865,105.878
602.385,596.242,230.794
599.589,592.619,355.71
726.759,348.225,101.301
723.963,344.602,226.217
721.167,340.979,351.133
728.449,473.16,104.962
725.653,469.537,229.878
722.857,465.914,354.794
730.139,598.095,108.624
727.342,594.472,233.54
724.546,590.849,358.456
851.717,346.455,104.046
848.921,342.831,228.963
846.124,339.208,353.879
853.406,471.389,107.708
850.61,467.766,232.624
847.814,464.143,357.54
855.096,596.324,111.369
852.3,592.701,236.285
849.504,589.078,361.202
601.46,351.535,226.91
600.541,353.754,351.887
599.621,355.974,476.864
600.687,476.512,224.684
599.768,478.732,349.661
598.849,480.952,474.638
599.915,601.49,222.459
598.996,603.71,347.436
598.076,605.93,472.413
726.454,352.323,227.815
725.535,354.543,352.792
724.615,356.763,477.769
725.682,477.301,225.59
724.762,479.521,350.567
723.843,481.741,475.544
724.909,602.279,223.364
723.99,604.499,348.341
723.07,606.719,473.318
851.448,353.112,228.721
850.529,355.332,353.698
849.61,357.552,478.675
850.676,478.09,226.495
849.757,480.31,351.472
848.837,482.53,476.449
849.903,603.068,224.27
848.984,605.288,349.247
848.065,607.507,474.224
601.82,348.818,348.55
598.344,351.383,473.475
594.868,353.948,598.4
604.918,473.755,346.071
601.442,476.32,470.996
597.965,478.885,595.921
608.015,598.692,343.592
604.539,601.257,468.517
601.063,603.822,593.442
726.734,345.791,352.088
723.257,348.356,477.013
719.781,350.921,601.938
729.831,470.728,349.609
726.355,473.293,474.534
722.879,475.858,599.459
732.929,595.665,347.13
729.452,598.23,472.055
725.976,600.795,596.98
851.647,342.764,355.626
848.171,345.329,480.551
844.694,347.894,605.476
854.744,467.701,353.147
851.268,470.266,478.072
847.792,472.831,602.997
857.842,592.638,350.668
854.366,595.203,475.593
850.889,597.768,600.518
601.449,350.283,473.798
599.501,350.162,598.782
597.553,350.04,723.767
602.358,475.28,473.933
600.41,475.158,598.918
598.462,475.037,723.903
603.267,600.276,474.069
601.319,600.155,599.054
599.37,600.034,724.038
726.431,349.373,475.745
724.483,349.251,600.73
722.535,349.13,725.714
727.34,474.369,475.88
725.391,474.248,600.865
723.443,474.126,725.85
728.248,599.366,476.016
726.3,599.244,601.001
724.352,599.123,725.986
851.413,348.462,477.692
849.464,348.34,602.677
847.516,348.219,727.662
852.321,473.459,477.828
850.373,473.337,602.812
848.425,473.216,727.797
853.23,598.455,477.963
851.282,598.334,602.948
849.333,598.212,727.933
599.913,350.331,601.588
602.812,347.017,726.51
605.711,343.702,851.433
599.597,475.287,604.911
602.496,471.972,729.833
605.395,468.657,854.756
599.282,600.242,608.234
602.181,596.927,733.156
605.08,593.613,858.079
724.879,350.723,598.698
727.778,347.409,723.621
730.677,344.094,848.543
724.563,475.679,602.021
727.462,472.364,726.944
730.361,469.049,851.866
724.248,600.634,605.344
727.147,597.32,730.266
730.046,594.005,855.189
849.845,351.115,595.809
852.744,347.801,720.731
855.643,344.486,845.654
849.529,476.071,599.132
852.428,472.756,724.054
855.327,469.442,848.976
849.214,601.026,602.454
852.113,597.712,727.377
855.012,594.397,852.299
598.953,476.972,98.6818
597.573,476.277,223.672
596.193,475.582,348.663
598.924,601.97,99.3761
597.544,601.275,224.367
596.164,600.581,349.357
598.895,726.968,100.07
597.516,726.273,225.061
596.136,725.579,350.051
723.945,476.993,100.062
722.565,476.298,225.052
721.186,475.604,350.043
723.917,601.991,100.756
722.537,601.296,225.747
721.157,600.602,350.737
723.888,726.989,101.45
722.508,726.294,226.441
721.128,725.6,351.431
848.938,477.014,101.442
847.558,476.319,226.432
846.178,475.625,351.423
848.909,602.012,102.136
847.529,601.317,227.127
846.149,600.623,352.117
848.88,727.01,102.83
847.5,726.315,227.821
846.12,725.621,352.811
601.917,474.084,224.353
599.386,476.115,349.31
596.855,478.145,474.268
599.401,599.041,222.271
596.87,601.072,347.229
594.339,603.103,472.187
596.885,723.999,220.189
594.354,726.029,345.147
591.823,728.06,470.105
726.866,476.641,226.842
724.335,478.672,351.8
721.804,480.702,476.758
724.35,601.599,224.761
721.819,603.629,349.718
719.288,605.66,474.676
721.834,726.556,222.679
719.303,728.587,347.637
716.772,730.617,472.595
851.815,479.198,229.332
849.284,481.229,354.29
846.753,483.26,479.247
849.299,604.156,227.25
846.768,606.186,352.208
844.237,608.217,477.166
846.783,729.113,225.168
844.252,731.144,350.126
841.721,733.174,475.084
598.467,474.358,348.227
596.646,472.177,473.194
594.826,469.997,598.162
600.893,599.314,350.442
599.073,597.134,475.41
597.253,594.954,600.377
603.32,724.271,352.658
601.5,722.091,477.625
599.68,719.91,602.593
723.43,471.899,350.004
721.61,469.719,474.971
719.789,467.538,599.939
725.857,596.856,352.219
724.036,594.676,477.187
722.216,592.495,602.155
728.283,721.813,354.435
726.463,719.632,479.403
724.643,717.452,604.37
848.393,469.441,351.781
846.573,467.26,476.749
844.753,465.08,601.716
850.82,594.398,353.997
849,592.217,478.964
847.179,590.037,603.932
853.246,719.354,356.212
851.426,717.174,481.18
849.606,714.994,606.147
599.928,475.161,475.642
603.097,472.64,600.576
606.265,470.119,725.511
601.359,600.128,478.127
604.528,597.607,603.062
607.696,595.086,727.996
602.79,725.095,480.613
605.959,722.574,605.547
609.127,720.053,730.482
724.88,473.794,472.446
728.048,471.273,597.38
731.216,468.752,722.315
726.311,598.761,474.931
729.479,596.24,599.866
732.647,593.719,724.8
727.742,723.728,477.417
730.91,721.207,602.351
734.078,718.686,727.285
849.832,472.427,469.25
853,469.905,594.184
856.168,467.384,719.118
851.263,597.394,471.735
854.431,594.873,596.669
857.599,592.351,721.604
852.694,722.361,474.22
855.862,719.84,599.155
859.03,717.319,724.089
600.518,476.144,601.405
600.189,476.893,726.403
599.861,477.643,851.4
601.026,601.14,600.657
600.697,601.89,725.655
600.369,602.639,850.652
601.534,726.137,599.909
601.205,726.887,724.907
600.877,727.636,849.904
725.516,475.638,601.737
725.188,476.387,726.734
724.859,477.137,851.732
726.024,600.635,600.989
725.696,601.384,725.986
725.367,602.133,850.983
726.532,725.631,600.241
726.204,726.381,725.238
725.875,727.13,850.235
850.515,475.132,602.068
850.186,475.881,727.066
849.858,476.631,852.063
851.023,600.129,601.32
850.694,600.878,726.318
850.366,601.627,851.315
851.531,725.125,600.572
851.202,725.875,725.569
850.874,726.624,850.567
600.611,599.807,98.8098
602.494,601.375,223.786
604.377,602.942,348.762
601.213,724.796,97.2333
603.096,726.363,222.209
604.979,727.931,347.185
601.814,849.785,95.6568
603.697,851.352,220.633
605.581,852.919,345.609
725.595,599.182,96.9344
727.478,600.749,221.91
729.362,602.317,346.886
726.197,724.171,95.3579
728.08,725.738,220.334
729.963,727.305,345.31
726.799,849.159,93.7814
728.682,850.727,218.757
730.565,852.294,343.733
850.58,598.557,95.0591
852.463,600.124,220.035
854.346,601.691,345.011
851.181,723.545,93.4826
853.065,725.113,218.459
854.948,726.68,343.435
851.783,848.534,91.9061
853.666,850.101,216.882
855.549,851.669,341.858
598.45,598.502,225.801
594.809,598.732,350.748
591.168,598.963,475.695
600.718,723.481,225.636
597.076,723.712,350.583
593.435,723.942,475.53
602.985,848.46,225.472
599.344,848.691,350.418
595.702,848.922,475.365
723.377,596.24,229.446
719.735,596.471,354.393
716.094,596.702,479.34
725.644,721.219,229.281
722.003,721.45,354.228
718.361,721.681,479.175
727.911,846.199,229.117
724.27,846.429,354.063
720.629,846.66,479.01
848.303,593.978,233.091
844.662,594.209,358.038
841.02,594.44,482.984
850.57,718.958,232.926
846.929,719.188,357.873
843.288,719.419,482.82
852.838,843.937,232.761
849.196,844.168,357.708
845.555,844.399,482.655
600.211,601.643,351.487
598.378,598.581,476.436
596.545,595.519,601.385
600.722,726.604,354.556
598.888,723.543,479.505
597.055,720.481,604.454
601.232,851.566,357.626
599.399,848.504,482.575
597.565,845.442,607.524
725.197,601.088,353.307
723.364,598.026,478.256
721.53,594.964,603.205
725.707,726.049,356.376
723.874,722.988,481.326
722.041,719.926,606.275
726.217,851.011,359.446
724.384,847.949,484.395
722.551,844.887,609.344
850.182,600.533,355.127
848.349,597.471,480.076
846.516,594.409,605.025
850.693,725.494,358.197
848.859,722.432,483.146
847.026,719.371,608.095
851.203,850.456,361.266
849.37,847.394,486.215
847.537,844.332,611.164
598.982,598.978,475.54
597.517,595.297,600.478
596.052,591.615,725.415
597.134,723.911,479.201
595.669,720.229,604.138
594.205,716.547,729.075
595.286,848.844,482.861
593.821,845.162,607.798
592.357,841.48,732.735
723.959,600.782,477.059
722.495,597.101,601.996
721.03,593.419,726.933
722.112,725.715,480.719
720.647,722.033,605.656
719.182,718.352,730.593
720.264,850.648,484.379
718.799,846.966,609.316
717.335,843.284,734.253
848.937,602.586,478.577
847.473,598.905,603.514
846.008,595.223,728.451
847.089,727.519,482.237
845.625,723.837,607.174
844.16,720.156,732.111
845.242,852.452,485.897
843.777,848.77,610.834
842.312,845.088,735.771
600.66,599.102,601.522
601.504,596.912,726.5
602.348,594.723,851.478
600.987,724.082,603.71
601.831,721.893,728.688
602.675,719.703,853.666
601.314,849.063,605.897
602.158,846.873,730.875
603.002,844.683,855.853
725.656,598.79,600.672
726.5,596.6,725.65
727.345,594.41,850.628
725.983,723.77,602.86
726.828,721.58,727.838
727.672,719.391,852.816
726.311,848.75,605.047
727.155,846.561,730.025
727.999,844.371,855.003
850.653,598.477,599.823
851.497,596.288,724.801
852.341,594.098,849.779
850.98,723.458,602.01
851.824,721.268,726.988
852.668,719.078,851.966
851.307,848.438,604.198
852.151,846.249,729.176
852.996,844.059,854.154
