27,125,pa2-debug-d-output1.txt
201.284,203.238,191.912
406.312,390.82,198.032
101.858,101.285,100.917
100.531,104.064,225.879
99.205,106.843,350.841
102.754,226.251,98.1468
101.427,229.03,223.109
100.101,231.809,348.071
103.65,351.217,95.3769
102.323,353.996,220.339
100.997,356.775,345.301
226.847,100.418,102.263
225.521,103.198,227.225
224.195,105.977,352.187
227.743,225.384,99.4927
226.417,228.164,224.455
225.091,230.943,349.417
228.639,350.351,96.7229
227.313,353.13,221.685
225.987,355.909,346.647
351.837,99.552,103.608
350.511,102.331,228.571
349.185,105.111,353.533
352.733,224.518,100.839
351.407,227.297,225.801
350.081,230.077,350.763
353.629,349.484,98.0688
352.303,352.263,223.031
350.977,355.043,347.993
100.859,99.8454,224.205
101.475,99.0025,349.201
102.091,98.1596,474.197
100.41,224.842,225.05
101.026,223.999,350.046
101.642,223.156,475.042
99.9605,349.838,225.896
100.576,348.995,350.891
101.192,348.152,475.887
225.857,100.299,223.592
226.473,99.4561,348.588
227.089,98.6132,473.584
225.408,225.295,224.438
226.023,224.452,349.433
226.639,223.61,474.429
224.958,350.292,225.283
225.574,349.449,350.278
226.19,348.606,475.274
350.855,100.753,222.98
351.471,99.9098,347.975
352.086,99.0668,472.971
350.405,225.749,223.825
351.021,224.906,348.82
351.637,224.063,473.816
349.956,350.745,224.67
350.572,349.902,349.666
351.188,349.06,474.661
100.36,98.3727,348.113
101.281,100.059,473.098
102.201,101.745,598.084
98.7123,223.351,346.439
99.6325,225.037,471.425
100.553,226.723,596.41
97.0643,348.329,344.765
97.9845,350.015,469.751
98.9047,351.701,594.736
225.346,100.008,347.171
226.266,101.694,472.156
227.187,103.38,597.141
223.698,224.986,345.497
224.618,226.672,470.482
225.538,228.358,595.468
222.05,349.964,343.823
222.97,351.65,468.808
223.89,353.336,593.794
350.332,101.644,346.229
351.252,103.33,471.214
352.172,105.016,596.199
348.684,226.622,344.555
349.604,228.308,469.54
350.524,229.994,594.525
347.036,351.6,342.881
347.956,353.286,467.866
348.876,354.972,592.851
99.1599,98.4778,475.303
101.932,97.5196,600.269
104.705,96.5613,725.234
96.2143,223.439,476.327
98.9867,222.481,601.292
101.759,221.522,726.258
93.2687,348.4,477.35
96.0411,347.442,602.316
98.8135,346.484,727.281
224.094,101.445,472.554
226.867,100.487,597.52
229.639,99.5288,722.485
221.149,226.406,473.578
223.921,225.448,598.543
226.694,224.49,723.509
218.203,351.367,474.601
220.976,350.409,599.567
223.748,349.451,724.532
349.029,104.413,469.805
351.801,103.454,594.771
354.574,102.496,719.736
346.083,229.374,470.829
348.856,228.416,595.794
351.628,227.457,720.76
343.138,354.335,471.852
345.91,353.377,596.818
348.683,352.418,721.783
99.119,100.721,598.537
96.5054,99.2122,723.5
93.8918,97.7029,848.464
100.22,225.707,600.069
97.606,224.198,725.033
94.9924,222.689,849.996
101.32,350.693,601.602
98.7066,349.184,726.565
96.093,347.674,851.529
224.087,99.5891,601.137
221.473,98.0799,726.1
218.86,96.5706,851.064
225.187,224.575,602.669
222.574,223.066,727.633
219.96,221.556,852.596
226.288,349.561,604.202
223.674,348.051,729.165
221.061,346.542,854.129
349.055,98.4568,603.737
346.441,96.9475,728.7
343.827,95.4383,853.664
350.155,223.443,605.269
347.542,221.933,730.233
344.928,220.424,855.196
351.256,348.428,606.802
348.642,346.919,731.765
346.029,345.41,856.729
99.8911,225.544,98.2664
97.2344,227.715,223.219
94.5777,229.886,348.172
100.713,350.522,96.1124
98.056,352.693,221.065
95.3993,354.864,346.018
101.534,475.501,93.9584
98.8776,477.672,218.911
96.2209,479.843,343.864
224.86,224.768,100.937
222.203,226.939,225.89
219.547,229.11,350.843
225.682,349.747,98.783
223.025,351.918,223.736
220.368,354.089,348.689
226.503,474.726,96.629
223.847,476.897,221.582
221.19,479.068,346.535
349.829,223.993,103.608
347.173,226.164,228.56
344.516,228.335,353.513
350.651,348.971,101.454
347.994,351.142,226.406
345.337,353.313,351.359
351.472,473.95,99.2995
348.816,476.121,224.252
346.159,478.292,349.205
100.416,223.786,224.49
100.748,220.795,349.454
101.081,217.805,474.418
98.0052,348.727,227.487
98.3376,345.736,352.45
98.67,342.746,477.414
95.5946,473.668,230.483
95.927,470.677,355.447
96.2594,467.687,480.411
225.392,226.204,224.216
225.725,223.213,349.18
226.057,220.223,474.143
222.982,351.145,227.212
223.314,348.154,352.176
223.646,345.164,477.14
220.571,476.085,230.209
220.903,473.095,355.172
221.236,470.104,480.136
350.368,228.622,223.941
350.701,225.631,348.905
351.033,222.641,473.869
347.958,353.562,226.938
348.29,350.572,351.901
348.623,347.581,476.865
345.547,478.503,229.934
345.88,475.513,354.898
346.212,472.522,479.861
100.951,224.623,349.464
101.418,221.695,474.429
101.885,218.767,599.394
99.2342,349.577,352.398
99.701,346.649,477.363
100.168,343.721,602.328
97.517,474.531,355.332
97.9838,471.603,480.297
98.4507,468.675,605.262
225.939,226.351,349.038
226.405,223.423,474.003
226.872,220.495,598.967
224.221,351.305,351.972
224.688,348.377,476.937
225.155,345.449,601.901
222.504,476.258,354.906
222.971,473.33,479.871
223.438,470.403,604.835
350.926,228.078,348.611
351.393,225.151,473.576
351.86,222.223,598.541
349.209,353.032,351.545
349.676,350.104,476.51
350.142,347.176,601.475
347.492,477.986,354.479
347.959,475.058,479.444
348.425,472.13,604.409
98.7045,224.035,476.652
100.591,225.57,601.628
102.478,227.105,726.604
95.3937,348.982,475.167
97.2806,350.517,600.143
99.1675,352.052,725.12
92.083,473.93,473.683
93.9699,475.464,598.659
95.8568,476.999,723.635
223.646,227.323,474.725
225.533,228.857,599.701
227.42,230.392,724.678
220.336,352.27,473.24
222.223,353.805,598.217
224.109,355.34,723.193
217.025,477.217,471.756
218.912,478.752,596.732
220.799,480.287,721.709
348.588,230.61,472.798
350.475,232.145,597.775
352.362,233.68,722.751
345.278,355.558,471.314
347.164,357.092,596.29
349.051,358.627,721.266
341.967,480.505,469.829
343.854,482.04,594.806
345.741,483.575,719.782
99.0471,226.482,601.096
97.9739,225.835,726.089
96.9008,225.188,851.083
95.5434,351.432,601.712
94.4703,350.785,726.706
93.3972,350.138,851.7
92.0398,476.381,602.329
90.9667,475.734,727.323
89.8936,475.087,852.316
223.993,229.98,602.186
222.92,229.333,727.18
221.847,228.687,852.174
220.49,354.93,602.803
219.417,354.283,727.797
218.344,353.636,852.79
216.986,479.879,603.42
215.913,479.232,728.413
214.84,478.585,853.407
348.94,233.478,603.277
347.867,232.832,728.271
346.793,232.185,853.265
345.436,358.428,603.894
344.363,357.781,728.888
343.29,357.134,853.881
341.932,483.377,604.51
340.859,482.73,729.504
339.786,482.083,854.498
98.8075,351.24,101.068
99.6662,352.311,226.061
100.525,353.383,351.053
101.2,476.212,99.9806
102.059,477.284,224.973
102.918,478.355,349.965
103.593,601.185,98.893
104.452,602.256,223.885
105.311,603.327,348.878
223.782,348.84,100.23
224.64,349.911,225.223
225.499,350.982,350.215
226.175,473.812,99.1426
227.033,474.883,224.135
227.892,475.955,349.127
228.568,598.784,98.055
229.426,599.856,223.047
230.285,600.927,348.04
348.756,346.439,99.3921
349.614,347.511,224.385
350.473,348.582,349.377
351.149,471.412,98.3046
352.007,472.483,223.297
352.866,473.554,348.29
353.542,596.384,97.217
354.4,597.455,222.209
355.259,598.527,347.202
100.792,351.672,223.103
99.2122,355.311,348.04
97.6329,358.951,472.977
103.28,476.595,219.496
101.701,480.234,344.433
100.121,483.874,469.37
105.768,601.518,215.888
104.189,605.157,340.825
102.61,608.797,465.762
225.757,349.23,224.754
224.177,352.87,349.691
222.598,356.509,474.628
228.245,474.153,221.146
226.666,477.793,346.084
225.086,481.432,471.021
230.733,599.076,217.539
229.154,602.716,342.476
227.575,606.355,467.413
350.722,346.789,226.405
349.143,350.428,351.342
347.563,354.068,476.279
353.21,471.712,222.797
351.631,475.351,347.734
350.052,478.991,472.671
355.699,596.635,219.19
354.119,600.274,344.127
352.54,603.914,469.064
100.676,351.243,351.226
99.4544,350.889,476.22
98.2326,350.534,601.214
103.053,476.22,351.604
101.831,475.865,476.597
100.609,475.511,601.591
105.429,601.197,351.981
104.208,600.842,476.975
102.986,600.488,601.969
225.648,348.863,352.441
224.426,348.508,477.435
223.204,348.154,602.428
228.024,473.84,352.819
226.802,473.485,477.812
225.581,473.131,602.806
230.401,598.816,353.196
229.179,598.462,478.19
227.957,598.108,603.183
350.619,346.483,353.656
349.397,346.128,478.65
348.175,345.774,603.643
352.996,471.459,354.034
351.774,471.105,479.027
350.552,470.751,604.021
355.372,596.436,354.411
354.151,596.082,479.405
352.929,595.728,604.398
100.167,349.058,474.503
103.21,349.192,599.466
106.254,349.326,724.429
102.528,474.036,474.312
105.571,474.17,599.275
108.615,474.304,724.237
104.889,599.013,474.12
107.933,599.147,599.083
110.976,599.281,724.046
225.108,346.693,471.463
228.151,346.827,596.426
231.194,346.961,721.389
227.469,471.671,471.271
230.512,471.805,596.234
233.555,471.939,721.197
229.83,596.648,471.08
232.873,596.782,596.043
235.917,596.916,721.006
350.048,344.328,468.423
353.092,344.462,593.386
356.135,344.596,718.348
352.409,469.305,468.231
355.453,469.44,593.194
358.496,469.574,718.157
354.771,594.283,468.04
357.814,594.417,593.002
360.857,594.551,717.965
100.174,348.391,598.348
97.4461,350.337,723.303
94.7184,352.283,848.258
100.981,473.373,596.419
98.253,475.319,721.374
95.5253,477.266,846.33
101.788,598.356,594.49
99.06,600.302,719.445
96.3323,602.248,844.401
225.141,347.626,601.088
222.414,349.572,726.043
219.686,351.518,850.998
225.948,472.609,599.159
223.221,474.555,724.114
220.493,476.501,849.069
226.755,597.591,597.23
224.028,599.537,722.185
221.3,601.483,847.14
350.109,346.862,603.828
347.381,348.808,728.783
344.654,350.754,853.738
350.916,471.844,601.899
348.188,473.79,726.854
345.461,475.736,851.809
351.723,596.827,599.97
348.995,598.773,724.925
346.268,600.719,849.88
101.587,475.192,98.4925
99.0868,473.2,223.452
96.5867,471.208,348.411
99.8542,600.164,100.45
97.354,598.173,225.409
94.8539,596.181,350.368
98.1214,725.137,102.407
95.6213,723.145,227.366
93.1211,721.154,352.325
226.55,476.885,101.02
224.05,474.893,225.979
221.55,472.902,350.938
224.817,601.858,102.977
222.317,599.866,227.936
219.817,597.874,352.895
223.084,726.83,104.934
220.584,724.839,229.893
218.084,722.847,354.852
351.513,478.578,103.547
349.013,476.586,228.506
346.513,474.595,353.465
349.78,603.551,105.504
347.28,601.559,230.463
344.78,599.567,355.422
348.047,728.523,107.461
345.547,726.532,232.42
343.047,724.54,357.38
99.4905,474.299,224.62
97.0097,475.878,349.586
94.5288,477.456,474.551
99.5907,599.289,223.043
97.1098,600.868,348.009
94.629,602.446,472.974
99.6908,724.279,221.466
97.21,725.858,346.432
94.7291,727.436,471.397
224.466,474.23,227.102
221.985,475.809,352.068
219.504,477.387,477.033
224.566,599.22,225.525
222.085,600.799,350.491
219.604,602.377,475.456
224.666,724.21,223.948
222.185,725.789,348.914
219.704,727.367,473.879
349.441,474.161,229.584
346.96,475.74,354.549
344.479,477.319,479.515
349.541,599.151,228.007
347.061,600.73,352.972
344.58,602.309,477.938
349.642,724.141,226.43
347.161,725.72,351.395
344.68,727.299,476.361
101.858,473.48,351.501
102.334,470.187,476.457
102.81,466.893,601.413
98.7924,598.399,354.806
99.2687,595.106,479.761
99.7451,591.812,604.717
95.7274,723.318,358.11
96.2037,720.024,483.065
96.68,716.731,608.021
226.819,476.557,351.106
227.295,473.264,476.062
227.772,469.97,601.018
223.754,601.476,354.41
224.23,598.182,479.366
224.707,594.889,604.322
220.689,726.394,357.714
221.165,723.101,482.67
221.641,719.808,607.626
351.781,479.634,350.711
352.257,476.34,475.667
352.733,473.047,600.622
348.715,604.552,354.015
349.192,601.259,478.971
349.668,597.965,603.926
345.65,729.471,357.319
346.127,726.178,482.275
346.603,722.884,607.231
101.788,475.479,474.942
100.438,473.631,599.921
99.0875,471.783,724.9
101.356,600.464,476.786
100.005,598.616,601.765
98.6547,596.768,726.744
100.923,725.45,478.629
99.5723,723.602,603.608
98.2219,721.754,728.587
226.78,475.892,476.299
225.43,474.044,601.278
224.079,472.196,726.257
226.348,600.877,478.142
224.997,599.029,603.121
223.647,597.181,728.1
225.915,725.863,479.986
224.564,724.015,604.965
223.214,722.167,729.944
351.772,476.304,477.656
350.422,474.456,602.635
349.071,472.608,727.614
351.34,601.29,479.499
349.989,599.442,604.478
348.639,597.594,729.457
350.907,726.276,481.342
349.556,724.428,606.321
348.206,722.58,731.3
100.509,474.331,599.284
102.824,476.68,724.24
105.14,479.029,849.197
100.009,599.308,596.944
102.325,601.657,721.9
104.64,604.006,846.857
99.5095,724.285,594.604
101.825,726.634,719.56
104.141,728.983,844.517
225.486,474.787,596.959
227.802,477.136,721.916
230.117,479.485,846.872
224.987,599.764,594.619
227.302,602.113,719.576
229.618,604.462,844.532
224.487,724.741,592.279
226.803,727.09,717.236
229.118,729.439,842.192
350.464,475.243,594.635
352.779,477.592,719.591
355.095,479.941,844.548
349.964,600.22,592.295
352.28,602.569,717.251
354.595,604.918,842.208
349.465,725.197,589.955
351.78,727.546,714.911
354.096,729.895,839.868
101.742,601.505,98.2696
100.35,599.676,223.248
98.9571,597.846,348.227
103.464,726.479,100.118
102.071,724.65,225.097
100.679,722.821,350.076
105.186,851.454,101.966
103.793,849.624,226.945
102.4,847.795,351.924
226.723,599.763,99.6367
225.33,597.934,224.616
223.937,596.104,349.594
228.444,724.737,101.485
227.052,722.908,226.464
225.659,721.079,351.443
230.166,849.712,103.333
228.773,847.883,228.312
227.381,846.053,353.291
351.703,598.021,101.004
350.31,596.192,225.983
348.918,594.362,350.962
353.425,722.995,102.852
352.032,721.166,227.831
350.639,719.337,352.81
355.146,847.97,104.7
353.754,846.141,229.679
352.361,844.311,354.658
98.4996,598.215,223.689
100.605,594.579,348.619
102.71,590.943,473.548
101.565,723.126,227.273
103.671,719.49,352.202
105.776,715.854,477.132
104.631,848.037,230.857
106.736,844.401,355.786
108.842,840.765,480.715
223.444,595.212,221.496
225.55,591.576,346.426
227.655,587.94,471.355
226.51,720.123,225.08
228.615,716.487,350.009
230.721,712.851,474.939
229.575,845.034,228.664
231.681,841.398,353.593
233.786,837.762,478.522
348.389,592.208,219.303
350.494,588.572,344.232
352.6,584.936,469.162
351.455,717.119,222.887
353.56,713.483,347.816
355.665,709.847,472.746
354.52,842.03,226.47
356.626,838.394,351.4
358.731,834.758,476.329
100.813,601.13,350.22
100.226,599.203,475.204
99.6393,597.276,600.188
99.9572,726.112,352.143
99.3702,724.185,477.127
98.7832,722.259,602.111
99.1011,851.095,354.066
98.514,849.168,479.05
97.927,847.241,604.034
225.809,601.977,350.821
225.222,600.05,475.804
224.635,598.123,600.788
224.953,726.959,352.743
224.366,725.032,477.727
223.779,723.106,602.711
224.097,851.942,354.666
223.51,850.015,479.65
222.923,848.088,604.634
350.805,602.824,351.421
350.218,600.897,476.404
349.631,598.97,601.388
349.949,727.806,353.343
349.362,725.879,478.327
348.775,723.953,603.311
349.092,852.789,355.266
348.505,850.862,480.25
347.918,848.935,605.234
99.9244,599.499,475.188
102.786,596.499,600.119
105.648,593.498,725.05
103.668,724.409,478.102
106.53,721.409,603.033
109.392,718.408,727.965
107.412,849.319,481.017
110.274,846.319,605.948
113.136,843.318,730.879
224.836,595.824,472.238
227.698,592.824,597.169
230.56,589.823,722.101
228.579,720.734,475.152
231.441,717.734,600.084
234.303,714.733,725.015
232.323,845.644,478.067
235.185,842.644,602.998
238.047,839.643,727.929
349.747,592.15,469.288
352.609,589.149,594.22
355.471,586.149,719.151
353.49,717.06,472.203
356.352,714.059,597.134
359.214,711.058,722.065
357.234,841.97,475.117
360.096,838.969,600.048
362.958,835.968,724.979
101.117,601.118,600.098
102.436,600.006,725.086
103.755,598.895,850.074
100.113,726.108,601.22
101.432,724.997,726.208
102.751,723.886,851.196
99.1095,851.099,602.341
100.429,849.988,727.33
101.748,848.877,852.318
226.106,602.133,598.788
227.425,601.022,723.776
228.744,599.911,848.764
225.102,727.124,599.91
226.421,726.013,724.898
227.74,724.902,849.886
224.098,852.115,601.031
225.418,851.004,726.02
226.737,849.893,851.008
351.095,603.149,597.478
352.414,602.038,722.466
353.733,600.927,847.454
350.091,728.14,598.6
351.41,727.029,723.588
352.729,725.917,848.576
349.087,853.131,599.721
350.407,852.02,724.709
351.726,850.908,849.698
224.462,98.8559,99.6629
220.889,99.3607,224.611
217.316,99.8656,349.559
226.581,223.837,99.2185
223.008,224.342,224.166
219.435,224.847,349.114
228.7,348.818,98.7741
225.127,349.323,223.722
221.554,349.828,348.67
349.393,96.7503,103.244
345.82,97.2552,228.192
342.247,97.7601,353.14
351.512,221.732,102.799
347.939,222.236,227.747
344.366,222.741,352.695
353.631,346.713,102.355
350.058,347.218,227.303
346.485,347.723,352.251
474.324,94.6448,106.825
470.751,95.1497,231.772
467.178,95.6545,356.72
476.443,219.626,106.38
472.87,220.131,231.328
469.297,220.636,356.276
478.562,344.607,105.936
474.989,345.112,230.884
471.416,345.617,355.832
225.513,99.8413,224.918
222.013,96.3331,349.82
218.513,92.8249,474.721
226.021,224.791,228.442
222.522,221.282,353.343
219.022,217.774,478.245
226.53,349.74,231.965
223.03,346.232,356.867
219.53,342.724,481.769
350.463,99.2348,228.402
346.963,95.7266,353.304
343.463,92.2185,478.206
350.971,224.184,231.926
347.472,220.676,356.828
343.972,217.168,481.729
351.48,349.133,235.45
347.98,345.625,360.351
344.48,342.117,485.253
475.413,98.6284,231.886
471.913,95.1202,356.788
468.413,91.612,481.69
475.921,223.578,235.41
472.421,220.069,360.312
468.922,216.561,485.213
476.43,348.527,238.934
472.93,345.019,363.835
469.43,341.511,488.737
223.189,101.425,348.01
222.093,104.101,472.976
220.997,106.778,597.943
223.291,226.396,345.334
222.195,229.073,470.3
221.099,231.749,595.267
223.394,351.367,342.658
222.298,354.044,467.624
221.202,356.721,592.591
348.184,101.346,349.108
347.088,104.022,474.074
345.992,106.699,599.041
348.286,226.317,346.432
347.19,228.994,471.398
346.094,231.67,596.365
348.389,351.288,343.756
347.293,353.965,468.722
346.197,356.642,593.689
473.179,101.267,350.206
472.083,103.943,475.172
470.987,106.62,600.139
473.282,226.238,347.53
472.186,228.915,472.496
471.09,231.591,597.463
473.384,351.209,344.854
472.288,353.886,469.82
471.192,356.563,594.787
224.56,101.278,475.76
222.539,98.457,600.712
220.518,95.636,725.664
227.475,226.211,478.628
225.454,223.39,603.579
223.434,220.569,728.531
230.39,351.144,481.495
228.369,348.323,606.447
226.349,345.502,731.399
349.509,98.3176,477.714
347.489,95.4966,602.665
345.468,92.6756,727.617
352.424,223.251,480.581
350.404,220.43,605.533
348.383,217.609,730.485
355.34,348.184,483.449
353.319,345.363,608.401
351.298,342.542,733.353
474.459,95.3572,479.667
472.438,92.5363,604.619
470.418,89.7153,729.571
477.374,220.29,482.535
475.353,217.469,607.487
473.333,214.648,732.439
480.289,345.223,485.403
478.269,342.402,610.355
476.248,339.581,735.306
226.168,99.3427,600.929
223.48,96.6274,725.87
220.792,93.912,850.812
224.568,224.304,603.61
221.879,221.588,728.551
219.191,218.873,853.493
222.967,349.265,606.291
220.279,346.549,731.233
217.59,343.834,856.174
351.129,100.885,603.651
348.441,98.1696,728.593
345.752,95.4543,853.534
349.529,225.846,606.332
346.84,223.131,731.274
344.152,220.415,856.215
347.928,350.807,609.014
345.239,348.092,733.955
342.551,345.376,858.897
476.09,102.427,606.373
473.402,99.7119,731.315
470.713,96.9966,856.257
474.489,227.388,609.055
471.801,224.673,733.996
469.112,221.958,858.938
472.889,352.349,611.736
470.2,349.634,736.678
467.512,346.919,861.619
224.157,226.952,99.5513
226.297,228.914,224.518
228.436,230.876,349.484
221.139,351.901,97.6415
223.279,353.863,222.608
225.418,355.825,347.574
218.121,476.85,95.7317
220.26,478.812,220.698
222.4,480.774,345.664
349.103,229.937,97.3653
351.242,231.899,222.332
353.381,233.86,347.298
346.084,354.886,95.4555
348.224,356.848,220.422
350.363,358.809,345.388
343.066,479.835,93.5457
345.206,481.796,218.512
347.345,483.758,343.478
474.048,232.922,95.1794
476.187,234.883,220.146
478.327,236.845,345.112
471.03,357.87,93.2696
473.169,359.832,218.236
475.308,361.794,343.202
468.011,482.819,91.3598
470.151,484.781,216.326
472.29,486.743,341.292
224.035,226.834,223.797
220.75,230.25,348.707
217.464,233.667,473.617
224.431,351.787,220.39
221.146,355.203,345.3
217.861,358.62,470.21
224.828,476.74,216.983
221.543,480.156,341.893
218.258,483.573,466.803
348.991,226.527,227.092
345.706,229.944,352.002
342.421,233.36,476.912
349.388,351.48,223.685
346.102,354.896,348.595
342.817,358.313,473.505
349.784,476.433,220.277
346.499,479.849,345.187
343.214,483.266,470.098
473.947,226.22,230.387
470.662,229.637,355.297
467.377,233.053,480.207
474.344,351.173,226.979
471.059,354.59,351.89
467.773,358.006,476.8
474.74,476.126,223.572
471.455,479.543,348.482
468.17,482.959,473.392
225.742,223.479,351.974
223.271,223.259,476.949
220.801,223.039,601.925
227.258,348.47,352.224
224.787,348.25,477.199
222.317,348.03,602.174
228.774,473.46,352.474
226.304,473.24,477.449
223.833,473.02,602.424
350.708,221.958,354.441
348.238,221.739,479.417
345.767,221.519,604.392
352.224,346.949,354.691
349.754,346.729,479.667
347.283,346.509,604.642
353.741,471.94,354.941
351.27,471.72,479.917
348.799,471.5,604.892
475.675,220.438,356.909
473.204,220.218,481.884
470.734,219.998,606.86
477.191,345.428,357.159
474.72,345.208,482.134
472.25,344.988,607.11
478.707,470.419,357.409
476.236,470.199,482.384
473.766,469.979,607.36
225.823,224.982,476.602
226.231,228.599,601.549
226.638,232.216,726.496
228.526,349.9,472.978
228.934,353.517,597.925
229.341,357.134,722.872
231.229,474.819,469.353
231.637,478.435,594.3
232.044,482.052,719.247
350.793,222.268,476.273
351.201,225.885,601.22
351.608,229.502,726.167
353.496,347.187,472.649
353.904,350.803,597.596
354.311,354.42,722.543
356.199,472.105,469.024
356.607,475.722,593.971
357.014,479.338,718.918
475.763,219.555,475.944
476.171,223.171,600.891
476.578,226.788,725.838
478.466,344.473,472.32
478.874,348.09,597.267
479.281,351.706,722.214
481.169,469.391,468.695
481.577,473.008,593.642
481.984,476.624,718.589
225.457,226.808,600.923
227.183,228.905,725.894
228.91,231.002,850.864
226.537,351.785,598.811
228.264,353.882,723.782
229.99,355.979,848.752
227.617,476.763,596.699
229.344,478.86,721.67
231.071,480.957,846.64
350.44,225.699,599.215
352.167,227.796,724.185
353.893,229.893,849.156
351.52,350.676,597.103
353.247,352.773,722.073
354.974,354.87,847.044
352.601,475.654,594.991
354.328,477.751,719.961
356.054,479.847,844.932
475.423,224.589,597.507
477.15,226.686,722.477
478.877,228.783,847.448
476.504,349.567,595.395
478.231,351.664,720.365
479.957,353.761,845.336
477.584,474.544,593.283
479.311,476.641,718.253
481.038,478.738,843.224
224.252,350.679,100.149
223.278,350.012,225.144
222.303,349.345,350.138
222.278,475.662,100.801
221.303,474.994,225.795
220.329,474.327,350.79
220.304,600.644,101.453
219.329,599.977,226.447
218.355,599.31,351.442
349.233,352.648,101.134
348.258,351.981,226.128
347.284,351.314,351.123
347.258,477.631,101.786
346.284,476.964,226.78
345.31,476.296,351.775
345.284,602.613,102.438
344.31,601.946,227.432
343.335,601.279,352.426
474.213,354.617,102.119
473.239,353.95,227.113
472.265,353.283,352.108
472.239,479.6,102.77
471.265,478.933,227.765
470.29,478.265,352.759
470.265,604.583,103.422
469.29,603.915,228.417
468.316,603.248,353.411
226.657,348.688,225.332
227.828,350.995,350.306
228.999,353.303,475.279
226.753,473.666,223.024
227.924,475.974,347.997
229.096,478.281,472.97
226.849,598.645,220.715
228.02,600.953,345.689
229.192,603.26,470.662
351.651,348.57,224.163
352.822,350.878,349.136
353.994,353.185,474.109
351.747,473.549,221.854
352.919,475.856,346.828
354.09,478.164,471.801
351.843,598.527,219.546
353.015,600.835,344.519
354.186,603.142,469.492
476.646,348.452,222.993
477.817,350.76,347.967
478.988,353.067,472.94
476.742,473.431,220.685
477.913,475.739,345.658
479.084,478.046,470.631
476.838,598.41,218.376
478.009,600.717,343.35
479.181,603.025,468.323
225.666,348.395,351.058
228.614,345.776,475.996
231.563,343.157,600.934
228.928,473.326,353.6
231.876,470.708,478.538
234.824,468.089,603.475
232.19,598.258,356.141
235.138,595.639,481.079
238.086,593.021,606.017
350.589,345.194,348.043
353.537,342.576,472.981
356.485,339.957,597.919
353.851,470.126,350.585
356.799,467.507,475.523
359.747,464.889,600.461
357.113,595.057,353.127
360.061,592.439,478.064
363.009,589.82,603.002
475.512,341.994,345.029
478.46,339.375,469.966
481.408,336.757,594.904
478.774,466.926,347.57
481.722,464.307,472.508
484.67,461.688,597.446
482.036,591.857,350.112
484.984,589.238,475.05
487.932,586.62,599.987
225.647,348.573,474.88
225.985,351.771,599.839
226.323,354.968,724.797
226.453,473.53,471.681
226.791,476.727,596.639
227.13,479.924,721.598
227.259,598.486,468.481
227.598,601.683,593.44
227.936,604.881,718.399
350.643,347.759,474.562
350.982,350.956,599.521
351.32,354.153,724.48
351.45,472.715,471.363
351.788,475.912,596.322
352.126,479.109,721.28
352.256,597.671,468.164
352.595,600.869,593.122
352.933,604.066,718.081
475.64,346.944,474.245
475.979,350.141,599.203
476.317,353.338,724.162
476.447,471.9,471.046
476.785,475.097,596.004
477.123,478.295,720.963
477.253,596.857,467.846
477.591,600.054,592.805
477.93,603.251,717.763
223.509,348.418,599.739
223.174,345.765,724.71
222.839,343.113,849.681
223.127,473.389,602.39
222.792,470.737,727.362
222.458,468.084,852.333
222.746,598.361,605.042
222.411,595.708,730.013
222.076,593.055,854.985
348.507,348.792,600.081
348.173,346.139,725.053
347.838,343.487,850.024
348.126,473.763,602.733
347.791,471.111,727.704
347.457,468.458,852.676
347.745,598.735,605.385
347.41,596.082,730.356
347.075,593.429,855.328
473.506,349.166,600.424
473.172,346.513,725.396
472.837,343.861,850.367
473.125,474.137,603.076
472.79,471.485,728.047
472.456,468.832,853.019
472.744,599.109,605.728
472.409,596.456,730.699
472.074,593.803,855.67
224.826,476.604,101.721
222.507,477.866,226.693
220.188,479.128,351.665
222.87,601.582,100.423
220.551,602.844,225.395
218.233,604.106,350.367
220.914,726.56,99.1244
218.596,727.822,224.097
216.277,729.084,349.069
349.789,478.583,104.019
347.47,479.845,228.991
345.152,481.107,353.964
347.833,603.561,102.721
345.514,604.823,227.693
343.196,606.085,352.665
345.877,728.539,101.423
343.559,729.801,226.395
341.24,731.063,351.367
474.752,480.563,106.318
472.433,481.825,231.29
470.115,483.086,356.262
472.796,605.541,105.02
470.478,606.802,229.992
468.159,608.064,354.964
470.841,730.519,103.722
468.522,731.78,228.694
466.203,733.042,353.666
225.167,475.37,223.707
223.875,477.874,348.675
222.582,480.378,473.643
226.751,600.335,221.219
225.459,602.839,346.187
224.167,605.344,471.155
228.336,725.3,218.731
227.043,727.804,343.699
225.751,730.309,468.667
350.15,473.812,225.031
348.858,476.316,349.999
347.566,478.82,474.967
351.735,598.777,222.543
350.442,601.281,347.511
349.15,603.786,472.479
353.319,723.742,220.055
352.027,726.246,345.023
350.734,728.751,469.991
475.134,472.254,226.354
473.841,474.758,351.323
472.549,477.262,476.291
476.718,597.219,223.866
475.426,599.723,348.835
474.133,602.227,473.803
478.302,722.184,221.378
477.01,724.688,346.347
475.717,727.193,471.315
226.328,476.649,349.39
228.286,475.768,474.372
230.245,474.886,599.353
225.202,601.641,350.29
227.161,600.759,475.271
229.12,599.878,600.253
224.076,726.632,351.189
226.035,725.751,476.17
227.994,724.87,601.152
351.307,477.789,347.44
353.266,476.907,472.421
355.225,476.026,597.403
350.182,602.78,348.339
352.14,601.899,473.32
354.099,601.018,598.302
349.056,727.772,349.238
351.015,726.891,474.219
352.974,726.009,599.201
476.287,478.928,345.489
478.246,478.047,470.47
480.204,477.165,595.452
475.161,603.92,346.388
477.12,603.038,471.37
479.079,602.157,596.351
474.036,728.911,347.287
475.994,728.03,472.269
477.953,727.149,597.25
223.764,475.022,476.889
225.653,471.546,601.827
227.542,468.07,726.764
221.312,599.949,480.402
223.201,596.473,605.34
225.09,592.996,730.277
218.859,724.875,483.915
220.748,721.399,608.853
222.637,717.923,733.79
348.726,477.527,475.07
350.615,474.05,600.007
352.504,470.574,724.944
346.273,602.453,478.583
348.162,598.977,603.52
350.051,595.501,728.457
343.821,727.38,482.096
345.71,723.903,607.033
347.599,720.427,731.97
473.688,480.031,473.25
475.577,476.555,598.187
477.466,473.079,723.125
471.235,604.958,476.763
473.124,601.481,601.7
475.013,598.005,726.638
468.782,729.884,480.276
470.671,726.408,605.213
472.561,722.932,730.151
226.272,474.705,598.305
227.084,471.803,723.268
227.896,468.902,848.232
229.565,599.629,601.184
230.377,596.727,726.148
231.189,593.825,851.112
232.858,724.552,604.064
233.67,721.65,729.027
234.482,718.748,853.991
351.226,471.432,597.417
352.038,468.53,722.38
352.85,465.628,847.344
354.519,596.355,600.296
355.331,593.453,725.26
356.143,590.552,850.223
357.812,721.279,603.175
358.624,718.377,728.139
359.436,715.475,853.103
476.18,468.159,596.528
476.992,465.257,721.492
477.804,462.355,846.456
479.473,593.082,599.408
480.285,590.18,724.371
481.097,587.278,849.335
482.766,718.005,602.287
483.578,715.104,727.251
484.39,712.202,852.215
224.387,598.459,100.914
224.665,600.303,225.9
224.943,602.147,350.886
225.152,723.443,99.0682
225.43,725.287,224.054
225.708,727.131,349.04
225.917,848.427,97.2224
226.195,850.271,222.208
226.473,852.115,347.195
349.384,597.69,100.647
349.662,599.534,225.633
349.941,601.378,350.619
350.149,722.674,98.8013
350.427,724.518,223.787
350.706,726.362,348.773
350.914,847.658,96.9555
351.192,849.502,221.942
351.47,851.346,346.928
474.381,596.921,100.38
474.66,598.765,225.366
474.938,600.609,350.352
475.146,721.905,98.5343
475.425,723.749,223.52
475.703,725.593,348.507
475.911,846.889,96.6885
476.19,848.733,221.675
476.468,850.577,346.661
223.064,598.51,223.667
225.038,597.875,348.65
227.013,597.241,473.633
225.65,723.481,224.261
227.624,722.847,349.243
229.598,722.212,474.226
228.235,848.453,224.854
230.21,847.819,349.837
232.184,847.184,474.82
348.022,595.934,221.68
349.996,595.299,346.663
351.97,594.665,471.646
350.607,720.905,222.274
352.582,720.271,347.256
354.556,719.636,472.239
353.193,845.877,222.867
355.167,845.243,347.85
357.142,844.608,472.833
472.979,593.358,219.693
474.954,592.723,344.676
476.928,592.089,469.659
475.565,718.329,220.287
477.539,717.695,345.269
479.514,717.06,470.252
478.151,843.301,220.88
480.125,842.667,345.863
482.099,842.032,470.846
224.62,598.52,349.91
222.254,601.641,474.848
219.888,604.761,599.787
227.056,723.459,346.836
224.69,726.579,471.774
222.323,729.699,596.713
229.492,848.397,343.761
227.126,851.518,468.7
224.759,854.638,593.639
349.574,596.144,352.336
347.208,599.264,477.274
344.841,602.384,602.213
352.01,721.082,349.261
349.644,724.203,474.2
347.277,727.323,599.139
354.446,846.021,346.187
352.079,849.141,471.126
349.713,852.261,596.065
474.528,593.768,354.761
472.162,596.888,479.7
469.795,600.008,604.639
476.964,718.706,351.687
474.597,721.826,476.626
472.231,724.946,601.565
479.399,843.644,348.613
477.033,846.765,473.552
474.667,849.885,598.491
226.02,598.854,474.431
228.944,595.911,599.362
231.868,592.968,724.293
225.482,723.818,477.387
228.406,720.875,602.318
231.33,717.932,727.249
224.943,848.782,480.344
227.867,845.839,605.275
230.791,842.896,730.206
350.985,599.461,471.52
353.909,596.518,596.451
356.833,593.575,721.382
350.446,724.425,474.476
353.37,721.482,599.408
356.295,718.539,724.339
349.908,849.389,477.433
352.832,846.446,602.364
355.756,843.503,727.295
475.949,600.069,468.609
478.873,597.125,593.54
481.798,594.182,718.472
475.411,725.032,471.566
478.335,722.089,596.497
481.259,719.146,721.428
474.872,849.996,474.522
477.797,847.053,599.453
480.721,844.11,724.385
224.542,601.425,600.119
227.003,598.114,725.051
229.464,594.802,849.983
226.208,726.371,603.398
228.669,723.059,728.33
231.131,719.748,853.262
227.875,851.317,606.677
230.336,848.005,731.609
232.797,844.694,856.541
349.506,599.824,597.615
351.968,596.512,722.546
354.429,593.201,847.478
351.173,724.77,600.894
353.634,721.458,725.826
356.095,718.147,850.757
352.839,849.716,604.173
355.301,846.404,729.105
357.762,843.093,854.037
474.471,598.223,595.11
476.932,594.911,720.042
479.393,591.6,844.974
476.138,723.169,598.389
478.599,719.857,723.321
481.06,716.546,848.253
477.804,848.115,601.669
480.265,844.803,726.6
482.726,841.492,851.532
351.801,99.1628,100.921
349.236,100.529,225.887
346.671,101.895,350.853
351.578,224.155,99.5494
349.013,225.521,224.516
346.448,226.888,349.482
351.355,349.147,98.1783
348.79,350.514,223.145
346.225,351.88,348.111
476.775,99.4139,103.483
474.21,100.78,228.449
471.644,102.146,353.416
476.552,224.406,102.112
473.987,225.772,227.078
471.421,227.139,352.045
476.329,349.398,100.741
473.764,350.765,225.707
471.198,352.131,350.673
601.748,99.665,106.046
599.183,101.031,231.012
596.618,102.397,355.978
601.525,224.657,104.675
598.96,226.024,229.641
596.395,227.39,354.607
601.302,349.65,103.304
598.737,351.016,228.27
596.172,352.382,353.236
350.892,98.9339,224.616
352.409,100.131,349.601
353.925,101.328,474.586
351.91,223.924,223.407
353.427,225.121,348.392
354.943,226.318,473.377
352.928,348.914,222.197
354.445,350.111,347.182
355.961,351.308,472.167
475.879,97.9014,223.109
477.395,99.0982,348.094
478.912,100.295,473.079
476.897,222.891,221.9
478.413,224.088,346.885
479.93,225.285,471.87
477.915,347.881,220.691
479.431,349.078,345.676
480.948,350.275,470.661
600.866,96.8688,221.603
602.382,98.0656,346.588
603.898,99.2624,471.573
601.884,221.859,220.394
603.4,223.056,345.379
604.916,224.252,470.364
602.902,346.849,219.184
604.418,348.046,344.169
605.934,349.242,469.155
351.115,98.9072,348.056
347.394,99.2775,473
343.673,99.6479,597.944
351.075,223.907,347.684
347.354,224.277,472.628
343.633,224.647,597.572
351.034,348.906,347.312
347.313,349.276,472.256
343.592,349.647,597.2
476.06,98.9586,351.776
472.339,99.329,476.72
468.618,99.6994,601.664
476.019,223.958,351.405
472.298,224.328,476.349
468.577,224.699,601.293
475.979,348.958,351.033
472.258,349.328,475.977
468.537,349.698,600.921
601.004,99.0101,355.497
597.283,99.3804,480.441
593.562,99.7508,605.385
600.964,224.01,355.125
597.243,224.38,480.07
593.522,224.75,605.014
600.924,349.009,354.754
597.203,349.379,479.698
593.482,349.75,604.642
348.559,100.421,476.946
347.56,96.6718,601.886
346.561,92.923,726.826
346.159,225.342,480.676
345.161,221.593,605.615
344.162,217.844,730.555
343.76,350.263,484.405
342.761,346.514,609.345
341.762,342.766,734.284
473.532,102.789,478.017
472.533,99.0403,602.956
471.534,95.2914,727.896
471.132,227.711,481.746
470.133,223.962,606.685
469.135,220.213,731.625
468.733,352.632,485.475
467.734,348.883,610.415
466.735,345.134,735.354
598.505,105.158,479.087
597.506,101.409,604.026
596.507,97.6599,728.966
596.105,230.079,482.816
595.106,226.33,607.756
594.108,222.581,732.695
593.706,355,486.545
592.707,351.251,611.485
591.708,347.503,736.424
350.819,101.185,601.638
352.488,103.284,726.609
354.157,105.383,851.58
353.377,226.141,599.505
355.046,228.24,724.476
356.715,230.338,849.447
355.935,351.096,597.372
357.604,353.195,722.343
359.273,355.294,847.314
475.782,98.5991,600.012
477.451,100.698,724.983
479.12,102.797,849.955
478.34,223.555,597.879
480.009,225.654,722.85
481.678,227.753,847.822
480.898,348.51,595.746
482.567,350.609,720.718
484.236,352.708,845.689
600.745,96.0132,598.387
602.414,98.1122,723.358
604.083,100.211,848.329
603.303,220.969,596.254
604.972,223.068,721.225
606.641,225.167,846.196
605.861,345.924,594.121
607.53,348.023,719.092
609.199,350.122,844.063
348.933,224.852,99.4796
350.996,221.653,224.422
353.059,218.453,349.364
351.803,349.779,102.631
353.866,346.58,227.573
355.93,343.38,352.515
354.673,474.707,105.783
356.737,471.507,230.725
358.8,468.308,355.667
473.883,222.035,97.344
475.946,218.835,222.286
478.009,215.636,347.228
476.753,346.962,100.496
478.816,343.763,225.438
480.88,340.563,350.38
479.623,471.89,103.647
481.687,468.69,228.589
483.75,465.491,353.531
598.833,219.218,95.2084
600.896,216.018,220.15
602.959,212.819,345.092
601.703,344.145,98.3602
603.766,340.946,223.302
605.83,337.746,348.244
604.573,469.072,101.512
606.637,465.873,226.454
608.7,462.673,351.396
349.197,226.445,223.925
345.65,225.497,348.871
342.104,224.55,473.817
345.774,351.395,224.776
342.227,350.447,349.722
338.681,349.5,474.668
342.351,476.345,225.626
338.804,475.398,350.572
335.258,474.45,475.518
474.099,229.842,227.496
470.553,228.895,352.442
467.007,227.947,477.389
470.677,354.792,228.347
467.13,353.845,353.293
463.584,352.897,478.239
467.254,479.742,229.197
463.707,478.795,354.143
460.161,477.848,479.089
599.002,233.239,231.067
595.456,232.292,356.013
591.909,231.344,480.96
595.579,358.19,231.918
592.033,357.242,356.864
588.486,356.295,481.81
592.156,483.14,232.768
588.61,482.192,357.714
585.063,481.245,482.66
350.614,224.985,350.335
352.091,226.506,475.317
353.567,228.027,600.299
347.63,349.941,348.849
349.107,351.462,473.831
350.583,352.983,598.813
344.647,474.896,347.364
346.123,476.417,472.346
347.599,477.938,597.328
475.57,227.951,348.823
477.046,229.472,473.805
478.523,230.993,598.787
472.586,352.906,347.337
474.062,354.427,472.319
475.539,355.948,597.301
469.602,477.862,345.852
471.079,479.383,470.834
472.555,480.904,595.816
600.526,230.917,347.311
602.002,232.438,472.293
603.478,233.959,597.275
597.542,355.872,345.825
599.018,357.393,470.807
600.494,358.914,595.789
594.558,480.828,344.34
596.034,482.349,469.322
597.511,483.87,594.304
350.759,224.483,475.329
348,220.868,600.246
345.242,217.253,725.163
351.36,349.429,478.957
348.601,345.814,603.875
345.843,342.199,728.792
351.961,474.375,482.586
349.202,470.76,607.503
346.444,467.145,732.421
475.727,223.802,478.069
472.969,220.187,602.986
470.21,216.573,727.903
476.328,348.748,481.697
473.57,345.133,606.615
470.811,341.519,731.532
476.929,473.694,485.326
474.171,470.079,610.243
471.412,466.464,735.161
600.695,223.121,480.809
597.937,219.507,605.726
595.178,215.892,730.643
601.296,348.067,484.437
598.538,344.453,609.355
595.779,340.838,734.272
601.897,473.013,488.066
599.139,469.398,612.983
596.38,465.784,737.901
349.895,225.534,599.068
351.276,227.717,724.041
352.656,229.9,849.014
347.983,350.501,596.906
349.364,352.684,721.88
350.744,354.866,846.853
346.071,475.468,594.745
347.451,477.65,719.718
348.832,479.833,844.692
474.873,227.422,597.654
476.253,229.605,722.627
477.634,231.787,847.601
472.961,352.389,595.493
474.341,354.572,720.466
475.722,356.754,845.439
471.049,477.356,593.331
472.429,479.538,718.305
473.81,481.721,843.278
599.851,229.31,596.24
601.231,231.493,721.214
602.612,233.675,846.187
597.938,354.277,594.079
599.319,356.459,719.052
600.7,358.642,844.026
596.026,479.244,591.918
597.407,481.426,716.891
598.788,483.609,841.864
349.847,351.865,100.739
346.581,353.683,225.684
343.315,355.501,350.628
353.193,476.808,99.0088
349.927,478.626,223.953
346.661,480.444,348.897
356.539,601.751,97.2783
353.273,603.569,222.222
350.007,605.388,347.166
474.76,348.566,104.053
471.494,350.384,228.997
468.227,352.202,353.941
478.106,473.509,102.322
474.84,475.327,227.266
471.573,477.145,352.21
481.452,598.452,100.592
478.186,600.27,225.536
474.919,602.088,350.48
599.672,345.266,107.366
596.406,347.084,232.31
593.14,348.902,357.254
603.018,470.21,105.636
599.752,472.028,230.58
596.486,473.846,355.524
606.364,595.153,103.905
603.098,596.971,228.849
599.832,598.789,353.793
351.91,351.15,223.577
352.261,348.45,348.548
352.613,345.749,473.518
353.669,476.109,226.273
354.021,473.408,351.243
354.373,470.708,476.213
355.429,601.067,228.968
355.781,598.367,353.938
356.132,595.666,478.909
476.897,349.399,223.188
477.249,346.698,348.158
477.6,343.997,473.128
478.657,474.357,225.883
479.008,471.657,350.854
479.36,468.956,475.824
480.416,599.316,228.579
480.768,596.615,353.549
481.119,593.914,478.519
601.884,347.647,222.798
602.236,344.946,347.769
602.587,342.246,472.739
603.644,472.606,225.494
603.995,469.905,350.464
604.347,467.204,475.434
605.403,597.564,228.189
605.755,594.863,353.16
606.106,592.163,478.13
350.951,350.757,351.286
350.974,353.931,476.245
350.996,357.105,601.205
354.057,475.678,348.112
354.079,478.852,473.072
354.101,482.026,598.031
357.162,600.599,344.938
357.184,603.773,469.898
357.206,606.947,594.858
475.913,347.652,351.342
475.935,350.826,476.302
475.957,354,601.262
479.018,472.573,348.169
479.04,475.747,473.128
479.062,478.921,598.088
482.123,597.494,344.995
482.145,600.668,469.955
482.168,603.842,594.914
600.874,344.547,351.399
600.897,347.721,476.358
600.919,350.895,601.318
603.979,469.468,348.225
604.002,472.642,473.185
604.024,475.816,598.145
607.085,594.389,345.052
607.107,597.563,470.011
607.129,600.737,594.971
350.809,349.84,475.02
352.427,350.259,600.009
354.045,350.678,724.998
349.454,474.832,474.618
351.072,475.251,599.607
352.69,475.67,724.596
348.099,599.824,474.217
349.717,600.243,599.206
351.335,600.662,724.194
475.791,351.189,473.398
477.409,351.608,598.387
479.027,352.028,723.376
474.436,476.181,472.996
476.054,476.6,597.985
477.672,477.02,722.974
473.082,601.173,472.594
474.699,601.592,597.583
476.317,602.012,722.572
600.774,352.539,471.776
602.391,352.958,596.765
604.009,353.377,721.753
599.419,477.531,471.374
601.036,477.95,596.363
602.654,478.369,721.352
598.064,602.523,470.972
599.682,602.942,595.961
601.299,603.361,720.95
350.953,351.457,601.563
349.998,354.917,726.511
349.044,358.378,851.46
352.225,476.402,598.112
351.27,479.863,723.061
350.316,483.324,848.009
353.497,601.348,594.661
352.542,604.809,719.61
351.588,608.27,844.558
475.943,350.211,602.552
474.988,353.672,727.501
474.034,357.133,852.449
477.215,475.157,599.101
476.26,478.618,724.05
475.306,482.079,848.998
478.487,600.103,595.651
477.532,603.564,720.599
476.578,607.024,845.547
600.932,348.966,603.541
599.978,352.427,728.49
599.024,355.888,853.438
602.204,473.912,600.091
601.25,477.373,725.039
600.296,480.833,849.987
603.476,598.858,596.64
602.522,602.319,721.588
601.568,605.779,846.537
351.079,475.479,100.352
352.638,474.476,225.339
354.196,473.473,350.325
350.959,600.475,101.357
352.518,599.472,226.343
354.077,598.469,351.33
350.84,725.471,102.362
352.398,724.468,227.348
353.957,723.464,352.334
476.069,475.611,98.7946
477.628,474.608,223.781
479.187,473.605,348.767
475.949,600.607,99.7993
477.508,599.604,224.786
479.067,598.601,349.772
475.83,725.603,100.804
477.389,724.6,225.79
478.947,723.597,350.777
601.059,475.743,97.2368
602.618,474.74,222.223
604.177,473.737,347.209
600.94,600.739,98.2415
602.498,599.736,223.228
604.057,598.733,348.214
600.82,725.735,99.2462
602.379,724.732,224.232
603.938,723.729,349.219
348.496,475.316,225.337
348.915,474.326,350.332
349.334,473.337,475.328
351.824,600.268,226.315
352.242,599.278,351.311
352.661,598.289,476.306
355.151,725.22,227.293
355.57,724.23,352.289
355.989,723.241,477.284
473.451,471.992,224.892
473.87,471.002,349.888
474.289,470.013,474.883
476.779,596.944,225.87
477.197,595.954,350.866
477.616,594.965,475.861
480.106,721.896,226.849
480.525,720.906,351.844
480.944,719.916,476.839
598.406,468.668,224.447
598.825,467.678,349.443
599.244,466.689,474.438
601.734,593.62,225.426
602.152,592.63,350.421
602.571,591.64,475.416
605.061,718.572,226.404
605.48,717.582,351.399
605.899,716.592,476.395
350.433,475.91,348.507
352.512,477.781,473.476
354.591,479.652,598.444
353.944,600.845,346.578
356.023,602.716,471.547
358.102,604.587,596.515
357.455,725.781,344.649
359.534,727.652,469.618
361.614,729.523,594.586
475.366,472.367,346.481
477.445,474.238,471.45
479.525,476.109,596.419
478.877,597.303,344.552
480.957,599.174,469.521
483.036,601.045,594.49
482.388,722.239,342.623
484.468,724.11,467.592
486.547,725.981,592.561
600.3,468.825,344.456
602.379,470.696,469.424
604.458,472.567,594.393
603.811,593.761,342.527
605.89,595.632,467.495
607.969,597.503,592.464
607.322,718.696,340.598
609.401,720.567,465.566
611.48,722.439,590.535
350.356,475.357,474.972
353.954,475.991,599.918
357.552,476.624,724.865
347.425,600.322,474.423
351.022,600.955,599.369
354.62,601.589,724.316
344.493,725.286,473.874
348.091,725.92,598.82
351.688,726.553,723.767
475.27,478.272,471.36
478.868,478.905,596.307
482.465,479.539,721.254
472.338,603.236,470.811
475.936,603.87,595.758
479.534,604.503,720.704
469.407,728.201,470.262
473.005,728.834,595.209
476.602,729.467,720.155
600.184,481.186,467.749
603.782,481.82,592.695
607.379,482.453,717.642
597.252,606.151,467.2
600.85,606.784,592.146
604.448,607.418,717.093
594.321,731.115,466.651
597.918,731.749,591.597
601.516,732.382,716.544
351.265,475.612,600.056
349.355,474.409,725.036
347.444,473.206,850.016
350.391,600.603,601.246
348.48,599.4,726.226
346.57,598.197,851.205
349.517,725.595,602.436
347.606,724.392,727.415
345.695,723.189,852.395
476.248,476.468,601.975
474.337,475.265,726.955
472.427,474.062,851.934
475.373,601.459,603.165
473.463,600.256,728.144
471.552,599.054,853.124
474.499,726.451,604.354
472.588,725.248,729.334
470.678,724.045,854.314
601.23,477.324,603.894
599.319,476.121,728.874
597.409,474.918,853.853
600.356,602.315,605.084
598.445,601.113,730.063
596.535,599.91,855.043
599.481,727.307,606.273
597.571,726.104,731.253
595.66,724.901,856.232
348.713,598.33,98.4818
349.678,597.022,223.471
350.642,595.714,348.461
351.181,723.299,99.7702
352.145,721.991,224.76
353.11,720.683,349.749
353.648,848.268,101.059
354.613,846.96,226.048
355.577,845.652,351.038
473.685,595.872,97.4917
474.65,594.565,222.481
475.614,593.257,347.471
476.153,720.841,98.7802
477.117,719.534,223.77
478.082,718.226,348.759
478.62,845.81,100.069
479.585,844.503,225.058
480.549,843.195,350.047
598.657,593.415,96.5016
599.622,592.107,221.491
600.586,590.8,346.48
601.125,718.384,97.7901
602.089,717.076,222.78
603.054,715.769,347.769
603.592,843.353,99.0786
604.557,842.046,224.068
605.521,840.738,349.057
348.843,601.008,223.605
346.338,598.922,348.563
343.834,596.836,473.52
351.108,725.97,225.737
348.604,723.883,350.694
346.1,721.797,475.652
353.374,850.931,227.869
350.87,848.845,352.826
348.366,846.758,477.784
473.797,598.701,226.071
471.293,596.614,351.028
468.789,594.528,475.986
476.063,723.662,228.203
473.559,721.576,353.16
471.054,719.489,478.118
478.329,848.623,230.334
475.824,846.537,355.292
473.32,844.451,480.249
598.751,596.393,228.536
596.247,594.307,353.494
593.743,592.22,478.451
601.017,721.354,230.668
598.513,719.268,355.626
596.009,717.182,480.583
603.283,846.316,232.8
600.779,844.229,357.757
598.275,842.143,482.715
350.211,599.695,348.321
353.892,599.637,473.266
357.572,599.579,598.212
353.258,724.658,348.289
356.938,724.6,473.235
360.618,724.541,598.181
356.305,849.621,348.258
359.985,849.562,473.203
363.665,849.504,598.149
475.12,596.649,344.64
478.8,596.59,469.586
482.48,596.532,594.532
478.167,721.612,344.609
481.847,721.553,469.554
485.527,721.495,594.5
481.213,846.574,344.577
484.894,846.516,469.523
488.574,846.458,594.469
600.029,593.602,340.96
603.709,593.544,465.905
607.389,593.486,590.851
603.075,718.565,340.928
606.756,718.507,465.874
610.436,718.449,590.82
606.122,843.528,340.896
609.802,843.47,465.842
613.482,843.412,590.788
348.809,601.551,473.528
345.13,604.613,598.436
341.451,607.674,723.344
352.017,726.475,470.56
348.338,729.536,595.468
344.659,732.598,720.377
355.225,851.398,467.593
351.546,854.46,592.501
347.867,857.521,717.409
473.714,598.433,477.283
470.035,601.494,602.191
466.356,604.556,727.1
476.922,723.356,474.316
473.243,726.418,599.224
469.564,729.48,724.132
480.13,848.28,471.348
476.451,851.342,596.256
472.772,854.403,721.165
598.619,595.314,481.039
594.94,598.376,605.947
591.26,601.438,730.855
601.827,720.238,478.071
598.148,723.3,602.979
594.468,726.361,727.888
605.035,845.162,475.104
601.355,848.223,600.012
597.676,851.285,724.92
350.757,599.937,600.462
350.302,602.718,725.43
349.847,605.498,850.398
354.415,724.853,597.696
353.96,727.633,722.664
353.504,730.414,847.632
358.073,849.769,594.93
357.617,852.549,719.898
357.162,855.33,844.866
475.703,596.291,600.998
475.247,599.071,725.966
474.792,601.851,850.934
479.36,721.206,598.232
478.905,723.987,723.2
478.45,726.767,848.169
483.018,846.122,595.466
482.563,848.903,720.434
482.108,851.683,845.403
600.648,592.644,601.534
600.193,595.424,726.502
599.738,598.204,851.471
604.306,717.56,598.768
603.851,720.34,723.737
603.396,723.12,848.705
607.964,842.475,596.002
607.509,845.256,720.971
607.053,848.036,845.939
475.499,98.2004,101.043
475.704,101.674,225.995
475.908,105.148,350.946
474.779,223.15,97.5704
474.983,226.624,222.522
475.188,230.098,347.474
474.058,348.1,94.0979
474.263,351.574,219.049
474.467,355.047,344.001
600.497,98.9151,100.818
600.702,102.389,225.77
600.906,105.863,350.722
599.777,223.865,97.346
599.981,227.339,222.298
600.186,230.812,347.249
599.056,348.814,93.8734
599.26,352.288,218.825
599.465,355.762,343.777
725.495,99.6297,100.594
725.699,103.104,225.546
725.904,106.577,350.497
724.774,224.579,97.1215
724.979,228.053,222.073
725.183,231.527,347.025
724.054,349.529,93.6489
724.258,353.003,218.6
724.463,356.477,343.552
473.929,101.431,223.302
472.152,101.013,348.289
470.375,100.596,473.276
471.486,226.407,223.685
469.708,225.989,348.672
467.931,225.571,473.658
469.042,351.382,224.068
467.265,350.965,349.055
465.488,350.547,474.041
598.893,103.869,225.087
597.116,103.451,350.074
595.338,103.034,475.061
596.449,228.845,225.47
594.672,228.427,350.457
592.895,228.009,475.443
594.005,353.82,225.853
592.228,353.402,350.84
590.451,352.985,475.826
723.856,106.307,226.872
722.079,105.889,351.859
720.302,105.472,476.846
721.413,231.283,227.255
719.635,230.865,352.242
717.858,230.447,477.228
718.969,356.258,227.638
717.192,355.84,352.625
715.415,355.423,477.611
475.689,100.64,349.011
473.98,97.9598,473.971
472.271,95.28,598.93
474.38,225.605,351.673
472.671,222.925,476.633
470.962,220.245,601.592
473.071,350.569,354.335
471.362,347.889,479.295
469.653,345.21,604.254
600.67,101.912,350.748
598.961,99.2318,475.707
597.252,96.5519,600.667
599.361,226.876,353.41
597.652,224.197,478.369
595.943,221.517,603.329
598.052,351.841,356.072
596.344,349.161,481.031
594.635,346.482,605.991
725.651,103.184,352.484
723.943,100.504,477.444
722.234,97.8238,602.403
724.343,228.148,355.146
722.634,225.468,480.106
720.925,222.789,605.065
723.034,353.113,357.808
721.325,350.433,482.768
719.616,347.753,607.727
474.928,99.0814,475.345
474.08,101.86,600.311
473.232,104.638,725.277
475.45,224.05,472.57
474.602,226.828,597.536
473.754,229.606,722.502
475.973,349.018,469.795
475.125,351.796,594.761
474.277,354.574,719.727
599.924,98.578,476.204
599.076,101.356,601.17
598.228,104.135,726.137
600.446,223.546,473.429
599.598,226.325,598.395
598.751,229.103,723.362
600.969,348.514,470.654
600.121,351.293,595.621
599.273,354.071,720.587
724.92,98.0745,477.063
724.072,100.853,602.03
723.224,103.631,726.996
725.442,223.043,474.288
724.594,225.821,599.255
723.747,228.599,724.221
725.965,348.011,471.514
725.117,350.789,596.48
724.269,353.568,721.446
476.638,100.683,598.924
473.156,103.333,723.847
469.673,105.984,848.771
477.593,225.652,596.299
474.111,228.302,721.223
470.629,230.952,846.146
478.549,350.621,593.675
475.066,353.271,718.598
471.584,355.921,843.522
601.586,99.8015,602.426
598.104,102.452,727.349
594.621,105.102,852.272
602.541,224.77,599.801
599.059,227.421,724.724
595.577,230.071,849.648
603.496,349.739,597.176
600.014,352.389,722.1
596.532,355.04,847.023
726.534,98.9198,605.927
723.051,101.57,730.85
719.569,104.22,855.774
727.489,223.889,603.303
724.007,226.539,728.226
720.524,229.189,853.149
728.444,348.857,600.678
724.962,351.508,725.601
721.48,354.158,850.525
473.32,224.695,99.6875
474.92,227.049,224.655
476.52,229.403,349.623
471.984,349.666,97.3501
473.584,352.02,222.318
475.184,354.374,347.285
470.648,474.637,95.0128
472.248,476.991,219.98
473.848,479.345,344.948
598.302,226,98.0623
599.903,228.355,223.03
601.503,230.709,347.997
596.966,350.971,95.725
598.567,353.326,220.693
600.167,355.68,345.66
595.63,475.942,93.3877
597.231,478.297,218.355
598.831,480.651,343.323
723.285,227.306,96.4372
724.885,229.66,221.405
726.486,232.015,346.372
721.949,352.277,94.0999
723.549,354.631,219.067
725.15,356.986,344.035
720.613,477.248,91.7626
722.213,479.602,216.73
723.814,481.957,341.698
475.337,224.785,226.974
473.716,223.724,351.959
472.096,222.663,476.944
477.1,349.768,228.058
475.479,348.707,353.043
473.859,347.645,478.028
478.862,474.751,229.142
477.242,473.69,354.127
475.621,472.628,479.112
600.314,223.008,228.58
598.693,221.947,353.565
597.073,220.886,478.55
602.077,347.991,229.664
600.456,346.93,354.649
598.836,345.869,479.634
603.84,472.974,230.748
602.219,471.913,355.733
600.598,470.852,480.718
725.291,221.232,230.185
723.671,220.171,355.17
722.05,219.109,480.155
727.054,346.215,231.269
725.433,345.154,356.254
723.813,344.092,481.239
728.817,471.198,232.353
727.196,470.136,357.338
725.575,469.075,482.323
476.863,223.376,348.828
477.15,219.929,473.78
477.437,216.483,598.732
478.279,348.32,352.271
478.566,344.874,477.223
478.853,341.428,602.175
479.695,473.265,355.714
479.982,469.819,480.666
480.269,466.372,605.618
601.855,221.968,348.502
602.142,218.522,473.454
602.429,215.075,598.407
603.271,346.913,351.945
603.558,343.466,476.897
603.845,340.02,601.849
604.687,471.857,355.388
604.974,468.411,480.34
605.261,464.964,605.292
726.846,220.56,348.176
727.133,217.114,473.129
727.42,213.668,598.081
728.263,345.505,351.619
728.549,342.059,476.571
728.836,338.612,601.524
729.679,470.449,355.062
729.966,467.003,480.014
730.253,463.557,604.967
473.878,223.673,473.514
471.199,224.972,598.478
468.52,226.271,723.443
473.373,348.665,472.204
470.695,349.964,597.168
468.016,351.263,722.133
472.869,473.657,470.894
470.191,474.956,595.859
467.512,476.255,720.823
598.848,224.205,476.187
596.169,225.504,601.152
593.49,226.803,726.116
598.344,349.197,474.877
595.665,350.496,599.842
592.986,351.795,724.806
597.84,474.189,473.567
595.161,475.488,598.532
592.482,476.787,723.496
723.818,224.737,478.86
721.139,226.036,603.825
718.461,227.335,728.789
723.314,349.729,477.551
720.635,351.028,602.515
717.957,352.327,727.48
722.81,474.722,476.241
720.131,476.02,601.205
717.452,477.319,726.17
475.497,226.289,598.674
474.856,226.012,723.672
474.215,225.735,848.67
477.098,351.279,598.959
476.457,351.002,723.957
475.816,350.725,848.955
478.699,476.268,599.245
478.058,475.991,724.243
477.418,475.714,849.241
600.485,224.687,599.311
599.844,224.41,724.309
599.203,224.133,849.307
602.086,349.676,599.596
601.445,349.399,724.594
600.805,349.122,849.593
603.687,474.666,599.882
603.047,474.388,724.88
602.406,474.111,849.878
725.473,223.084,599.948
724.832,222.807,724.946
724.191,222.53,849.944
727.074,348.073,600.233
726.433,347.796,725.232
725.793,347.519,850.23
728.675,473.063,600.519
728.035,472.786,725.517
727.394,472.509,850.515
476.147,351.135,99.4764
475.172,352.106,224.469
474.198,353.078,349.461
479.07,476.097,98.5282
478.096,477.069,223.521
477.121,478.04,348.513
481.994,601.06,97.58
481.019,602.031,222.572
480.045,603.002,347.565
601.109,348.219,100.473
600.134,349.19,225.466
599.16,350.162,350.458
604.032,473.181,99.5251
603.058,474.153,224.518
602.083,475.124,349.51
606.956,598.144,98.5769
605.981,599.115,223.569
605.007,600.086,348.562
726.071,345.303,101.47
725.096,346.274,226.463
724.122,347.245,351.455
728.994,470.265,100.522
728.02,471.236,225.514
727.045,472.208,350.507
731.918,595.227,99.5738
730.943,596.199,224.566
729.969,597.17,349.559
474.375,351.288,226.155
471.4,351.975,351.118
468.425,352.663,476.08
474.714,476.286,225.475
471.739,476.973,350.438
468.764,477.661,475.401
475.053,601.283,224.796
472.078,601.971,349.758
469.103,602.658,474.721
599.339,350.965,229.131
596.364,351.653,354.094
593.389,352.34,479.057
599.678,475.963,228.452
596.703,476.65,353.415
593.728,477.338,478.377
600.017,600.961,227.772
597.042,601.648,352.735
594.068,602.335,477.698
724.303,350.642,232.108
721.328,351.33,357.071
718.353,352.017,482.033
724.642,475.64,231.428
721.667,476.327,356.391
718.693,477.015,481.354
724.981,600.638,230.749
722.007,601.325,355.712
719.032,602.013,480.674
473.546,348.548,351.271
471.849,348.299,476.259
470.153,348.049,601.247
470.865,473.519,351.484
469.169,473.27,476.472
467.472,473.02,601.46
468.185,598.49,351.697
466.488,598.241,476.685
464.791,597.991,601.673
598.506,351.225,352.973
596.809,350.976,477.961
595.112,350.727,602.949
595.825,476.197,353.186
594.128,475.947,478.174
592.432,475.698,603.162
593.144,601.168,353.399
591.448,600.918,478.387
589.751,600.669,603.375
723.465,353.903,354.674
721.769,353.654,479.662
720.072,353.404,604.651
720.785,478.874,354.887
719.088,478.625,479.875
717.392,478.375,604.864
718.104,603.845,355.1
716.408,603.596,480.088
714.711,603.346,605.077
473.502,351.619,474.477
476.882,353.85,599.411
480.262,356.082,724.346
470.812,476.571,472.318
474.192,478.803,597.252
477.572,481.034,722.186
468.122,601.523,470.158
471.502,603.755,595.093
474.882,605.987,720.027
598.427,354.249,471.05
601.807,356.48,595.984
605.187,358.712,720.919
595.737,479.201,468.891
599.117,481.433,593.825
602.497,483.664,718.76
593.047,604.153,466.732
596.427,606.385,591.666
599.807,608.617,716.6
723.352,356.879,467.623
726.732,359.11,592.558
730.112,361.342,717.492
720.663,481.831,465.464
724.043,484.063,590.398
727.423,486.294,715.333
717.973,606.783,463.305
721.353,609.015,588.239
724.733,611.247,713.174
475.71,349.011,598.956
472.544,349.521,723.915
469.377,350.031,848.874
477.358,473.999,598.488
474.192,474.509,723.446
471.025,475.02,848.405
479.007,598.987,598.019
475.84,599.498,722.978
472.674,600.008,847.937
600.659,347.375,602.129
597.493,347.885,727.088
594.326,348.396,852.047
602.307,472.363,601.661
599.141,472.874,726.619
595.974,473.384,851.578
603.956,597.352,601.192
600.789,597.862,726.151
597.623,598.372,851.11
725.608,345.739,605.302
722.442,346.25,730.261
719.275,346.76,855.22
727.256,470.728,604.833
724.09,471.238,729.792
720.923,471.748,854.751
728.905,595.716,604.365
725.738,596.226,729.324
722.572,596.736,854.283
475.469,473.183,101.292
474.704,476.91,226.234
473.938,480.637,351.176
473.398,598.11,97.5524
472.633,601.837,222.494
471.867,605.564,347.437
471.327,723.037,93.8132
470.562,726.764,218.755
469.796,730.491,343.697
600.449,475.276,101.995
599.684,479.003,226.937
598.919,482.73,351.879
598.378,600.203,98.2555
597.613,603.93,223.198
596.848,607.657,348.14
596.308,725.13,94.5164
595.542,728.857,219.458
594.777,732.584,344.401
725.43,477.369,102.698
724.665,481.096,227.64
723.899,484.823,352.582
723.359,602.296,98.9586
722.594,606.023,223.901
721.828,609.75,348.843
721.288,727.223,95.2195
720.523,730.95,220.162
719.757,734.677,345.104
475.817,473.868,226.406
474.811,472.377,351.393
473.806,470.886,476.38
474.519,598.852,227.886
473.513,597.361,352.873
472.508,595.871,477.86
473.221,723.837,229.366
472.215,722.346,354.353
471.21,720.855,479.34
600.806,475.153,227.427
599.8,473.663,352.414
598.795,472.172,477.401
599.508,600.138,228.907
598.503,598.647,353.894
597.497,597.157,478.881
598.21,725.122,230.387
597.205,723.632,355.374
596.199,722.141,480.361
725.795,476.439,228.447
724.79,474.948,353.435
723.784,473.458,478.422
724.497,601.424,229.928
723.492,599.933,354.915
722.486,598.442,479.902
723.199,726.408,231.408
722.194,724.917,356.395
721.188,723.427,481.382
476.892,476.616,350.963
474.498,477.336,475.938
472.104,478.057,600.913
479.611,601.584,350.295
477.217,602.305,475.27
474.823,603.026,600.245
482.33,726.553,349.626
479.936,727.274,474.601
477.542,727.994,599.576
601.839,473.91,353.373
599.445,474.63,478.348
597.051,475.351,603.323
604.558,598.878,352.704
602.164,599.599,477.679
599.77,600.32,602.654
607.277,723.847,352.035
604.883,724.568,477.01
602.49,725.288,601.985
726.787,471.204,355.782
724.393,471.925,480.757
721.999,472.645,605.732
729.506,596.173,355.113
727.112,596.893,480.088
724.718,597.614,605.063
732.225,721.141,354.444
729.831,721.862,479.419
727.437,722.583,604.394
473.466,473.507,473.229
475.185,474.123,598.215
476.905,474.74,723.202
470.885,598.479,472.648
472.604,599.095,597.634
474.323,599.712,722.621
468.304,723.451,472.067
470.023,724.067,597.054
471.742,724.684,722.04
598.427,476.08,471.497
600.147,476.696,596.484
601.866,477.313,721.47
595.846,601.052,470.916
597.566,601.668,595.903
599.285,602.285,720.889
593.265,726.024,470.335
594.985,726.64,595.322
596.704,727.257,720.308
723.389,478.652,469.765
725.108,479.269,594.752
726.828,479.885,719.738
720.808,603.624,469.184
722.527,604.241,594.171
724.247,604.857,719.158
718.227,728.596,468.603
719.946,729.213,593.59
721.665,729.829,718.577
474.915,476.185,599.704
477.753,475.648,724.671
480.591,475.11,849.637
476.856,601.169,600.198
479.694,600.632,725.164
482.532,600.094,850.131
478.797,726.153,600.691
481.635,725.616,725.658
484.473,725.078,850.624
599.867,474.256,596.858
602.706,473.718,721.825
605.544,473.181,846.791
601.808,599.24,597.351
604.647,598.702,722.318
607.485,598.165,847.285
603.75,724.224,597.845
606.588,723.686,722.812
609.426,723.149,847.778
724.82,472.326,594.012
727.658,471.789,718.978
730.496,471.251,843.945
726.761,597.31,594.505
729.599,596.773,719.472
732.437,596.235,844.439
728.702,722.294,594.999
731.54,721.757,719.965
734.379,721.219,844.932
473.899,600.648,99.9295
473.463,600.631,224.929
473.026,600.615,349.928
474.763,725.645,99.9491
474.326,725.628,224.948
473.889,725.612,349.948
475.626,850.642,99.9686
475.19,850.625,224.968
474.753,850.609,349.967
598.896,599.784,100.366
598.459,599.768,225.365
598.022,599.751,350.365
599.759,724.781,100.386
599.322,724.765,225.385
598.886,724.748,350.384
600.623,849.778,100.405
600.186,849.762,225.404
599.749,849.745,350.404
723.892,598.921,100.803
723.455,598.904,225.802
723.018,598.888,350.801
724.755,723.918,100.822
724.319,723.901,225.821
723.882,723.885,350.821
725.619,848.915,100.842
725.182,848.898,225.841
724.745,848.882,350.84
475.193,600.2,226.407
475.35,597.806,351.384
475.507,595.412,476.361
475.258,725.177,228.801
475.415,722.783,353.778
475.572,720.389,478.755
475.323,850.154,231.195
475.48,847.76,356.172
475.637,845.366,481.149
600.193,600.139,226.249
600.35,597.744,351.226
600.507,595.35,476.203
600.258,725.116,228.643
600.415,722.722,353.62
600.572,720.327,478.597
600.323,850.093,231.037
600.48,847.699,356.014
600.637,845.305,480.991
725.193,600.077,226.091
725.35,597.683,351.068
725.507,595.289,476.045
725.258,725.054,228.485
725.415,722.66,353.462
725.572,720.266,478.439
725.323,850.031,230.879
725.48,847.637,355.856
725.636,845.243,480.833
474.519,598.096,348.846
474.834,594.433,473.792
475.148,590.77,598.738
475.282,723.04,352.507
475.596,719.377,477.453
475.911,715.714,602.399
476.045,847.984,356.167
476.359,844.321,481.113
476.673,840.658,606.059
599.517,597.343,348.509
599.831,593.68,473.455
600.145,590.017,598.401
600.279,722.287,352.17
600.593,718.624,477.116
600.908,714.961,602.062
601.042,847.231,355.831
601.356,843.568,480.777
601.67,839.905,605.723
724.514,596.589,348.173
724.828,592.927,473.119
725.142,589.264,598.065
725.276,721.533,351.834
725.591,717.871,476.78
725.905,714.208,601.726
726.039,846.478,355.494
726.353,842.815,480.44
726.668,839.152,605.386
476.315,599.054,475.86
479.964,597.089,600.791
483.613,595.125,725.722
476.811,724.037,477.81
480.46,722.073,602.742
484.109,720.109,727.673
477.307,849.021,479.761
480.956,847.057,604.692
484.605,845.093,729.623
601.261,598.615,472.203
604.91,596.651,597.135
608.559,594.686,722.066
601.757,723.599,474.154
605.406,721.635,599.085
609.055,719.67,724.016
602.252,848.583,476.104
605.902,846.618,601.036
609.551,844.654,725.967
726.206,598.176,468.547
729.856,596.212,593.478
733.505,594.248,718.409
726.702,723.16,470.497
730.351,721.196,595.429
734.001,719.232,720.36
727.198,848.144,472.448
730.847,846.18,597.379
734.496,844.215,722.311
474.689,598.035,599.082
477.909,599.948,724.026
481.128,601.86,848.97
476.701,723.003,597.117
479.921,724.916,722.061
483.14,726.828,847.005
478.713,847.972,595.152
481.933,849.884,720.096
485.153,851.797,845.04
599.631,595.973,595.894
602.851,597.886,720.838
606.07,599.798,845.782
601.643,720.941,593.929
604.863,722.854,718.873
608.083,724.766,843.817
603.656,845.91,591.964
606.875,847.822,716.908
610.095,849.735,841.852
724.574,593.911,592.706
727.793,595.824,717.65
731.013,597.736,842.594
726.586,718.879,590.741
729.805,720.792,715.685
733.025,722.705,840.629
728.598,843.848,588.776
731.818,845.76,713.72
735.037,847.673,838.664
598.847,101.215,100.375
598.309,98.5722,225.346
597.771,95.9296,350.317
597.396,226.179,103.011
596.858,223.536,227.982
596.32,220.893,352.953
595.946,351.142,105.647
595.408,348.5,230.618
594.87,345.857,355.589
723.837,102.654,100.943
723.299,100.011,225.914
722.761,97.3683,350.885
722.387,227.617,103.579
721.849,224.975,228.55
721.311,222.332,353.521
720.936,352.581,106.216
720.398,349.938,231.187
719.86,347.296,356.157
848.828,104.092,101.512
848.29,101.45,226.483
847.752,98.807,351.453
847.377,229.056,104.148
846.839,226.413,229.119
846.301,223.771,354.09
845.927,354.02,106.784
845.389,351.377,231.755
844.851,348.735,356.726
599.438,101.98,223.145
597.837,99.1003,348.101
596.237,96.2205,473.058
599.792,226.946,226.03
598.191,224.067,350.986
596.591,221.187,475.943
600.145,351.913,228.914
598.545,349.033,353.871
596.944,346.153,478.827
724.427,101.59,224.737
722.827,98.7099,349.693
721.226,95.83,474.65
724.781,226.556,227.621
723.18,223.676,352.578
721.58,220.796,477.535
725.135,351.522,230.506
723.534,348.642,355.463
721.934,345.762,480.419
849.416,101.199,226.329
847.816,98.3194,351.285
846.215,95.4395,476.242
849.77,226.165,229.213
848.17,223.286,354.17
846.569,220.406,479.127
850.124,351.132,232.098
848.523,348.252,357.055
846.923,345.372,482.011
598.469,101.799,348.24
598.255,102.506,473.237
598.041,103.213,598.235
599.842,226.789,347.535
599.628,227.496,472.533
599.414,228.203,597.531
601.214,351.78,346.831
601,352.487,471.828
600.786,353.194,596.826
723.462,100.428,348.461
723.248,101.135,473.459
723.034,101.841,598.457
724.834,225.418,347.757
724.62,226.125,472.755
724.406,226.832,597.752
726.206,350.409,347.052
725.992,351.116,472.05
725.778,351.822,597.048
848.454,99.0566,348.683
848.24,99.7635,473.681
848.026,100.47,598.678
849.826,224.047,347.978
849.612,224.754,472.976
849.398,225.461,597.974
851.199,349.038,347.274
850.985,349.744,472.272
850.771,350.451,597.27
600.172,99.6221,475.18
597.781,101.654,600.141
595.391,103.685,725.101
602.802,224.579,473.199
600.411,226.61,598.159
598.021,228.642,723.12
605.431,349.535,471.218
603.041,351.567,596.178
600.651,353.598,721.139
725.121,97.031,477.612
722.731,99.0625,602.573
720.34,101.094,727.534
727.751,221.988,475.631
725.361,224.019,600.592
722.97,226.051,725.552
730.381,346.944,473.65
727.99,348.976,598.611
725.6,351.007,723.571
850.071,94.4399,480.045
847.68,96.4714,605.005
845.29,98.5029,729.966
852.701,219.397,478.064
850.31,221.428,603.024
847.92,223.46,727.985
855.33,344.353,476.082
852.94,346.385,601.043
850.549,348.416,726.004
600.833,101.246,601.185
600.691,100.152,726.18
600.55,99.0574,851.175
600.91,226.242,602.28
600.769,225.147,727.275
600.628,224.053,852.27
600.988,351.237,603.374
600.847,350.142,728.369
600.706,349.048,853.364
725.833,101.167,601.325
725.691,100.073,726.321
725.55,98.9785,851.316
725.91,226.163,602.42
725.769,225.068,727.415
725.628,223.974,852.41
725.988,351.158,603.515
725.847,350.063,728.51
725.706,348.969,853.505
850.832,101.088,601.466
850.691,99.994,726.461
850.55,98.8995,851.456
850.91,226.084,602.56
850.769,224.989,727.556
850.628,223.895,852.551
850.988,351.079,603.655
850.847,349.984,728.65
850.706,348.89,853.645
599.248,224.099,101.072
600.949,226.206,226.042
602.651,228.312,351.013
600.412,349.076,98.949
602.113,351.182,223.92
603.814,353.289,348.89
601.576,474.052,96.8263
603.277,476.159,221.797
604.978,478.266,346.768
724.231,222.907,99.3902
725.932,225.013,224.361
727.634,227.12,349.331
725.395,347.883,97.2675
727.096,349.99,222.238
728.797,352.097,347.209
726.559,472.86,95.1448
728.26,474.966,220.115
729.961,477.073,345.086
849.214,221.714,97.7087
850.915,223.821,222.679
852.617,225.927,347.65
850.378,346.691,95.586
852.079,348.797,220.557
853.78,350.904,345.527
851.542,471.667,93.4633
853.243,473.774,218.434
854.944,475.881,343.405
601.79,226.943,225.846
604.994,226.912,350.805
608.198,226.881,475.764
598.982,351.911,225.949
602.186,351.88,350.908
605.39,351.849,475.867
596.175,476.88,226.052
599.379,476.849,351.011
602.583,476.818,475.97
726.718,229.752,222.644
729.922,229.721,347.603
733.126,229.69,472.562
723.91,354.721,222.747
727.114,354.69,347.706
730.318,354.659,472.665
721.102,479.689,222.85
724.306,479.658,347.809
727.51,479.627,472.768
851.645,232.562,219.441
854.849,232.531,344.4
858.053,232.5,469.359
848.837,357.53,219.544
852.041,357.499,344.503
855.245,357.468,469.462
846.029,482.499,219.647
849.233,482.468,344.606
852.437,482.437,469.565
599.115,224.35,350.299
599.738,222.086,475.277
600.361,219.823,600.255
598.885,349.329,352.564
599.508,347.066,477.541
600.131,344.802,602.519
598.655,474.308,354.828
599.278,472.045,479.806
599.901,469.781,604.784
724.113,224.591,349.68
724.736,222.328,474.658
725.359,220.064,599.636
723.883,349.57,351.945
724.506,347.307,476.923
725.129,345.043,601.901
723.653,474.55,354.209
724.276,472.286,479.187
724.899,470.023,604.165
849.111,224.832,349.061
849.734,222.569,474.039
850.357,220.305,599.017
848.881,349.811,351.326
849.504,347.548,476.304
850.127,345.284,601.282
848.651,474.791,353.591
849.274,472.527,478.568
849.898,470.264,603.546
601.646,224.308,476.603
601.414,225.819,601.594
601.182,227.33,726.585
603.213,349.289,475.095
602.981,350.8,600.086
602.75,352.311,725.076
604.78,474.27,473.587
604.548,475.781,598.577
604.317,477.292,723.568
726.636,222.743,476.854
726.404,224.255,601.845
726.172,225.766,726.835
728.203,347.724,475.346
727.971,349.236,600.336
727.74,350.747,725.327
729.77,472.706,473.837
729.538,474.217,598.828
729.307,475.728,723.819
851.626,221.179,477.105
851.394,222.69,602.095
851.162,224.202,727.086
853.193,346.16,475.596
852.961,347.672,600.587
852.73,349.183,725.578
854.76,471.141,474.088
854.528,472.653,599.079
854.297,474.164,724.069
601.217,223.705,600.602
604.51,221.985,725.547
607.804,220.265,850.491
598.902,348.671,602.383
602.195,346.951,727.328
605.489,345.231,852.273
596.587,473.637,604.165
599.88,471.917,729.11
603.174,470.197,854.054
726.152,226.066,597.341
729.446,224.346,722.286
732.739,222.626,847.231
723.837,351.032,599.123
727.131,349.312,724.068
730.424,347.592,849.012
721.522,475.998,600.904
724.816,474.278,725.849
728.109,472.557,850.794
851.087,228.427,594.081
854.381,226.707,719.025
857.674,224.987,843.97
848.772,353.393,595.862
852.066,351.673,720.807
855.359,349.952,845.752
846.457,478.359,597.644
849.751,476.638,722.588
853.044,474.918,847.533
601.199,351.305,100.053
604.185,350.641,225.015
607.17,349.978,349.978
598.183,476.266,100.788
601.168,475.603,225.751
604.153,474.939,350.714
595.167,601.228,101.524
598.152,600.564,226.487
601.137,599.901,351.449
726.127,354.338,97.0847
729.112,353.674,222.047
732.098,353.011,347.01
723.111,479.299,97.8203
726.096,478.636,222.783
729.081,477.972,347.745
720.095,604.261,98.5559
723.08,603.597,223.518
726.065,602.933,348.481
851.055,357.37,94.1166
854.04,356.707,219.079
857.025,356.043,344.042
848.039,482.332,94.8522
851.024,481.668,219.815
854.009,481.005,344.777
845.023,607.293,95.5877
848.008,606.63,220.55
850.993,605.966,345.513
598.306,349.174,224.789
597.252,352.689,349.735
596.197,356.203,474.681
594.815,474.075,221.247
593.761,477.59,346.193
592.706,481.104,471.139
591.324,598.976,217.704
590.269,602.491,342.65
589.215,606.005,467.596
723.253,352.694,225.744
722.199,356.208,350.691
721.144,359.723,475.637
719.762,477.595,222.202
718.707,481.109,347.148
717.653,484.624,472.094
716.271,602.496,218.659
715.216,606.01,343.606
714.162,609.525,468.552
848.2,356.213,226.7
847.145,359.728,351.646
846.091,363.242,476.592
844.709,481.114,223.157
843.654,484.629,348.104
842.6,488.143,473.05
841.217,606.015,219.615
840.163,609.53,344.561
839.109,613.044,469.507
601.134,350.074,351.039
601.436,349.369,476.036
601.738,348.665,601.034
604.63,475.024,351.735
604.932,474.319,476.733
605.234,473.614,601.73
608.126,599.973,352.431
608.428,599.268,477.429
608.73,598.563,602.426
726.084,346.58,350.717
726.386,345.875,475.715
726.689,345.17,600.712
729.58,471.529,351.413
729.883,470.824,476.411
730.185,470.119,601.408
733.076,596.478,352.109
733.379,595.773,477.107
733.681,595.069,602.105
851.035,343.086,350.395
851.337,342.381,475.393
851.639,341.676,600.39
854.531,468.035,351.091
854.833,467.33,476.089
855.136,466.625,601.087
858.027,592.984,351.787
858.329,592.279,476.785
858.632,591.574,601.783
598.63,348.787,476.544
600.463,346.138,601.502
602.296,343.488,726.46
596.639,473.742,479.222
598.472,471.093,604.18
600.306,468.444,729.139
594.649,598.698,481.901
596.482,596.048,606.859
598.315,593.399,731.817
723.601,350.816,474.753
725.434,348.167,599.712
727.267,345.518,724.67
721.61,475.772,477.432
723.443,473.122,602.39
725.276,470.473,727.349
719.619,600.727,480.11
721.453,598.078,605.069
723.286,595.428,730.027
848.572,352.846,472.963
850.405,350.196,597.922
852.238,347.547,722.88
846.581,477.801,475.642
848.414,475.152,600.6
850.247,472.502,725.559
844.59,602.756,478.32
846.423,600.107,603.279
848.256,597.458,728.237
600.79,351.921,598.373
598.449,353.233,723.344
596.109,354.545,848.315
597.523,476.871,597
595.182,478.183,721.971
592.842,479.495,846.942
594.255,601.821,595.627
591.915,603.133,720.598
589.575,604.445,845.569
725.725,355.213,600.678
723.385,356.525,725.649
721.044,357.837,850.62
722.458,480.163,599.305
720.118,481.475,724.276
717.777,482.787,849.247
719.191,605.113,597.932
716.85,606.425,722.903
714.51,607.737,847.874
850.661,358.506,602.983
848.32,359.818,727.954
845.98,361.13,852.926
847.393,483.455,601.61
845.053,484.767,726.581
842.713,486.079,851.552
844.126,608.405,600.237
841.786,609.717,725.208
839.445,611.029,850.179
600.585,473.862,100.461
602.909,475.91,225.423
605.232,477.959,350.385
599.513,598.84,98.4325
601.837,600.889,223.394
604.16,602.937,348.356
598.441,723.819,96.4037
600.764,725.868,221.365
603.088,727.916,346.327
725.559,474.896,98.1209
727.883,476.944,223.083
730.206,478.993,348.044
724.487,599.875,96.092
726.81,601.923,221.054
729.134,603.972,346.015
723.415,724.854,94.0632
725.738,726.902,219.025
728.061,728.951,343.986
850.533,475.93,95.7804
852.856,477.978,220.742
855.18,480.027,345.704
849.461,600.909,93.7515
851.784,602.957,218.713
854.107,605.006,343.675
848.389,725.888,91.7227
850.712,727.936,216.684
853.035,729.985,341.646
599.028,474.125,225.972
601.663,474.512,350.944
604.299,474.899,475.916
597.144,599.11,225.625
599.779,599.498,350.597
602.415,599.885,475.568
595.259,724.096,225.278
597.895,724.483,350.249
600.53,724.87,475.221
723.986,476.002,223.332
726.622,476.389,348.303
729.257,476.776,473.275
722.102,600.987,222.984
724.737,601.374,347.956
727.373,601.761,472.927
720.217,725.972,222.637
722.853,726.359,347.608
725.488,726.747,472.58
848.944,477.878,220.691
851.58,478.265,345.662
854.215,478.653,470.634
847.06,602.864,220.343
849.695,603.251,345.315
852.331,603.638,470.286
845.176,727.849,219.996
847.811,728.236,344.967
850.446,728.623,469.939
601.854,473.564,351.888
598.379,472.903,476.838
594.904,472.243,601.788
603.404,598.552,352.592
599.929,597.892,477.542
596.454,597.231,602.492
604.954,723.54,353.296
601.479,722.88,478.246
598.004,722.22,603.196
726.796,471.995,355.355
723.321,471.334,480.305
719.846,470.674,605.255
728.346,596.983,356.058
724.871,596.323,481.008
721.396,595.662,605.958
729.896,721.971,356.762
726.421,721.311,481.712
722.946,720.651,606.662
851.738,470.426,358.821
848.263,469.765,483.771
844.788,469.105,608.721
853.288,595.414,359.525
849.813,594.754,484.475
846.338,594.093,609.425
854.838,720.402,360.228
851.363,719.742,485.178
847.888,719.082,610.128
601.946,475.899,475.775
600.789,476.73,600.767
599.631,477.562,725.759
603.324,600.889,474.956
602.166,601.72,599.948
601.008,602.551,724.94
604.701,725.879,474.138
603.543,726.71,599.13
602.385,727.541,724.122
726.934,474.53,476.942
725.776,475.361,601.933
724.618,476.192,726.925
728.311,599.52,476.123
727.153,600.351,601.115
725.995,601.182,726.107
729.688,724.509,475.305
728.53,725.34,600.297
727.372,726.172,725.288
851.921,473.16,478.108
850.763,473.992,603.1
849.605,474.823,728.092
853.298,598.15,477.29
852.14,598.981,602.282
850.982,599.813,727.274
854.675,723.14,476.472
853.517,723.971,601.463
852.359,724.802,726.455
599.239,474.336,598.711
602.675,477.378,723.627
606.111,480.419,848.543
602.104,599.265,595.591
605.539,602.306,720.507
608.975,605.347,845.423
604.968,724.193,592.471
608.404,727.234,717.387
611.84,730.275,842.302
724.159,471.388,595.347
727.595,474.429,720.263
731.031,477.47,845.179
727.024,596.316,592.227
730.459,599.357,717.143
733.895,602.399,842.059
729.888,721.245,589.107
733.324,724.286,714.023
736.76,727.327,838.938
849.079,468.44,591.983
852.515,471.481,716.899
855.951,474.522,841.815
851.944,593.368,588.863
855.379,596.409,713.779
858.815,599.45,838.695
854.808,718.296,585.743
858.244,721.337,710.659
861.68,724.379,835.574
600.342,599.038,101.904
602.013,600.736,226.882
603.684,602.434,351.859
600.347,724.026,100.206
602.018,725.724,225.183
603.689,727.423,350.16
600.352,849.015,98.5072
602.023,850.713,223.484
603.694,852.411,348.462
725.331,599.01,100.233
727.002,600.708,225.211
728.673,602.407,350.188
725.336,723.999,98.5349
727.007,725.697,223.512
728.678,727.395,348.489
725.341,848.987,96.8363
727.012,850.685,221.814
728.683,852.384,346.791
850.32,598.982,98.5626
851.991,600.681,223.54
853.662,602.379,348.517
850.325,723.971,96.8641
851.996,725.669,221.841
853.667,727.368,346.819
850.33,848.959,95.1655
852.001,850.658,220.143
853.672,852.356,345.12
601.748,598.476,224.396
601.237,598.168,349.394
600.726,597.86,474.393
598.539,723.434,224.69
598.027,723.126,349.689
597.516,722.819,474.687
595.329,848.392,224.985
594.818,848.085,349.983
594.306,847.777,474.982
726.706,601.684,224.915
726.195,601.376,349.913
725.683,601.069,474.912
723.496,726.642,225.209
722.985,726.335,350.208
722.474,726.027,475.206
720.287,851.601,225.504
719.775,851.293,350.502
719.264,850.986,475.501
851.664,604.892,225.434
851.152,604.585,350.432
850.641,604.277,475.431
848.454,729.851,225.728
847.943,729.543,350.727
847.432,729.236,475.725
845.244,854.809,226.023
844.733,854.502,351.021
844.222,854.194,476.02
598.964,601.177,348.44
599.184,603.095,473.426
599.404,605.014,598.411
596.026,726.128,346.528
596.246,728.046,471.513
596.466,729.964,596.498
593.088,851.079,344.615
593.308,852.997,469.6
593.528,854.915,594.586
723.929,604.112,348.175
724.149,606.03,473.16
724.369,607.948,598.146
720.991,729.062,346.263
721.211,730.981,471.248
721.431,732.899,596.233
718.053,854.013,344.35
718.273,855.931,469.335
718.493,857.85,594.32
848.894,607.046,347.91
849.114,608.964,472.895
849.335,610.882,597.881
845.956,731.997,345.998
846.176,733.915,470.983
846.396,735.833,595.968
843.018,856.948,344.085
843.238,858.866,469.07
843.458,860.784,594.055
599.309,599.343,476.645
602.009,602.453,601.577
604.709,605.562,726.509
596.69,724.278,473.591
599.39,727.388,598.523
602.09,730.498,723.455
594.072,849.213,470.538
596.772,852.323,595.47
599.472,855.433,720.402
724.252,601.894,473.881
726.952,605.004,598.813
729.652,608.114,723.745
721.634,726.829,470.827
724.334,729.939,595.759
727.034,733.049,720.692
719.015,851.764,467.774
721.715,854.874,592.706
724.415,857.984,717.638
849.196,604.445,471.117
851.896,607.555,596.049
854.596,610.665,720.981
846.577,729.38,468.064
849.277,732.49,592.996
851.977,735.6,717.928
843.959,854.315,465.01
846.659,857.425,589.942
849.359,860.535,714.874
599.736,600.789,601.753
602.847,599.826,726.711
605.957,598.863,851.669
597.516,725.765,602.772
600.627,724.802,727.729
603.738,723.839,852.687
595.296,850.741,603.79
598.407,849.778,728.748
601.518,848.815,853.705
724.677,603.034,598.66
727.788,602.07,723.618
730.899,601.107,848.576
722.458,728.01,599.679
725.568,727.047,724.636
728.679,726.084,849.594
720.238,852.986,600.697
723.349,852.023,725.655
726.459,851.06,850.612
849.619,605.278,595.567
852.73,604.315,720.525
855.84,603.352,845.483
847.399,730.254,596.586
850.51,729.291,721.543
853.621,728.328,846.501
845.18,855.23,597.604
848.29,854.267,722.562
851.401,853.304,847.519
