27,125,pa2-unknown-j-output1.txt
200.519,207.805,206.694
406.37,406.669,200.744
98.3159,101.537,98.8856
101.002,101.748,223.857
103.688,101.959,348.828
99.8469,226.527,98.6413
102.533,226.738,223.612
105.219,226.95,348.583
101.378,351.517,98.397
104.064,351.729,223.368
106.75,351.94,348.339
223.278,100.001,96.2023
225.964,100.212,221.173
228.65,100.423,346.144
224.809,224.991,95.958
227.495,225.203,220.929
230.181,225.414,345.9
226.34,349.982,95.7137
229.026,350.193,220.685
231.712,350.404,345.656
348.239,98.4649,93.519
350.926,98.6763,218.49
353.612,98.8876,343.461
349.77,223.455,93.2747
352.457,223.667,218.246
355.143,223.878,343.217
351.301,348.446,93.0304
353.988,348.657,218.001
356.674,348.868,342.972
100.913,99.1516,226.469
103.142,101.32,351.431
105.372,103.488,476.392
97.3584,224.083,224.365
99.5879,226.252,349.326
101.817,228.42,474.288
93.8041,349.015,222.261
96.0337,351.183,347.222
98.2632,353.352,472.183
225.842,102.667,224.179
228.072,104.835,349.141
230.301,107.004,474.102
222.288,227.599,222.075
224.518,229.767,347.036
226.747,231.935,471.998
218.734,352.531,219.971
220.963,354.699,344.932
223.193,356.867,469.893
350.772,106.183,221.889
353.001,108.351,346.851
355.231,110.519,471.812
347.218,231.115,219.785
349.447,233.283,344.746
351.677,235.451,469.708
343.663,356.046,217.681
345.893,358.215,342.642
348.122,360.383,467.603
98.4562,98.4305,350.101
96.5279,95.8505,475.059
94.5996,93.2705,600.018
95.807,223.377,352.64
93.8787,220.797,477.598
91.9504,218.217,602.557
93.1578,348.323,355.179
91.2295,345.743,480.137
89.3012,343.163,605.096
223.413,101.04,352.083
221.485,98.4596,477.042
219.557,95.8796,602
220.764,225.986,354.622
218.836,223.406,479.58
216.907,220.826,604.539
218.115,350.932,357.161
216.187,348.352,482.119
214.258,345.772,607.078
348.37,103.649,354.065
346.442,101.069,479.024
344.514,98.4888,603.982
345.721,228.595,356.604
343.793,226.015,481.563
341.865,223.435,606.521
343.072,353.541,359.143
341.144,350.961,484.101
339.215,348.381,609.06
99.4162,101.677,474.17
101.822,100.731,599.143
104.228,99.7843,724.117
100.313,226.67,475.099
102.719,225.724,600.073
105.125,224.778,725.046
101.21,351.664,476.029
103.616,350.717,601.002
106.022,349.771,725.975
224.39,100.799,471.757
226.796,99.8521,596.731
229.202,98.9057,721.704
225.287,225.792,472.687
227.693,224.845,597.66
230.099,223.899,722.633
226.183,350.785,473.616
228.589,349.839,598.589
230.995,348.892,723.562
349.363,99.9199,469.344
351.77,98.9734,594.318
354.176,98.027,719.291
350.26,224.913,470.274
352.666,223.967,595.247
355.072,223.02,720.22
351.157,349.907,471.203
353.563,348.96,596.176
355.969,348.014,721.15
101.12,98.6088,601.8
101.911,97.481,726.792
102.702,96.3533,851.785
101.938,223.601,602.922
102.729,222.473,727.915
103.52,221.346,852.907
102.756,348.593,604.045
103.547,347.466,729.037
104.338,346.338,854.03
226.115,97.7982,601.001
226.906,96.6705,725.994
227.697,95.5427,850.986
226.933,222.791,602.124
227.724,221.663,727.116
228.515,220.535,852.109
227.751,347.783,603.247
228.542,346.655,728.239
229.333,345.527,853.231
351.11,96.9877,600.203
351.901,95.8599,725.195
352.692,94.7322,850.188
351.928,221.98,601.326
352.719,220.852,726.318
353.51,219.724,851.31
352.746,346.972,602.448
353.537,345.844,727.441
354.327,344.717,852.433
101.24,224.877,100.394
99.3829,221.139,225.324
97.5262,217.402,350.254
101.546,349.821,104.136
99.6896,346.083,229.067
97.8329,342.345,353.997
101.853,474.764,107.879
99.9964,471.027,232.809
98.1397,467.289,357.74
226.225,224.515,102.24
224.369,220.777,227.171
222.512,217.04,352.101
226.532,349.459,105.983
224.675,345.721,230.913
222.819,341.983,355.844
226.839,474.402,109.726
224.982,470.664,234.656
223.126,466.927,359.586
351.211,224.153,104.087
349.355,220.415,229.017
347.498,216.677,353.948
351.518,349.096,107.83
349.661,345.359,232.76
347.805,341.621,357.69
351.825,474.04,111.572
349.968,470.302,236.503
348.111,466.565,361.433
101.798,224.051,224.439
103.343,224.36,349.43
104.889,224.668,474.42
104.665,349.018,224.095
106.211,349.326,349.085
107.756,349.635,474.075
107.532,473.984,223.751
109.078,474.293,348.741
110.623,474.602,473.731
226.756,221.18,222.902
228.301,221.488,347.892
229.846,221.797,472.882
229.623,346.146,222.557
231.168,346.455,347.548
232.714,346.764,472.538
232.49,471.113,222.213
234.035,471.422,347.203
235.581,471.73,472.193
351.713,218.309,221.364
353.259,218.617,346.354
354.804,218.926,471.344
354.58,343.275,221.02
356.126,343.584,346.01
357.671,343.893,471
357.448,468.242,220.675
358.993,468.551,345.666
360.538,468.859,470.656
98.2776,223.662,348.974
95.9524,220.693,473.917
93.6271,217.723,598.86
100.267,348.61,351.981
97.9413,345.641,476.924
95.616,342.671,601.867
102.255,473.558,354.987
99.9302,470.589,479.93
97.6049,467.619,604.873
223.24,221.618,351.251
220.915,218.649,476.194
218.59,215.679,601.138
225.229,346.566,354.258
222.904,343.597,479.201
220.579,340.627,604.144
227.218,471.514,357.264
224.893,468.545,482.207
222.567,465.575,607.15
348.203,219.574,353.528
345.877,216.605,478.471
343.552,213.636,603.415
350.192,344.522,356.535
347.866,341.553,481.478
345.541,338.584,606.421
352.181,469.47,359.541
349.855,466.501,484.484
347.53,463.532,609.428
101.567,223.065,476.041
99.5619,222.391,601.023
97.5565,221.718,726.005
101.781,348.063,476.718
99.7758,347.389,601.7
97.7704,346.716,726.682
101.995,473.061,477.395
99.9897,472.387,602.377
97.9843,471.714,727.359
226.551,222.84,478.045
224.546,222.167,603.027
222.54,221.493,728.009
226.765,347.838,478.722
224.76,347.165,603.704
222.754,346.491,728.686
226.979,472.836,479.399
224.973,472.162,604.381
222.968,471.489,729.364
351.535,222.615,480.049
349.529,221.942,605.031
347.524,221.268,730.013
351.749,347.613,480.726
349.743,346.94,605.708
347.738,346.266,730.691
351.963,472.611,481.404
349.957,471.938,606.386
347.952,471.264,731.368
98.0722,225.443,601.993
97.555,223.618,726.979
97.0378,221.793,851.964
95.6963,350.407,603.808
95.1791,348.582,728.793
94.6618,346.758,853.779
93.3204,475.371,605.623
92.8031,473.547,730.608
92.2859,471.722,855.594
223.049,227.811,602.545
222.531,225.986,727.531
222.014,224.161,852.516
220.673,352.775,604.36
220.155,350.951,729.345
219.638,349.126,854.331
218.297,477.74,606.174
217.779,475.915,731.16
217.262,474.09,856.145
348.025,230.179,603.097
347.508,228.354,728.082
346.99,226.53,853.068
345.649,355.143,604.911
345.132,353.319,729.897
344.615,351.494,854.883
343.273,480.108,606.726
342.756,478.283,731.712
342.239,476.458,856.697
100.404,351.776,101.806
97.411,353.127,226.762
94.4183,354.479,351.719
100.356,476.768,100.452
97.3629,478.12,225.409
94.3702,479.472,350.366
100.308,601.761,99.0987
97.3148,603.113,224.056
94.3222,604.465,349.012
225.368,351.856,104.798
222.375,353.208,229.754
219.382,354.56,354.711
225.32,476.849,103.444
222.327,478.201,228.401
219.334,479.552,353.358
225.272,601.841,102.091
222.279,603.193,227.048
219.286,604.545,352.004
350.332,351.936,107.79
347.339,353.288,232.746
344.347,354.64,357.703
350.284,476.929,106.436
347.291,478.281,231.393
344.299,479.633,356.35
350.236,601.922,105.083
347.243,603.274,230.04
344.25,604.626,354.996
101.051,351.653,224.986
104.366,349,349.914
107.682,346.347,474.841
102.627,476.616,227.598
105.942,473.963,352.525
109.257,471.31,477.453
104.202,601.579,230.209
107.518,598.926,355.137
110.833,596.273,480.065
225.997,350.148,221.638
229.312,347.495,346.566
232.628,344.842,471.494
227.573,475.11,224.25
230.888,472.458,349.178
234.203,469.805,474.106
229.148,600.073,226.862
232.464,597.42,351.789
235.779,594.767,476.717
350.943,348.642,218.29
354.258,345.989,343.218
357.574,343.336,468.146
352.519,473.605,220.902
355.834,470.952,345.83
359.15,468.299,470.758
354.094,598.568,223.514
357.41,595.915,348.442
360.725,593.262,473.37
98.2767,350.652,349.161
98.2223,349.506,474.156
98.1679,348.36,599.15
101.742,475.599,350.308
101.688,474.453,475.303
101.634,473.306,600.298
105.208,600.546,351.456
105.154,599.399,476.45
105.1,598.253,601.445
223.229,347.186,349.184
223.174,346.04,474.178
223.12,344.893,599.173
226.694,472.133,350.331
226.64,470.986,475.326
226.586,469.84,600.32
230.16,597.079,351.478
230.106,595.933,476.473
230.051,594.787,601.468
348.181,343.72,349.206
348.126,342.574,474.201
348.072,341.427,599.196
351.646,468.667,350.353
351.592,467.52,475.348
351.538,466.374,600.343
355.112,593.613,351.501
355.058,592.467,476.496
355.003,591.321,601.49
98.749,350.58,473.54
100.085,351.065,598.532
101.422,351.55,723.524
98.5908,475.579,473.057
99.9272,476.064,598.049
101.264,476.549,723.041
98.4327,600.578,472.574
99.7691,601.063,597.566
101.106,601.548,722.558
223.742,350.733,472.203
225.078,351.218,597.195
226.415,351.703,722.187
223.584,475.732,471.72
224.92,476.217,596.712
226.256,476.702,721.704
223.425,600.731,471.237
224.762,601.216,596.229
226.098,601.701,721.221
348.734,350.886,470.866
350.071,351.371,595.858
351.407,351.856,720.85
348.576,475.885,470.383
349.913,476.37,595.375
351.249,476.855,720.367
348.418,600.884,469.9
349.755,601.369,594.892
351.091,601.854,719.884
101.625,351.596,599.46
102.363,348.733,724.425
103.101,345.87,849.39
103.482,476.55,602.312
104.22,473.687,727.277
104.958,470.823,852.242
105.338,601.504,605.164
106.076,598.64,730.129
106.814,595.777,855.094
226.609,349.757,598.68
227.347,346.894,723.645
228.085,344.031,848.61
228.466,474.711,601.532
229.204,471.848,726.497
229.942,468.984,851.462
230.322,599.665,604.384
231.06,596.801,729.349
231.798,593.938,854.314
351.593,347.918,597.9
352.331,345.055,722.865
353.069,342.191,847.83
353.45,472.872,600.752
354.188,470.008,725.717
354.926,467.145,850.682
355.306,597.825,603.604
356.044,594.962,728.569
356.782,592.099,853.534
100.729,474.277,99.9006
103.444,472.854,224.863
106.159,471.432,349.825
99.9459,599.266,101.34
102.661,597.843,226.303
105.376,596.421,351.265
99.1631,724.255,102.78
101.878,722.833,227.743
104.593,721.41,352.705
225.697,475.09,97.1948
228.412,473.668,222.157
231.127,472.245,347.12
224.914,600.08,98.6347
227.629,598.657,223.597
230.344,597.235,348.56
224.131,725.069,100.075
226.846,723.646,225.037
229.561,722.224,349.999
350.665,475.904,94.489
353.38,474.482,219.451
356.095,473.059,344.414
349.882,600.894,95.9289
352.597,599.471,220.891
355.312,598.048,345.854
349.099,725.883,97.3688
351.814,724.46,222.331
354.529,723.038,347.294
101.498,475.326,225.905
101.472,478.357,350.868
101.445,481.388,475.832
101.74,600.289,222.874
101.713,603.32,347.837
101.687,606.351,472.801
101.982,725.252,219.843
101.955,728.283,344.806
101.929,731.314,469.769
226.498,475.084,225.937
226.471,478.116,350.901
226.445,481.147,475.864
226.74,600.047,222.906
226.713,603.079,347.869
226.687,606.11,472.833
226.981,725.01,219.875
226.955,728.042,344.838
226.929,731.073,469.802
351.498,474.843,225.969
351.471,477.874,350.933
351.445,480.906,475.896
351.739,599.806,222.938
351.713,602.837,347.902
351.687,605.869,472.865
351.981,724.769,219.907
351.955,727.8,344.871
351.929,730.832,469.834
99.6933,474.288,351.077
98.3185,471.462,476.038
96.9437,468.636,600.998
99.3038,599.256,353.899
97.929,596.43,478.859
96.5542,593.604,603.82
98.9143,724.223,356.721
97.5395,721.397,481.681
96.1647,718.571,606.642
224.685,474.646,352.46
223.31,471.82,477.421
221.935,468.995,602.381
224.296,599.614,355.282
222.921,596.788,480.243
221.546,593.962,605.203
223.906,724.581,358.104
222.531,721.756,483.064
221.157,718.93,608.025
349.677,475.005,353.844
348.302,472.179,478.804
346.927,469.353,603.765
349.287,599.972,356.665
347.913,597.146,481.626
346.538,594.32,606.586
348.898,724.94,359.487
347.523,722.114,484.448
346.148,719.288,609.408
99.3015,475.346,476.524
101.472,478.612,601.463
103.642,481.877,726.401
96.4516,600.272,473.309
98.6219,603.538,598.247
100.792,606.804,723.185
93.6016,725.198,470.093
95.7719,728.464,595.031
97.9422,731.73,719.97
224.25,478.139,474.281
226.42,481.405,599.219
228.591,484.67,724.158
221.4,603.065,471.065
223.571,606.331,596.004
225.741,609.596,720.942
218.55,727.991,467.849
220.721,731.257,592.788
222.891,734.522,717.726
349.199,480.932,472.037
351.369,484.197,596.976
353.539,487.463,721.914
346.349,605.858,468.822
348.519,609.123,593.76
350.689,612.389,718.699
343.499,730.784,465.606
345.669,734.05,590.544
347.84,737.315,715.483
99.117,474.415,599.737
98.6522,471.791,724.709
98.1875,469.167,849.681
97.659,599.379,602.356
97.1942,596.755,727.328
96.7295,594.131,852.299
96.201,724.343,604.975
95.7362,721.719,729.946
95.2715,719.095,854.918
224.108,475.863,600.233
223.643,473.239,725.204
223.178,470.615,850.176
222.65,600.827,602.851
222.185,598.203,727.823
221.72,595.579,852.794
221.192,725.791,605.47
220.727,723.167,730.442
220.262,720.543,855.413
349.098,477.311,600.728
348.633,474.687,725.699
348.169,472.063,850.671
347.64,602.275,603.347
347.175,599.651,728.318
346.711,597.027,853.29
346.182,727.239,605.965
345.717,724.615,730.937
345.253,721.991,855.908
98.3852,599.631,101.803
96.5359,599.514,226.789
94.6866,599.398,351.775
95.0265,724.585,101.869
93.1772,724.469,226.856
91.3278,724.353,351.842
91.6677,849.54,101.936
89.8184,849.424,226.922
87.9691,849.307,351.909
223.326,602.988,103.654
221.477,602.872,228.641
219.628,602.755,353.627
219.968,727.943,103.721
218.118,727.826,228.707
216.269,727.71,353.694
216.609,852.898,103.788
214.76,852.781,228.774
212.91,852.665,353.76
348.268,606.345,105.506
346.418,606.229,230.492
344.569,606.112,355.479
344.909,731.3,105.573
343.06,731.184,230.559
341.21,731.067,355.545
341.55,856.255,105.64
339.701,856.139,230.626
337.851,856.022,355.612
100.534,601.805,224.126
97.316,599.57,349.065
94.0984,597.335,474.003
102.339,726.771,226.408
99.1211,724.536,351.347
95.9035,722.301,476.285
104.144,851.737,228.69
100.926,849.502,353.629
97.7086,847.267,478.567
225.479,599.942,227.311
222.262,597.707,352.249
219.044,595.472,477.188
227.284,724.908,229.593
224.067,722.673,354.531
220.849,720.438,479.47
229.089,849.874,231.875
225.872,847.639,356.813
222.654,845.404,481.752
350.425,598.079,230.495
347.207,595.844,355.434
343.989,593.609,480.372
352.23,723.045,232.777
349.012,720.81,357.716
345.795,718.575,482.654
354.035,848.011,235.059
350.817,845.776,359.998
347.6,843.541,484.936
98.3256,600.583,351.36
101.439,602.017,476.313
104.552,603.451,601.266
101.831,725.525,349.838
104.944,726.959,474.791
108.058,728.393,599.744
105.337,850.466,348.317
108.45,851.9,473.27
111.563,853.334,598.223
223.238,597.041,348.288
226.351,598.475,473.241
229.464,599.909,598.194
226.743,721.983,346.767
229.857,723.417,471.72
232.97,724.851,596.673
230.249,846.924,345.246
233.362,848.358,470.199
236.475,849.792,595.152
348.15,593.499,345.216
351.263,594.933,470.169
354.376,596.367,595.122
351.655,718.44,343.695
354.769,719.874,468.648
357.882,721.308,593.601
355.161,843.382,342.174
358.274,844.816,467.127
361.387,846.25,592.08
101.967,601.903,475.158
98.5413,598.826,600.073
95.1157,595.75,724.989
103.918,726.848,478.289
100.493,723.772,603.204
97.0671,720.695,728.119
105.87,851.794,481.42
102.444,848.717,606.335
99.0185,845.641,731.25
226.905,599.867,478.534
223.479,596.79,603.449
220.054,593.714,728.365
228.856,724.812,481.665
225.43,721.736,606.58
222.005,718.659,731.495
230.807,849.758,484.796
227.382,846.681,609.711
223.956,843.605,734.626
351.842,597.831,481.91
348.417,594.755,606.825
344.991,591.678,731.741
353.794,722.777,485.041
350.368,719.7,609.956
346.943,716.624,734.871
355.745,847.722,488.172
352.32,844.646,613.087
348.894,841.569,738.002
99.9659,598.814,600.217
101.849,601.529,725.174
103.732,604.245,850.13
99.2778,723.783,597.512
101.161,726.498,722.468
103.044,729.214,847.424
98.5897,848.751,594.806
100.473,851.467,719.763
102.356,854.183,844.719
224.95,599.461,598.32
226.833,602.176,723.276
228.716,604.892,848.232
224.262,724.43,595.614
226.145,727.145,720.571
228.028,729.861,845.527
223.574,849.399,592.909
225.457,852.114,717.865
227.339,854.83,842.821
349.934,600.108,596.422
351.817,602.824,721.379
353.7,605.539,846.335
349.246,725.077,593.717
351.129,727.792,718.673
353.011,730.508,843.63
348.558,850.046,591.011
350.44,852.761,715.968
352.323,855.477,840.924
226.245,98.1262,101.605
225.567,96.9008,226.597
224.89,95.6755,351.589
228.372,223.102,102.842
227.695,221.877,227.834
227.017,220.651,352.826
230.5,348.078,104.078
229.822,346.852,229.071
229.145,345.627,354.063
351.225,95.9921,102.261
350.547,94.7667,227.254
349.87,93.5414,352.246
353.352,220.968,103.498
352.675,219.743,228.49
351.997,218.517,353.483
355.48,345.944,104.735
354.802,344.718,229.727
354.125,343.493,354.719
476.205,93.858,102.918
475.527,92.6326,227.91
474.85,91.4072,352.902
478.332,218.834,104.155
477.655,217.608,229.147
476.977,216.383,354.139
480.46,343.81,105.392
479.782,342.584,230.384
479.105,341.359,355.376
223.54,101.566,225.135
222.718,101.926,350.132
221.895,102.287,475.129
225.74,226.546,224.789
224.918,226.906,349.786
224.096,227.267,474.783
227.94,351.526,224.443
227.118,351.887,349.44
226.296,352.247,474.436
348.517,99.3678,225.964
347.695,99.7286,350.96
346.873,100.089,475.957
350.718,224.348,225.617
349.896,224.709,350.614
349.074,225.07,475.611
352.918,349.328,225.271
352.096,349.689,350.268
351.274,350.05,475.265
473.495,97.1701,226.792
472.673,97.5308,351.789
471.851,97.8916,476.785
475.695,222.15,226.446
474.873,222.511,351.442
474.051,222.872,476.439
477.896,347.13,226.099
477.074,347.491,351.096
476.252,347.852,476.093
223.51,99.7791,348.795
220.531,97.4395,473.738
217.553,95.0999,598.68
223.47,224.757,351.134
220.491,222.418,476.077
217.512,220.078,601.02
223.429,349.735,353.474
220.451,347.396,478.416
217.472,345.056,603.359
348.474,99.7636,351.774
345.496,97.4239,476.716
342.517,95.0843,601.659
348.434,224.742,354.113
345.456,222.402,479.056
342.477,220.062,603.998
348.394,349.72,356.452
345.415,347.38,481.395
342.437,345.041,606.338
473.439,99.748,354.753
470.46,97.4084,479.695
467.482,95.0688,604.638
473.399,224.726,357.092
470.42,222.386,482.035
467.441,220.047,606.977
473.358,349.704,359.431
470.38,347.365,484.374
467.401,345.025,609.317
223.678,100.754,476.341
225.799,102.551,601.31
227.919,104.348,726.279
224.75,225.736,474.526
226.87,227.533,599.495
228.991,229.331,724.464
225.821,350.719,472.71
227.941,352.516,597.679
230.062,354.313,722.648
348.656,99.6523,474.236
350.776,101.449,599.206
352.897,103.246,724.175
349.727,224.634,472.421
351.848,226.432,597.39
353.968,228.229,722.359
350.798,349.617,470.605
352.919,351.414,595.575
355.039,353.211,720.544
473.633,98.5504,472.132
475.754,100.347,597.101
477.874,102.145,722.07
474.704,223.533,470.316
476.825,225.33,595.285
478.945,227.127,720.254
475.776,348.515,468.501
477.896,350.312,593.47
480.017,352.109,718.439
223.394,99.4583,599.447
225.724,96.6969,724.395
228.053,93.9355,849.342
224.18,224.426,602.194
226.51,221.664,727.142
228.839,218.903,852.09
224.966,349.393,604.941
227.296,346.632,729.889
229.625,343.87,854.837
348.37,98.7238,597.1
350.699,95.9624,722.048
353.029,93.2009,846.996
349.156,223.691,599.848
351.485,220.93,724.795
353.815,218.168,849.743
349.942,348.658,602.595
352.272,345.897,727.542
354.601,343.136,852.49
473.345,97.9892,594.754
475.675,95.2278,719.702
478.005,92.4664,844.649
474.132,222.957,597.501
476.461,220.195,722.449
478.791,217.434,847.397
474.918,347.924,600.248
477.247,345.162,725.196
479.577,342.401,850.144
223.119,223.539,100.243
223.269,219.997,225.192
223.419,216.456,350.142
226.091,348.453,103.78
226.241,344.912,228.729
226.39,341.371,353.679
229.062,473.368,107.316
229.212,469.827,232.266
229.362,466.285,357.216
348.084,220.573,100.009
348.234,217.032,224.958
348.384,213.49,349.908
351.055,345.488,103.546
351.205,341.946,228.495
351.355,338.405,353.445
354.027,470.402,107.083
354.176,466.861,232.032
354.326,463.319,356.982
473.049,217.607,99.7748
473.198,214.066,224.725
473.348,210.524,349.674
476.02,342.522,103.312
476.17,338.98,228.261
476.32,335.439,353.211
478.991,467.437,106.849
479.141,463.895,231.798
479.291,460.354,356.748
225.287,226.299,223.279
225.385,226.829,348.277
225.483,227.359,473.276
222.133,351.259,222.752
222.231,351.788,347.75
222.329,352.318,472.749
218.979,476.218,222.224
219.077,476.747,347.223
219.175,477.277,472.222
350.247,229.453,223.167
350.345,229.983,348.166
350.443,230.512,473.165
347.093,354.412,222.64
347.191,354.942,347.639
347.289,355.471,472.638
343.939,479.371,222.113
344.037,479.901,347.112
344.135,480.431,472.111
475.208,232.607,223.056
475.305,233.136,348.055
475.403,233.666,473.054
472.054,357.566,222.529
472.151,358.095,347.528
472.249,358.625,472.527
468.9,482.525,222.002
468.997,483.054,347.001
469.095,483.584,472
223.221,223.082,348.155
224.39,222.587,473.149
225.558,222.093,598.143
224.441,348.075,348.639
225.61,347.58,473.632
226.778,347.086,598.626
225.662,473.068,349.122
226.83,472.574,474.116
227.998,472.079,599.109
348.21,221.866,346.982
349.378,221.372,471.976
350.547,220.877,596.969
349.43,346.86,347.466
350.598,346.365,472.459
351.767,345.87,597.453
350.65,471.853,347.949
351.819,471.358,472.942
352.987,470.863,597.936
473.198,220.651,345.809
474.367,220.156,470.803
475.535,219.661,595.796
474.419,345.644,346.292
475.587,345.149,471.286
476.755,344.655,596.28
475.639,470.637,346.776
476.807,470.142,471.769
477.975,469.648,596.763
226.753,223.456,473.641
227.521,222.291,598.634
228.29,221.126,723.626
226.447,348.45,474.808
227.216,347.285,599.8
227.984,346.121,724.792
226.142,473.444,475.974
226.911,472.279,600.967
227.679,471.115,725.959
351.75,223.768,472.876
352.518,222.604,597.868
353.287,221.439,722.86
351.445,348.762,474.042
352.213,347.598,599.035
352.982,346.433,724.027
351.139,473.757,475.209
351.908,472.592,600.201
352.676,471.427,725.193
476.747,224.081,472.11
477.516,222.916,597.102
478.284,221.751,722.095
476.442,349.075,473.277
477.21,347.91,598.269
477.979,346.746,723.261
476.137,474.069,474.443
476.905,472.904,599.435
477.674,471.74,724.428
223.681,224.88,600.845
224.449,227.923,725.805
225.217,230.966,850.766
222.073,349.833,597.812
222.841,352.876,722.772
223.609,355.919,847.733
220.465,474.786,594.779
221.233,477.829,719.74
222.001,480.872,844.7
348.668,226.469,600.038
349.436,229.512,724.998
350.205,232.555,849.959
347.06,351.422,597.005
347.828,354.465,721.965
348.597,357.508,846.926
345.452,476.375,593.972
346.22,479.418,718.933
346.988,482.461,843.893
473.655,228.058,599.23
474.424,231.101,724.191
475.192,234.144,849.152
472.047,353.011,596.198
472.816,356.054,721.158
473.584,359.097,846.119
470.439,477.964,593.165
471.207,481.007,718.125
471.976,484.05,843.086
226.617,348.292,100.113
224.779,345.83,225.075
222.941,343.369,350.037
225.659,473.264,102.56
223.821,470.803,227.522
221.983,468.342,352.484
224.7,598.236,105.007
222.862,595.775,229.969
221.024,593.314,354.932
351.6,349.214,101.969
349.762,346.753,226.931
347.924,344.292,351.894
350.641,474.186,104.416
348.803,471.725,229.379
346.965,469.264,354.341
349.683,599.159,106.864
347.845,596.698,231.826
346.007,594.236,356.788
476.583,350.136,103.826
474.745,347.675,228.788
472.907,345.214,353.75
475.624,475.109,106.273
473.786,472.648,231.235
471.948,470.186,356.197
474.666,600.081,108.72
472.828,597.62,233.682
470.989,595.159,358.645
225.224,351.509,225.036
225.364,347.977,349.986
225.503,344.445,474.936
226.012,476.457,228.567
226.152,472.925,353.517
226.292,469.393,478.467
226.8,601.404,232.098
226.94,597.872,357.048
227.08,594.34,481.998
350.221,350.725,224.874
350.361,347.193,349.824
350.501,343.661,474.774
351.01,475.673,228.405
351.149,472.141,353.355
351.289,468.609,478.305
351.798,600.62,231.936
351.938,597.088,356.886
352.077,593.556,481.836
475.219,349.941,224.712
475.359,346.409,349.662
475.498,342.877,474.612
476.007,474.889,228.243
476.147,471.357,353.193
476.286,467.825,478.143
476.795,599.837,231.774
476.935,596.305,356.724
477.075,592.772,481.674
223.946,348.153,349.057
220.906,345.373,473.989
217.866,342.592,598.921
226.478,473.095,351.899
223.438,470.315,476.831
220.398,467.534,601.764
229.01,598.037,354.742
225.97,595.257,479.674
222.93,592.476,604.606
348.884,345.554,352.039
345.844,342.773,476.971
342.804,339.993,601.903
351.416,470.496,354.882
348.376,467.715,479.814
345.336,464.935,604.746
353.948,595.438,357.724
350.908,592.657,482.656
347.868,589.877,607.588
473.821,342.954,355.022
470.781,340.173,479.954
467.741,337.393,604.886
476.353,467.896,357.864
473.313,465.115,482.796
470.273,462.335,607.728
478.885,592.838,360.706
475.845,590.058,485.638
472.805,587.277,610.57
226.218,351.88,476.117
224.319,348.648,601.061
222.419,345.415,726.004
229.528,476.793,479.399
227.629,473.561,604.343
225.73,470.328,729.287
232.838,601.706,482.681
230.939,598.474,607.625
229.04,595.241,732.569
351.16,348.522,477.929
349.26,345.289,602.873
347.361,342.057,727.817
354.47,473.435,481.211
352.571,470.202,606.155
350.671,466.97,731.099
357.78,598.348,484.493
355.881,595.115,609.437
353.981,591.883,734.381
476.101,345.163,479.742
474.202,341.931,604.685
472.303,338.698,729.629
479.411,470.076,483.024
477.512,466.844,607.967
475.613,463.611,732.911
482.722,594.989,486.306
480.822,591.757,611.249
478.923,588.524,736.193
224.02,350.447,601.093
220.283,353.978,725.987
216.546,357.51,850.881
221.389,475.367,597.482
217.653,478.898,722.376
213.916,482.43,847.27
218.759,600.287,593.871
215.022,603.819,718.765
211.285,607.35,843.659
348.936,353.183,604.753
345.199,356.714,729.647
341.462,360.246,854.541
346.306,478.103,601.142
342.569,481.634,726.036
338.832,485.166,850.93
343.676,603.023,597.531
339.939,606.555,722.425
336.202,610.086,847.319
473.853,355.919,608.413
470.116,359.45,733.307
466.379,362.982,858.201
471.222,480.839,604.802
467.486,484.37,729.696
463.749,487.902,854.59
468.592,605.759,601.191
464.855,609.291,726.085
461.118,612.822,850.979
223.177,473.773,98.2884
226.823,475.079,223.228
230.47,476.386,348.168
223.946,598.763,96.959
227.592,600.07,221.899
231.238,601.376,346.839
224.714,723.754,95.6296
228.361,725.06,220.57
232.007,726.367,345.51
348.122,472.966,94.6504
351.768,474.272,219.59
355.414,475.579,344.53
348.89,597.956,93.321
352.536,599.263,218.261
356.183,600.569,343.201
349.659,722.947,91.9916
353.305,724.253,216.932
356.951,725.56,341.872
473.066,472.159,91.0124
476.712,473.465,215.952
480.359,474.772,340.892
473.835,597.149,89.683
477.481,598.456,214.623
481.127,599.762,339.563
474.603,722.14,88.3536
478.249,723.446,213.294
481.896,724.753,338.234
223.997,474.195,224.036
225.468,471.793,349.004
226.94,469.391,473.973
221.861,599.153,226.463
223.332,596.751,351.431
224.804,594.349,476.399
219.725,724.111,228.89
221.196,721.709,353.858
222.668,719.307,478.826
348.97,476.359,222.606
350.441,473.957,347.574
351.913,471.555,472.543
346.834,601.317,225.033
348.305,598.915,350.001
349.777,596.513,474.969
344.698,726.275,227.46
346.169,723.873,352.428
347.641,721.472,477.396
473.943,478.523,221.176
475.415,476.121,346.145
476.886,473.719,471.113
471.807,603.481,223.603
473.278,601.079,348.571
474.75,598.678,473.54
469.671,728.439,226.03
471.142,726.038,350.998
472.614,723.636,475.966
224.917,474.698,348.418
225.461,471.664,473.38
226.005,468.63,598.342
228.245,599.617,351.436
228.789,596.583,476.398
229.333,593.549,601.36
231.573,724.536,354.455
232.117,721.502,479.417
232.661,718.469,604.379
349.872,471.384,347.794
350.416,468.35,472.756
350.96,465.316,597.718
353.2,596.303,350.812
353.744,593.269,475.774
354.288,590.235,600.736
356.528,721.222,353.83
357.072,718.189,478.792
357.616,715.155,603.754
474.826,468.07,347.169
475.37,465.036,472.131
475.914,462.002,597.093
478.154,592.989,350.188
478.698,589.955,475.15
479.242,586.922,600.112
481.482,717.909,353.206
482.026,714.875,478.168
482.57,711.841,603.13
223.041,473.315,474.29
224.067,471.698,599.275
225.094,470.082,724.261
219.447,598.252,475.936
220.474,596.636,600.921
221.5,595.019,725.906
215.854,723.19,477.581
216.88,721.573,602.566
217.907,719.957,727.552
347.985,476.921,473.311
349.011,475.305,598.296
350.038,473.688,723.281
344.391,601.859,474.956
345.418,600.242,599.941
346.444,598.626,724.927
340.798,726.796,476.601
341.824,725.18,601.587
342.851,723.563,726.572
472.929,480.528,472.331
473.955,478.911,597.316
474.982,477.295,722.302
469.335,605.465,473.976
470.362,603.849,598.962
471.389,602.232,723.947
465.742,730.403,475.622
466.769,728.786,600.607
467.795,727.17,725.592
223.298,474.556,600.08
224.899,475.94,725.062
226.501,477.325,850.044
220.385,599.514,598.733
221.986,600.899,723.715
223.587,602.284,848.697
217.471,724.473,597.386
219.072,725.858,722.368
220.674,727.242,847.351
348.254,477.451,598.447
349.855,478.836,723.429
351.456,480.221,848.411
345.341,602.41,597.1
346.942,603.795,722.082
348.543,605.179,847.065
342.427,727.369,595.753
344.028,728.754,720.735
345.629,730.138,845.718
473.21,480.347,596.814
474.811,481.732,721.796
476.412,483.116,846.778
470.296,605.306,595.467
471.898,606.691,720.449
473.499,608.075,845.432
467.383,730.265,594.12
468.984,731.649,719.102
470.585,733.034,844.085
225.553,599.67,99.7045
226.424,599.485,224.701
227.295,599.301,349.698
224.196,724.662,99.8984
225.067,724.478,224.895
225.938,724.293,349.892
222.839,849.655,100.092
223.71,849.47,225.089
224.581,849.286,350.086
350.543,601.028,98.8356
351.413,600.844,223.832
352.284,600.659,348.829
349.185,726.021,99.0296
350.056,725.836,224.026
350.927,725.652,349.023
347.828,851.013,99.2235
348.699,850.829,224.22
349.57,850.644,349.217
475.532,602.387,97.9668
476.403,602.202,222.964
477.274,602.018,347.96
474.175,727.379,98.1607
475.046,727.195,223.158
475.917,727.01,348.154
472.818,852.372,98.3546
473.689,852.187,223.351
474.56,852.003,348.348
223.501,599.77,224.634
225.793,599.232,349.612
228.085,598.695,474.59
225.362,724.755,225.138
227.654,724.218,350.116
229.946,723.68,475.093
227.222,849.74,225.641
229.514,849.203,350.619
231.806,848.665,475.597
348.466,597.919,222.335
350.758,597.382,347.312
353.05,596.844,472.29
350.327,722.904,222.838
352.619,722.367,347.816
354.911,721.829,472.794
352.187,847.889,223.342
354.479,847.352,348.32
356.771,846.814,473.297
473.432,596.068,220.035
475.724,595.531,345.013
478.015,594.993,469.991
475.292,721.053,220.539
477.584,720.516,345.516
479.876,719.978,470.494
477.153,846.038,221.042
479.445,845.501,346.02
481.736,844.963,470.998
225.421,599.981,348.911
223.254,599.63,473.891
221.087,599.28,598.872
224.981,724.98,349.254
222.814,724.629,474.235
220.647,724.278,599.215
224.541,849.978,349.597
222.374,849.628,474.578
220.207,849.277,599.558
350.401,600.415,351.079
348.234,600.064,476.059
346.067,599.713,601.04
349.961,725.414,351.422
347.795,725.063,476.403
345.628,724.712,601.383
349.522,850.412,351.765
347.355,850.062,476.746
345.188,849.711,601.727
475.382,600.849,353.247
473.215,600.498,478.228
471.048,600.147,603.208
474.942,725.847,353.59
472.775,725.497,478.571
470.608,725.146,603.551
474.502,850.846,353.933
472.335,850.495,478.914
470.168,850.145,603.895
225.648,600.508,473.421
226.141,599.483,598.416
226.635,598.457,723.411
223.7,725.489,474.454
224.194,724.463,599.449
224.687,723.438,724.444
221.753,850.469,475.487
222.246,849.444,600.482
222.74,848.418,725.476
350.632,602.459,472.944
351.125,601.434,597.938
351.619,600.409,722.933
348.684,727.44,473.976
349.178,726.415,598.971
349.671,725.389,723.966
346.737,852.421,475.009
347.23,851.395,600.004
347.724,850.37,724.999
475.616,604.411,472.466
476.109,603.385,597.461
476.603,602.36,722.456
473.668,729.391,473.499
474.162,728.366,598.494
474.655,727.341,723.489
471.721,854.372,474.532
472.214,853.347,599.527
472.708,852.321,724.522
224.649,601.079,602.01
227.641,599.941,726.969
230.634,598.803,851.928
223.078,726.064,603.186
226.07,724.925,728.145
229.063,723.787,853.104
221.507,851.048,604.362
224.5,849.91,729.321
227.492,848.772,854.28
349.603,602.677,599.032
352.596,601.539,723.991
355.588,600.401,848.95
348.032,727.662,600.208
351.025,726.524,725.167
354.017,725.386,850.126
346.462,852.647,601.384
349.454,851.509,726.343
352.446,850.37,851.302
474.558,604.276,596.055
477.55,603.138,721.014
480.542,602,845.973
472.987,729.261,597.231
475.979,728.122,722.19
478.971,726.984,847.149
471.416,854.245,598.407
474.408,853.107,723.366
477.4,851.969,848.325
350.869,98.4544,99.8973
351.65,98.264,224.895
352.431,98.0737,349.892
348.591,223.433,100.102
349.372,223.243,225.099
350.152,223.053,350.097
346.313,348.413,100.306
347.093,348.222,225.304
347.874,348.032,350.301
475.846,100.734,99.1202
476.627,100.544,224.118
477.408,100.353,349.115
473.568,225.713,99.3248
474.349,225.523,224.322
475.129,225.332,349.32
471.289,350.692,99.5293
472.07,350.502,224.527
472.851,350.311,349.524
600.823,103.014,98.3431
601.604,102.823,223.34
602.384,102.633,348.338
598.545,227.993,98.5476
599.325,227.802,223.545
600.106,227.612,348.542
596.266,352.972,98.7522
597.047,352.781,223.75
597.828,352.591,348.747
348.087,101.155,225.44
351.449,97.9174,350.353
354.812,94.6798,475.266
351.078,226.079,228.597
354.44,222.842,353.51
357.803,219.604,478.423
354.069,351.004,231.755
357.431,347.766,356.668
360.794,344.528,481.581
473.006,98.251,222.002
476.368,95.0133,346.915
479.731,91.7757,471.828
475.997,223.175,225.16
479.359,219.938,350.072
482.722,216.7,474.985
478.988,348.1,228.317
482.35,344.862,353.23
485.713,341.624,478.143
597.925,95.3469,218.564
601.287,92.1093,343.477
604.65,88.8717,468.39
600.916,220.271,221.722
604.278,217.034,346.635
607.641,213.796,471.548
603.907,345.196,224.879
607.269,341.958,349.792
610.632,338.72,474.705
351.867,101.904,350.913
349.171,99.9856,475.869
346.475,98.0668,600.825
353.183,226.882,352.86
350.487,224.963,477.816
347.791,223.045,602.772
354.499,351.86,354.808
351.803,349.941,479.764
349.107,348.023,604.72
476.831,100.547,353.588
474.135,98.6281,478.544
471.439,96.7093,603.501
478.147,225.525,355.536
475.451,223.606,480.492
472.755,221.687,605.448
479.463,350.503,357.483
476.767,348.584,482.439
474.071,346.665,607.396
601.795,99.1895,356.264
599.099,97.2707,481.22
596.403,95.3519,606.176
603.111,224.167,358.211
600.415,222.249,483.167
597.719,220.33,608.124
604.427,349.145,360.159
601.731,347.226,485.115
599.035,345.308,610.071
348.577,98.2476,476.832
346.484,97.1968,601.81
344.392,96.146,726.788
344.922,223.19,477.821
342.829,222.139,602.799
340.736,221.089,727.777
341.267,348.133,478.81
339.174,347.082,603.788
337.081,346.031,728.766
473.506,101.886,478.954
471.413,100.835,603.932
469.321,99.784,728.91
469.851,226.828,479.944
467.758,225.777,604.922
465.665,224.727,729.9
466.196,351.771,480.933
464.103,350.72,605.911
462.01,349.669,730.889
598.435,105.523,481.077
596.342,104.473,606.055
594.25,103.422,731.033
594.78,230.466,482.066
592.687,229.415,607.044
590.594,228.365,732.022
591.125,355.409,483.055
589.032,354.358,608.033
586.939,353.307,733.011
348.462,101.718,599.444
350.715,100.916,724.421
352.969,100.115,849.398
352.027,226.665,600.181
354.28,225.863,725.158
356.534,225.062,850.135
355.592,351.612,600.918
357.845,350.81,725.895
360.099,350.009,850.872
473.39,98.1669,597.169
475.644,97.3655,722.146
477.898,96.564,847.123
476.955,223.114,597.906
479.209,222.312,722.883
481.463,221.511,847.86
480.52,348.061,598.643
482.774,347.259,723.62
485.028,346.458,848.597
598.319,94.6159,594.893
600.573,93.8144,719.87
602.827,93.013,844.847
601.884,219.563,595.63
604.138,218.761,720.607
606.392,217.96,845.584
605.449,344.51,596.367
607.703,343.708,721.344
609.957,342.907,846.321
349.053,226.271,100
349.451,224.947,224.993
349.849,223.622,349.985
349.234,351.264,101.324
349.632,349.94,226.316
350.03,348.615,351.309
349.415,476.257,102.648
349.813,474.932,227.64
350.211,473.608,352.633
474.053,226.094,99.6006
474.451,224.77,224.593
474.848,223.446,349.585
474.234,351.087,100.924
474.631,349.763,225.917
475.029,348.438,350.909
474.415,476.08,102.248
474.812,474.756,227.241
475.21,473.431,352.233
599.052,225.918,99.2008
599.45,224.593,224.193
599.848,223.269,349.186
599.233,350.911,100.525
599.631,349.586,225.517
600.029,348.262,350.509
599.414,475.903,101.848
599.812,474.579,226.841
600.21,473.255,351.833
351.026,224.045,224.277
347.791,223.354,349.233
344.556,222.663,474.19
354.182,349.003,225.05
350.947,348.312,350.006
347.712,347.621,474.962
357.338,473.96,225.822
354.103,473.269,350.779
350.868,472.578,475.735
475.944,220.87,227.493
472.709,220.179,352.45
469.475,219.488,477.406
479.1,345.828,228.266
475.865,345.137,353.222
472.631,344.446,478.178
482.256,470.785,229.039
479.021,470.094,353.995
475.787,469.403,478.951
600.862,217.695,230.709
597.628,217.004,355.666
594.393,216.313,480.622
604.018,342.653,231.482
600.784,341.962,356.438
597.549,341.271,481.395
607.174,467.611,232.255
603.94,466.92,357.211
600.705,466.229,482.167
348.528,226.413,351.784
347.195,225.547,476.774
345.863,224.682,601.763
350.385,351.396,352.669
349.052,350.531,477.659
347.72,349.665,602.649
352.242,476.379,353.555
350.91,475.514,478.545
349.577,474.648,603.534
473.507,224.547,353.103
472.174,223.681,478.093
470.842,222.815,603.083
475.364,349.53,353.989
474.032,348.664,478.978
472.699,347.798,603.968
477.221,474.513,354.874
475.889,473.647,479.864
474.556,472.781,604.854
598.486,222.68,354.422
597.153,221.814,479.412
595.821,220.949,604.402
600.343,347.663,355.308
599.011,346.797,480.298
597.678,345.932,605.288
602.2,472.646,356.193
600.868,471.78,481.183
599.536,470.915,606.173
350.821,223.115,476.474
353.506,224.423,601.438
356.191,225.731,726.402
350.831,348.108,475.165
353.516,349.416,600.13
356.201,350.724,725.094
350.841,473.101,473.857
353.526,474.409,598.821
356.211,475.717,723.786
475.792,223.077,473.789
478.477,224.385,598.753
481.162,225.692,723.717
475.802,348.07,472.48
478.487,349.378,597.445
481.172,350.686,722.409
475.812,473.063,471.172
478.497,474.371,596.137
481.182,475.679,721.101
600.763,223.039,471.104
603.448,224.346,596.068
606.133,225.654,721.033
600.773,348.032,469.796
603.458,349.34,594.76
606.143,350.647,719.724
600.783,473.025,468.487
603.468,474.333,593.452
606.153,475.64,718.416
348.395,226.99,598.857
347.059,228.674,723.838
345.722,230.357,848.82
346.072,351.957,597.149
344.735,353.64,722.131
343.399,355.323,847.112
343.749,476.924,595.441
342.412,478.607,720.423
341.076,480.29,845.404
473.366,229.332,600.162
472.03,231.015,725.143
470.693,232.698,850.125
471.043,354.298,598.454
469.707,355.981,723.435
468.37,357.665,848.417
468.72,479.265,596.746
467.383,480.948,721.728
466.047,482.631,846.709
598.338,231.673,601.467
597.001,233.356,726.448
595.665,235.039,851.43
596.014,356.639,599.759
594.678,358.323,724.74
593.341,360.006,849.722
593.691,481.606,598.051
592.355,483.289,723.033
591.018,484.972,848.014
349.868,351.699,99.8542
353.034,352.362,224.812
356.199,353.024,349.77
352.01,476.679,99.1372
355.176,477.341,224.095
358.341,478.004,349.054
354.152,601.658,98.4203
357.318,602.321,223.378
360.483,602.983,348.337
474.81,349.54,96.7007
477.975,350.202,221.659
481.141,350.865,346.617
476.952,474.519,95.9837
480.117,475.182,220.942
483.283,475.844,345.9
479.094,599.499,95.2668
482.259,600.161,220.225
485.425,600.824,345.183
599.751,347.38,93.5471
602.917,348.043,218.505
606.082,348.705,343.463
601.893,472.36,92.8302
605.059,473.022,217.788
608.224,473.685,342.747
604.036,597.339,92.1132
607.201,598.002,217.071
610.366,598.664,342.03
349.693,349.573,224.675
351.968,351.916,349.632
354.243,354.259,474.59
352.523,474.518,222.281
354.798,476.861,347.238
357.073,479.204,472.196
355.354,599.463,219.887
357.629,601.806,344.845
359.904,604.149,469.802
474.64,346.7,222.454
476.915,349.043,347.411
479.19,351.386,472.369
477.47,471.645,220.06
479.746,473.988,345.017
482.021,476.331,469.975
480.301,596.59,217.666
482.576,598.933,342.623
484.851,601.276,467.581
599.587,343.827,220.233
601.862,346.17,345.19
604.137,348.512,470.148
602.418,468.772,217.839
604.693,471.115,342.796
606.968,473.457,467.754
605.248,593.717,215.445
607.523,596.06,340.402
609.798,598.402,465.36
348.991,350.932,351.182
346.233,352.7,476.139
343.475,354.467,601.097
352.052,475.883,349.482
349.294,477.651,474.44
346.535,479.418,599.397
355.112,600.834,347.783
352.354,602.602,472.74
349.596,604.369,597.697
473.923,347.91,353.983
471.165,349.678,478.94
468.407,351.445,603.897
476.984,472.861,352.283
474.226,474.629,477.24
471.467,476.396,602.197
480.045,597.812,350.583
477.286,599.58,475.54
474.528,601.347,600.497
598.855,344.888,356.783
596.097,346.656,481.741
593.339,348.423,606.698
601.916,469.839,355.084
599.158,471.607,480.041
596.399,473.374,604.998
604.977,594.79,353.384
602.218,596.558,478.341
599.46,598.325,603.298
349.199,351.493,474.572
346.239,351.379,599.537
343.279,351.266,724.502
347.01,476.473,474.634
344.05,476.36,599.599
341.09,476.247,724.563
344.821,601.454,474.695
341.861,601.341,599.66
338.901,601.228,724.625
474.145,353.68,477.534
471.185,353.566,602.499
468.225,353.453,727.463
471.956,478.661,477.595
468.996,478.547,602.56
466.036,478.434,727.525
469.767,603.641,477.657
466.807,603.528,602.621
463.847,603.415,727.586
599.091,355.867,480.495
596.131,355.754,605.46
593.171,355.64,730.425
596.902,480.848,480.557
593.942,480.734,605.521
590.982,480.621,730.486
594.712,605.829,480.618
591.752,605.715,605.583
588.792,605.602,730.548
351.53,348.934,599.216
350.811,346.984,724.199
350.093,345.035,849.182
351.706,473.918,601.167
350.987,471.969,726.149
350.269,470.02,851.132
351.882,598.903,603.117
351.164,596.954,728.1
350.445,595.004,853.083
476.528,348.746,599.932
475.809,346.797,724.915
475.091,344.848,849.897
476.704,473.731,601.882
475.985,471.782,726.865
475.267,469.832,851.848
476.88,598.716,603.833
476.161,596.766,728.815
475.443,594.817,853.798
601.525,348.559,600.647
600.807,346.61,725.63
600.089,344.66,850.613
601.701,473.544,602.598
600.983,471.594,727.58
600.265,469.645,852.563
601.878,598.528,604.548
601.159,596.579,729.531
600.441,594.63,854.514
349.728,476.792,100.929
350.811,477.81,225.92
351.894,478.829,350.911
350.842,601.783,99.9008
351.925,602.801,224.892
353.008,603.819,349.883
351.955,726.774,98.8729
353.038,727.792,223.864
354.121,728.81,348.855
474.718,475.669,99.855
475.801,476.688,224.846
476.884,477.706,349.837
475.832,600.66,98.8271
476.915,601.679,223.818
477.998,602.697,348.809
476.946,725.651,97.7991
478.029,726.669,222.79
479.112,727.688,347.781
599.709,474.547,98.7813
600.792,475.565,223.772
601.875,476.584,348.764
600.822,599.538,97.7533
601.905,600.556,222.744
602.988,601.574,347.736
601.936,724.529,96.7254
603.019,725.547,221.717
604.102,726.565,346.708
349.693,473.57,224.01
350.085,474.503,349.006
350.477,475.436,474.001
350.454,598.564,223.074
350.846,599.497,348.07
351.238,600.43,473.066
351.215,723.558,222.139
351.607,724.491,347.134
351.999,725.425,472.13
474.691,472.806,223.624
475.082,473.739,348.619
475.474,474.672,473.615
475.451,597.8,222.688
475.843,598.733,347.684
476.235,599.666,472.68
476.212,722.794,221.753
476.604,723.728,346.748
476.996,724.661,471.744
599.688,472.042,223.237
600.079,472.975,348.233
600.471,473.908,473.229
600.449,597.036,222.302
600.84,597.97,347.298
601.232,598.903,472.294
601.209,722.031,221.366
601.601,722.964,346.362
601.993,723.897,471.358
351.054,475.506,348.967
348.532,472.664,473.909
346.01,469.822,598.851
350.909,600.473,351.806
348.387,597.632,476.748
345.866,594.79,601.691
350.765,725.441,354.646
348.243,722.599,479.588
345.721,719.758,604.53
476.028,475.593,351.491
473.506,472.751,476.434
470.984,469.909,601.376
475.884,600.56,354.331
473.362,597.719,479.273
470.84,594.877,604.215
475.739,725.528,357.17
473.218,722.686,482.112
470.696,719.844,607.055
601.002,475.68,354.016
598.481,472.838,478.958
595.959,469.996,603.9
600.858,600.647,356.855
598.336,597.805,481.797
595.815,594.964,606.74
600.714,725.615,359.695
598.192,722.773,484.637
595.67,719.931,609.579
350.538,474.077,473.538
354.212,473.268,598.481
357.885,472.459,723.425
347.536,599.038,474.435
351.21,598.229,599.379
354.883,597.42,724.322
344.534,723.999,475.333
348.208,723.189,600.276
351.881,722.38,725.22
475.448,477.104,469.885
479.122,476.295,594.828
482.795,475.486,719.772
472.446,602.065,470.782
476.12,601.256,595.726
479.793,600.447,720.669
469.444,727.026,471.68
473.118,726.217,596.623
476.791,725.407,721.567
600.358,480.131,466.232
604.032,479.322,591.175
607.705,478.513,716.119
597.356,605.092,467.129
601.03,604.283,592.073
604.703,603.474,717.016
594.354,730.053,468.027
598.028,729.244,592.971
601.701,728.434,717.914
351.97,474.905,598.314
354.473,477.607,723.26
356.976,480.309,848.205
353.135,599.87,595.589
355.638,602.572,720.534
358.14,605.273,845.48
354.299,724.835,592.863
356.802,727.537,717.809
359.305,730.238,842.755
476.94,473.687,595.837
479.443,476.388,720.783
481.945,479.09,845.729
478.104,598.652,593.112
480.607,601.353,718.057
483.11,604.055,843.003
479.269,723.616,590.386
481.772,726.318,715.332
484.274,729.02,840.278
601.909,472.468,593.36
604.412,475.17,718.306
606.915,477.871,843.252
603.074,597.433,590.635
605.577,600.135,715.581
608.079,602.836,840.526
604.238,722.398,587.909
606.741,725.099,712.855
609.244,727.801,837.801
350.848,600.91,101.715
351.21,603.598,226.686
351.572,606.287,351.656
353.854,725.845,99.019
354.216,728.533,223.99
354.578,731.221,348.96
356.86,850.779,96.3227
357.222,853.468,221.293
357.584,856.156,346.264
475.812,597.897,101.418
476.173,600.585,226.389
476.535,603.273,351.359
478.818,722.831,98.722
479.179,725.52,223.693
479.541,728.208,348.663
481.824,847.766,96.0258
482.185,850.455,220.996
482.547,853.143,345.967
600.775,594.884,101.121
601.137,597.572,226.092
601.498,600.26,351.062
603.781,719.818,98.4251
604.143,722.507,223.396
604.505,725.195,348.366
606.787,844.753,95.7288
607.149,847.441,220.699
607.511,850.13,345.67
351.24,601.779,224.979
352.98,600.77,349.963
354.719,599.762,474.946
350.064,726.769,226.004
351.804,725.761,350.988
353.544,724.752,475.971
348.888,851.76,227.029
350.628,850.751,352.013
352.368,849.742,476.997
476.222,602.969,223.249
477.962,601.96,348.232
479.702,600.952,473.216
475.046,727.959,224.274
476.786,726.951,349.258
478.526,725.942,474.241
473.871,852.95,225.299
475.61,851.941,350.283
477.35,850.932,475.266
601.205,604.159,221.518
602.944,603.15,346.502
604.684,602.142,471.486
600.029,729.149,222.544
601.768,728.141,347.527
603.508,727.132,472.511
598.853,854.14,223.569
600.593,853.131,348.552
602.332,852.122,473.536
348.8,598.068,349.481
350.199,600.382,474.452
351.597,602.695,599.423
349.21,723.046,347.163
350.608,725.36,472.134
352.007,727.673,597.105
349.62,848.024,344.845
351.018,850.337,469.816
352.417,852.651,594.787
473.791,597.632,348.091
475.19,599.946,473.061
476.589,602.259,598.032
474.201,722.61,345.772
475.6,724.924,470.743
476.999,727.237,595.714
474.611,847.588,343.454
476.01,849.902,468.425
477.409,852.215,593.396
598.783,597.197,346.7
600.182,599.51,471.67
601.58,601.824,596.641
599.193,722.175,344.381
600.591,724.488,469.352
601.99,726.802,594.323
599.603,847.152,342.063
601.001,849.466,467.034
602.4,851.779,592.005
351.418,601.173,473.106
354.017,598.563,598.052
356.617,595.954,722.997
348.502,726.111,475.776
351.101,723.501,600.722
353.701,720.891,725.668
345.586,851.048,478.447
348.185,848.438,603.392
350.785,845.828,728.338
476.357,604.144,470.569
478.956,601.534,595.514
481.556,598.924,720.46
473.441,729.081,473.239
476.04,726.471,598.185
478.64,723.861,723.131
470.525,854.019,475.909
473.124,851.409,600.855
475.724,848.799,725.801
601.296,607.114,468.031
603.895,604.504,592.977
606.495,601.894,717.923
598.38,732.051,470.702
600.979,729.442,595.647
603.579,726.832,720.593
595.464,856.989,473.372
598.063,854.379,598.318
600.663,851.769,723.264
348.231,598.018,601.309
350.993,596.269,726.266
353.756,594.519,851.224
350.139,722.992,603.017
352.901,721.243,727.974
355.663,719.493,852.931
352.047,847.966,604.724
354.809,846.216,729.682
357.571,844.467,854.639
473.186,596.149,598.521
475.948,594.4,723.478
478.711,592.65,848.435
475.094,721.123,600.228
477.856,719.373,725.186
480.618,717.624,850.143
477.001,846.097,601.936
479.764,844.347,726.893
482.526,842.598,851.851
598.141,594.28,595.733
600.903,592.53,720.69
603.666,590.781,845.647
600.049,719.254,597.44
602.811,717.504,722.397
605.573,715.755,847.355
601.956,844.227,599.148
604.719,842.478,724.105
607.481,840.728,849.062
476.931,99.9683,98.4296
475.146,96.2709,223.362
473.361,92.5735,348.295
474.353,224.888,102.09
472.568,221.191,227.022
470.783,217.493,351.955
471.775,349.808,105.75
469.99,346.111,230.682
468.205,342.413,355.615
601.891,102.493,100.29
600.106,98.7952,225.222
598.321,95.0978,350.155
599.314,227.412,103.95
597.528,223.715,228.882
595.743,220.018,353.815
596.736,352.332,107.61
594.951,348.635,232.543
593.166,344.937,357.475
726.852,105.017,102.15
725.067,101.319,227.082
723.282,97.622,352.015
724.274,229.937,105.81
722.489,226.239,230.743
720.704,222.542,355.675
721.696,354.856,109.47
719.911,351.159,234.403
718.126,347.462,359.335
473.64,99.5589,224.266
473.431,97.3125,349.246
473.222,95.0661,474.226
470.475,224.499,226.507
470.266,222.252,351.486
470.057,220.006,476.466
467.31,349.439,228.747
467.101,347.192,353.727
466.892,344.946,478.707
598.6,102.72,224.532
598.391,100.473,349.512
598.182,98.2269,474.491
595.435,227.66,226.772
595.226,225.413,351.752
595.017,223.167,476.732
592.27,352.599,229.013
592.061,350.353,353.993
591.852,348.107,478.972
723.56,105.881,224.798
723.351,103.634,349.777
723.142,101.388,474.757
720.394,230.82,227.038
720.186,228.574,352.018
719.977,226.328,476.997
717.229,355.76,229.279
717.02,353.514,354.258
716.812,351.267,479.238
474.832,101.123,349.781
477.185,100.16,474.755
479.537,99.1974,599.729
471.308,226.069,350.809
473.66,225.106,475.784
476.013,224.143,600.758
467.783,351.015,351.838
470.135,350.052,476.812
472.488,349.09,601.786
599.76,104.666,347.456
602.113,103.703,472.43
604.465,102.741,597.405
596.236,229.612,348.485
598.588,228.649,473.459
600.941,227.687,598.433
592.711,354.558,349.514
595.064,353.595,474.488
597.416,352.633,599.462
724.688,108.209,345.132
727.041,107.246,470.106
729.394,106.284,595.08
721.164,233.155,346.161
723.516,232.193,471.135
725.869,231.23,596.109
717.639,358.101,347.189
719.992,357.139,472.163
722.344,356.176,597.138
474.377,101.515,474.072
476.706,102.823,599.044
479.035,104.131,724.015
473.275,226.503,472.785
475.604,227.811,597.756
477.933,229.119,722.728
472.172,351.492,471.497
474.502,352.8,596.469
476.831,354.108,721.44
599.35,102.593,471.732
601.679,103.901,596.703
604.009,105.208,721.675
598.248,227.581,470.444
600.577,228.889,595.416
602.907,230.197,720.387
597.146,352.57,469.157
599.475,353.878,594.128
601.805,355.185,719.099
724.323,103.67,469.391
726.653,104.978,594.362
728.982,106.286,719.334
723.221,228.659,468.103
725.551,229.967,593.075
727.88,231.275,718.046
722.119,353.647,466.816
724.449,354.955,591.787
726.778,356.263,716.759
474.123,101.771,599.683
471.385,102.355,724.651
468.648,102.938,849.62
473.218,226.767,599.079
470.48,227.35,724.048
467.743,227.933,849.017
472.313,351.762,598.476
469.575,352.345,723.445
466.838,352.929,848.413
599.089,102.689,602.416
596.352,103.273,727.385
593.614,103.856,852.353
598.185,227.685,601.813
595.447,228.268,726.781
592.709,228.851,851.75
597.28,352.68,601.209
594.542,353.263,726.178
591.805,353.847,851.147
724.056,103.607,605.149
721.319,104.191,730.118
718.581,104.774,855.087
723.151,228.602,604.546
720.414,229.186,729.515
717.676,229.769,854.483
722.246,353.598,603.943
719.509,354.181,728.911
716.771,354.765,853.88
473.104,223.059,100.841
471.604,222.74,225.832
470.105,222.421,350.822
471.047,348.042,101.136
469.547,347.723,226.126
468.048,347.404,351.117
468.99,473.025,101.43
467.49,472.706,226.42
465.991,472.387,351.411
598.078,225.112,102.346
596.578,224.793,227.336
595.079,224.474,352.327
596.021,350.095,102.64
594.521,349.776,227.63
593.022,349.457,352.621
593.964,475.078,102.934
592.465,474.759,227.925
590.965,474.44,352.915
723.052,227.166,103.85
721.552,226.847,228.84
720.053,226.528,353.831
720.995,352.148,104.144
719.495,351.829,229.135
717.996,351.51,354.125
718.938,477.131,104.439
717.439,476.812,229.429
715.939,476.493,354.42
474.089,223.296,223.821
474.342,220.15,348.781
474.594,217.003,473.741
472.08,348.24,226.971
472.333,345.094,351.931
472.585,341.947,476.891
470.072,473.185,230.122
470.324,470.038,355.082
470.576,466.891,480.042
599.073,225.311,223.619
599.325,222.164,348.58
599.577,219.018,473.54
597.064,350.255,226.77
597.316,347.108,351.73
597.568,343.962,476.69
595.055,475.199,229.92
595.307,472.053,354.88
595.56,468.906,479.84
724.057,227.325,223.418
724.309,224.179,348.378
724.561,221.032,473.338
722.048,352.27,226.568
722.3,349.123,351.528
722.552,345.976,476.488
720.039,477.214,229.718
720.291,474.067,354.679
720.543,470.92,479.639
475.545,224.124,351.259
476.343,227.611,476.208
477.141,231.097,601.157
476.734,349.07,347.765
477.533,352.556,472.714
478.331,356.043,597.663
477.924,474.015,344.272
478.722,477.502,469.22
479.52,480.988,594.169
600.537,222.913,350.495
601.335,226.4,475.444
602.133,229.886,600.393
601.726,347.859,347.001
602.524,351.345,471.95
603.322,354.832,596.899
602.915,472.804,343.507
603.713,476.291,468.456
604.512,479.777,593.405
725.529,221.702,349.73
726.327,225.189,474.679
727.125,228.675,599.628
726.718,346.648,346.236
727.516,350.134,471.185
728.314,353.621,596.134
727.907,471.593,342.742
728.705,475.08,467.691
729.503,478.566,592.64
473.277,225.123,474.911
470.546,222.02,599.843
467.815,218.917,724.774
472.835,350.084,478.005
470.104,346.981,602.937
467.373,343.878,727.869
472.393,475.045,481.1
469.662,471.942,606.032
466.931,468.838,730.963
598.247,225.498,477.652
595.516,222.394,602.584
592.785,219.291,727.515
597.804,350.459,480.747
595.073,347.355,605.678
592.343,344.252,730.61
597.362,475.42,483.841
594.631,472.316,608.773
591.9,469.213,733.704
723.216,225.872,480.393
720.485,222.769,605.325
717.754,219.666,730.256
722.774,350.833,483.488
720.043,347.73,608.419
717.312,344.626,733.351
722.331,475.794,486.582
719.601,472.691,611.514
716.87,469.587,736.445
476.466,223,599.584
477.361,219.303,724.526
478.256,215.605,849.469
478.23,347.933,603.269
479.126,344.236,728.211
480.021,340.539,853.153
479.995,472.867,606.953
480.89,469.169,731.895
481.786,465.472,856.838
601.45,221.263,598.637
602.345,217.565,723.58
603.24,213.868,848.522
603.215,346.196,602.322
604.11,342.498,727.264
605.005,338.801,852.206
604.98,471.129,606.006
605.875,467.432,730.949
606.77,463.734,855.891
726.434,219.525,597.691
727.329,215.828,722.633
728.225,212.13,847.575
728.199,344.458,601.375
729.094,340.761,726.317
729.989,337.063,851.259
729.964,469.391,605.06
730.859,465.694,730.002
731.754,461.997,854.944
476.255,350.34,99.0123
477.083,348.024,223.988
477.911,345.709,348.964
479.261,475.282,101.307
480.089,472.967,226.283
480.917,470.651,351.259
482.268,600.225,103.602
483.095,597.91,228.578
483.923,595.594,353.554
601.216,347.349,98.129
602.044,345.033,223.105
602.872,342.718,348.081
604.222,472.292,100.424
605.05,469.976,225.4
605.878,467.661,350.376
607.229,597.235,102.719
608.057,594.919,227.695
608.885,592.603,352.671
726.177,344.358,97.2457
727.005,342.043,222.222
727.833,339.727,347.197
729.183,469.301,99.5408
730.011,466.986,224.517
730.839,464.67,349.492
732.19,594.244,101.836
733.018,591.928,226.812
733.846,589.613,351.787
473.598,351.79,225.072
470.261,354.05,350.007
466.924,356.31,474.942
474.082,476.769,222.825
470.745,479.029,347.76
467.407,481.289,472.695
474.565,601.748,220.577
471.228,604.008,345.512
467.891,606.268,470.447
598.553,351.367,228.417
595.215,353.627,353.352
591.878,355.886,478.288
599.036,476.346,226.17
595.699,478.606,351.105
592.362,480.865,476.04
599.52,601.325,223.922
596.183,603.584,348.857
592.846,605.844,473.792
723.507,350.944,231.763
720.17,353.203,356.698
716.833,355.463,481.633
723.991,475.922,229.515
720.654,478.182,354.45
717.316,480.442,479.385
724.474,600.901,227.268
721.137,603.161,352.203
717.8,605.421,477.138
473.421,351.009,348.506
473.728,349.829,473.5
474.034,348.649,598.494
476.972,475.953,349.677
477.279,474.773,474.671
477.586,473.593,599.665
480.524,600.897,350.848
480.831,599.717,475.842
481.138,598.537,600.836
598.37,347.46,348.166
598.677,346.28,473.16
598.984,345.1,598.154
601.922,472.404,349.336
602.228,471.224,474.331
602.535,470.044,599.325
605.473,597.348,350.507
605.78,596.168,475.501
606.087,594.988,600.495
723.319,343.912,347.825
723.626,342.732,472.82
723.933,341.552,597.814
726.871,468.856,348.996
727.178,467.676,473.99
727.484,466.496,598.984
730.422,593.8,350.167
730.729,592.62,475.161
731.036,591.44,600.155
473.736,349.632,473.484
474.441,353.062,598.435
475.147,356.493,723.386
477.355,474.532,470.034
478.061,477.962,594.985
478.766,481.393,719.936
480.974,599.432,466.585
481.68,602.862,591.536
482.386,606.293,716.486
598.681,345.995,472.878
599.387,349.425,597.829
600.093,352.856,722.78
602.3,470.895,469.428
603.006,474.325,594.379
603.712,477.756,719.33
605.919,595.795,465.979
606.625,599.225,590.93
607.331,602.656,715.88
723.627,342.357,472.272
724.333,345.788,597.223
725.038,349.219,722.174
727.246,467.257,468.822
727.952,470.688,593.773
728.658,474.119,718.724
730.865,592.157,465.373
731.571,595.588,590.324
732.277,599.019,715.275
473.133,348.773,601.226
475.251,346.529,726.188
477.37,344.285,851.15
474.372,473.747,603.45
476.491,471.503,728.411
478.61,469.259,853.373
475.612,598.721,605.673
477.731,596.477,730.635
479.85,594.233,855.597
598.108,347.571,599.086
600.227,345.327,724.048
602.346,343.083,849.01
599.348,472.545,601.309
601.467,470.301,726.271
603.586,468.057,851.233
600.588,597.519,603.532
602.707,595.275,728.494
604.825,593.031,853.456
723.084,346.369,596.945
725.203,344.125,721.907
727.322,341.881,846.869
724.324,471.343,599.169
726.443,469.099,724.131
728.561,466.855,849.092
725.564,596.318,601.392
727.683,594.073,726.354
729.801,591.829,851.316
475.491,474.321,100.123
477.137,476.155,225.099
478.784,477.989,350.074
474.825,599.306,98.2975
476.471,601.14,223.273
478.118,602.974,348.249
474.159,724.29,96.472
475.805,726.125,221.448
477.452,727.959,346.423
600.478,474.962,98.4669
602.124,476.797,223.443
603.771,478.631,348.418
599.812,599.947,96.6414
601.458,601.781,221.617
603.105,603.616,346.593
599.146,724.932,94.8159
600.792,726.766,219.792
602.439,728.601,344.767
725.465,475.604,96.8108
727.112,477.438,221.786
728.758,479.273,346.762
724.799,600.589,94.9853
726.446,602.423,219.961
728.092,604.257,344.937
724.133,725.574,93.1598
725.78,727.408,218.135
727.426,729.242,343.111
476.712,475.009,223.529
473.208,472.13,348.447
469.704,469.25,473.365
478.548,599.961,226.461
475.044,597.082,351.379
471.54,594.202,476.296
480.384,724.914,229.393
476.88,722.034,354.31
473.377,719.155,479.228
601.649,473.092,226.989
598.145,470.213,351.907
594.641,467.333,476.825
603.485,598.044,229.921
599.982,595.165,354.839
596.478,592.285,479.757
605.322,722.996,232.853
601.818,720.117,357.771
598.314,717.237,482.688
726.587,471.175,230.45
723.083,468.295,355.367
719.579,465.416,480.285
728.423,596.127,233.381
724.919,593.248,358.299
721.415,590.368,483.217
730.259,721.079,236.313
726.755,718.2,361.231
723.251,715.32,486.149
474.804,475.797,350.114
473.247,474.64,475.099
471.69,473.484,600.084
473.18,600.781,351.25
471.623,599.625,476.235
470.066,598.468,601.22
471.556,725.766,352.387
469.999,724.609,477.372
468.442,723.452,602.357
599.784,477.407,351.686
598.226,476.25,476.67
596.669,475.093,601.655
598.16,602.391,352.822
596.603,601.234,477.807
595.046,600.077,602.792
596.536,727.375,353.958
594.979,726.218,478.943
593.422,725.062,603.928
724.763,479.016,353.257
723.206,477.859,478.242
721.649,476.703,603.227
723.139,604,354.394
721.582,602.844,479.379
720.025,601.687,604.364
721.516,728.985,355.53
719.959,727.828,480.515
718.402,726.671,605.5
476.57,474.681,473.356
473.934,471.123,598.278
471.298,467.564,723.199
477.361,599.628,476.932
474.724,596.069,601.854
472.088,592.51,726.775
478.151,724.574,480.509
475.515,721.015,605.43
472.879,717.456,730.352
601.54,473.816,475.968
598.903,470.257,600.89
596.267,466.698,725.811
602.33,598.762,479.545
599.694,595.203,604.466
597.058,591.644,729.388
603.121,723.708,483.121
600.485,720.15,608.043
597.849,716.591,732.964
726.509,472.95,478.581
723.873,469.391,603.502
721.237,465.832,728.424
727.3,597.897,482.157
724.664,594.338,607.079
722.028,590.779,732
728.091,722.843,485.734
725.455,719.284,610.655
722.818,715.725,735.577
474.107,474.138,600.342
474.186,473.253,725.339
474.265,472.369,850.335
471.381,599.105,601.228
471.46,598.221,726.225
471.539,597.336,851.221
468.656,724.072,602.114
468.735,723.188,727.11
468.814,722.303,852.107
599.077,476.863,600.282
599.156,475.979,725.279
599.235,475.095,850.276
596.352,601.831,601.168
596.431,600.946,726.165
596.51,600.062,851.162
593.627,726.798,602.054
593.706,725.913,727.051
593.785,725.029,852.048
724.047,479.589,600.222
724.126,478.705,725.219
724.205,477.82,850.216
721.322,604.556,601.108
721.401,603.672,726.105
721.48,602.787,851.102
718.597,729.523,601.994
718.676,728.639,726.991
718.755,727.755,851.988
473.657,600.605,101.877
474.91,602.221,226.86
476.163,603.837,351.843
472.587,725.59,100.272
473.84,727.206,225.255
475.093,728.822,350.238
471.517,850.575,98.6666
472.77,852.191,223.65
474.023,853.807,348.633
598.646,601.659,100.61
599.899,603.275,225.593
601.152,604.89,350.577
597.576,726.644,99.005
598.829,728.26,223.988
600.082,729.875,348.972
596.506,851.629,97.3999
597.76,853.245,222.383
599.013,854.861,347.366
723.635,602.712,99.3434
724.889,604.328,224.327
726.142,605.944,349.31
722.566,727.698,97.7383
723.819,729.313,222.722
725.072,730.929,347.705
721.496,852.683,96.1332
722.749,854.298,221.116
724.002,855.914,346.1
475.798,599.895,226.912
478.246,600.312,351.887
480.694,600.729,476.862
476.164,724.894,226.488
478.612,725.311,351.463
481.06,725.727,476.439
476.53,849.893,226.064
478.978,850.309,351.039
481.426,850.726,476.015
600.774,599.521,224.465
603.222,599.938,349.441
605.669,600.354,474.416
601.14,724.52,224.041
603.588,724.937,349.017
606.035,725.353,473.992
601.506,849.519,223.618
603.953,849.935,348.593
606.401,850.352,473.568
725.749,599.147,222.019
728.197,599.564,346.994
730.645,599.98,471.97
726.115,724.146,221.595
728.563,724.562,346.57
731.011,724.979,471.546
726.481,849.144,221.171
728.929,849.561,346.146
731.377,849.978,471.122
474.371,599.51,348.344
476.404,599.756,473.328
478.437,600.002,598.311
473.344,724.506,348.115
475.378,724.752,473.098
477.411,724.998,598.081
472.318,849.501,347.886
474.351,849.747,472.869
476.384,849.993,597.852
599.35,600.533,346.309
601.383,600.779,471.292
603.416,601.025,596.276
598.324,725.528,346.08
600.357,725.774,471.063
602.39,726.02,596.046
597.297,850.524,345.85
599.33,850.77,470.834
601.364,851.016,595.817
724.329,601.555,344.274
726.362,601.801,469.257
728.396,602.047,594.24
723.303,726.551,344.045
725.336,726.797,469.028
727.369,727.043,594.011
722.276,851.547,343.815
724.31,851.793,468.798
726.343,852.039,593.782
475.445,600.315,474.429
478.506,598.886,599.384
481.567,597.457,724.338
473.23,725.286,475.913
476.291,723.857,600.867
479.352,722.428,725.821
471.015,850.258,477.396
474.076,848.829,602.35
477.137,847.4,727.305
600.388,602.565,471.394
603.449,601.136,596.349
606.51,599.707,721.303
598.173,727.537,472.878
601.234,726.108,597.832
604.295,724.679,722.786
595.958,852.508,474.361
599.019,851.079,599.315
602.08,849.651,724.27
725.33,604.816,468.359
728.391,603.387,593.314
731.452,601.958,718.268
723.116,729.787,469.843
726.176,728.358,594.797
729.237,726.929,719.751
720.901,854.759,471.326
723.962,853.33,596.28
727.022,851.901,721.235
475.663,599.237,598.328
473.537,600.653,723.302
471.41,602.07,848.276
473.367,724.207,596.873
471.241,725.624,721.847
469.114,727.04,846.821
471.071,849.177,595.417
468.945,850.594,720.391
466.818,852.011,845.365
600.624,601.557,600.428
598.497,602.973,725.402
596.371,604.39,850.376
598.328,726.527,598.973
596.202,727.944,723.947
594.075,729.36,848.92
596.032,851.498,597.517
593.906,852.914,722.491
591.779,854.331,847.465
725.585,603.877,602.528
723.458,605.294,727.502
721.332,606.71,852.476
723.289,728.847,601.073
721.162,730.264,726.046
719.036,731.681,851.02
720.993,853.818,599.617
718.866,855.234,724.591
716.74,856.651,849.565
598.504,98.1473,100.426
600.697,100.55,225.384
602.89,102.953,350.341
599.202,223.122,98.0107
601.396,225.525,222.968
603.589,227.927,347.926
599.901,348.097,95.5955
602.094,350.499,220.553
604.287,352.902,345.511
723.483,97.4066,98.2466
725.676,99.8092,223.204
727.869,102.212,348.162
724.181,222.381,95.8314
726.374,224.784,220.789
728.568,227.187,345.747
724.88,347.356,93.4162
727.073,349.759,218.374
729.266,352.161,343.331
848.461,96.6658,96.0673
850.655,99.0684,221.025
852.848,101.471,345.983
849.16,221.641,93.6521
851.353,224.043,218.61
853.546,226.446,343.567
849.859,346.615,91.2368
852.052,349.018,216.195
854.245,351.42,341.152
599.392,100.602,225.565
598.422,99.4075,350.555
597.451,98.2126,475.546
596.851,225.571,226.74
595.881,224.376,351.73
594.91,223.181,476.721
594.31,350.54,227.915
593.34,349.345,352.905
592.369,348.15,477.896
724.363,103.134,226.559
723.392,101.939,351.55
722.421,100.744,476.541
721.822,228.103,227.734
720.851,226.908,352.725
719.88,225.713,477.715
719.281,353.071,228.909
718.31,351.876,353.9
717.34,350.681,478.89
849.333,105.665,227.554
848.362,104.471,352.545
847.392,103.276,477.535
846.792,230.634,228.729
845.821,229.439,353.72
844.851,228.244,478.71
844.251,355.603,229.904
843.281,354.408,354.895
842.31,353.213,479.885
598.405,99.399,349.65
598.035,98.2952,474.644
597.664,97.1913,599.639
596.218,224.375,350.747
595.847,223.271,475.741
595.477,222.167,600.736
594.031,349.351,351.844
593.66,348.247,476.839
593.29,347.143,601.833
723.386,101.583,350.039
723.015,100.479,475.034
722.644,99.3752,600.028
721.198,226.559,351.137
720.828,225.455,476.131
720.457,224.351,601.126
719.011,351.535,352.234
718.64,350.431,477.228
718.27,349.327,602.223
848.366,103.767,350.429
847.995,102.663,475.424
847.625,101.559,600.418
846.179,228.743,351.526
845.808,227.639,476.521
845.437,226.535,601.516
843.991,353.719,352.624
843.621,352.615,477.618
843.25,351.511,602.613
598.236,99.6422,474.456
594.575,97.1287,599.377
590.913,94.6152,724.298
601.247,224.579,477.058
597.585,222.065,601.979
593.923,219.552,726.9
604.258,349.516,479.66
600.596,347.002,604.581
596.934,344.488,729.502
723.147,96.5573,478.055
719.485,94.0438,602.976
715.823,91.5303,727.897
726.157,221.494,480.657
722.495,218.98,605.578
718.833,216.467,730.499
729.168,346.431,483.259
725.506,343.917,608.18
721.844,341.404,733.101
848.057,93.4724,481.655
844.395,90.9589,606.576
840.733,88.4454,731.497
851.067,218.409,484.257
847.405,215.896,609.178
843.743,213.382,734.099
854.078,343.346,486.859
850.416,340.832,611.78
846.754,338.319,736.701
601.707,98.1912,600.262
598.051,100.593,725.185
594.395,102.995,850.108
598.359,223.121,597.762
594.703,225.523,722.685
591.047,227.925,847.608
595.011,348.051,595.262
591.355,350.453,720.185
587.699,352.855,845.109
726.609,101.61,603.851
722.953,104.012,728.775
719.297,106.414,853.698
723.261,226.541,601.351
719.604,228.942,726.275
715.948,231.344,851.198
719.912,351.471,598.851
716.256,353.873,723.775
712.6,356.274,848.698
851.51,105.03,607.441
847.854,107.431,732.364
844.198,109.833,857.288
848.162,229.96,604.941
844.506,232.362,729.864
840.85,234.763,854.788
844.814,354.89,602.441
841.158,357.292,727.365
837.502,359.694,852.288
600.2,223.52,98.785
599.116,220.859,223.752
598.033,218.198,348.719
602.334,348.473,101.464
601.251,345.812,226.431
600.167,343.151,351.398
604.468,473.426,104.143
603.385,470.765,229.11
602.302,468.104,354.077
725.177,221.363,99.8224
724.094,218.702,224.789
723.01,216.041,349.756
727.311,346.316,102.502
726.228,343.655,227.469
725.145,340.994,352.436
729.445,471.269,105.181
728.362,468.608,230.148
727.279,465.947,355.115
850.154,219.206,100.86
849.071,216.545,225.827
847.987,213.884,350.794
852.288,344.159,103.539
851.205,341.498,228.506
850.122,338.837,353.473
854.422,469.112,106.218
853.339,466.451,231.185
852.256,463.79,356.152
598.27,224.051,225.629
597.864,222.918,350.623
597.458,221.786,475.617
599.154,349.042,226.764
598.748,347.91,351.758
598.342,346.778,476.752
600.038,474.034,227.899
599.632,472.902,352.893
599.227,471.77,477.887
723.266,223.163,226.026
722.86,222.031,351.021
722.454,220.898,476.015
724.15,348.155,227.162
723.744,347.022,352.156
723.339,345.89,477.15
725.034,473.146,228.297
724.629,472.014,353.291
724.223,470.882,478.285
848.262,222.275,226.424
847.856,221.143,351.418
847.45,220.01,476.413
849.146,347.267,227.559
848.741,346.134,352.553
848.335,345.002,477.548
850.031,472.258,228.694
849.625,471.126,353.689
849.219,469.994,478.683
599.327,224.901,349.702
598.785,224.358,474.7
598.242,223.814,599.697
602.681,349.855,350.26
602.139,349.312,475.258
601.596,348.768,600.255
606.035,474.809,350.818
605.492,474.265,475.816
604.95,473.722,600.813
724.281,221.545,350.23
723.739,221.002,475.227
723.196,220.458,600.225
727.635,346.499,350.788
727.092,345.955,475.785
726.55,345.412,600.783
730.989,471.453,351.346
730.446,470.909,476.343
729.904,470.366,601.341
849.235,218.189,350.758
848.692,217.646,475.755
848.15,217.102,600.753
852.589,343.143,351.316
852.046,342.599,476.313
851.504,342.056,601.311
855.943,468.097,351.873
855.4,467.553,476.871
854.858,467.009,601.869
601.678,225.39,475.52
598.424,224.174,600.471
595.17,222.957,725.423
604.414,350.354,476.808
601.16,349.137,601.759
597.906,347.921,726.711
607.15,475.317,478.095
603.896,474.101,603.047
600.642,472.884,727.999
726.606,222.622,478.746
723.352,221.405,603.698
720.098,220.189,728.65
729.342,347.585,480.034
726.088,346.369,604.986
722.834,345.152,729.938
732.078,472.549,481.322
728.824,471.332,606.274
725.57,470.116,731.225
851.534,219.854,481.973
848.28,218.637,606.925
845.025,217.421,731.876
854.27,344.817,483.261
851.015,343.6,608.212
847.761,342.384,733.164
857.006,469.78,484.549
853.751,468.564,609.5
850.497,467.347,734.452
601.718,223.46,599.56
599.621,226.196,724.512
597.524,228.932,849.465
602.773,348.426,596.841
600.676,351.162,721.793
598.579,353.898,846.746
603.829,473.392,594.122
601.732,476.128,719.074
599.635,478.864,844.027
726.696,222.45,601.679
724.599,225.186,726.632
722.502,227.923,851.584
727.751,347.416,598.96
725.654,350.152,723.913
723.557,352.889,848.865
728.807,472.382,596.241
726.71,475.118,721.194
724.613,477.855,846.146
851.674,221.44,603.799
849.577,224.177,728.751
847.48,226.913,853.704
852.729,346.406,601.08
850.632,349.143,726.032
848.535,351.879,850.985
853.785,471.372,598.361
851.688,474.109,723.313
849.591,476.845,848.266
599.808,350.316,101.497
600.724,347.659,226.465
601.64,345.002,351.433
599.782,475.287,104.154
600.698,472.631,229.122
601.614,469.974,354.09
599.756,600.259,106.811
600.672,597.602,231.779
601.588,594.946,356.747
724.805,350.361,100.581
725.721,347.705,225.549
726.637,345.048,350.518
724.778,475.333,103.238
725.695,472.676,228.206
726.611,470.02,353.175
724.752,600.305,105.895
725.668,597.648,230.863
726.585,594.991,355.832
849.801,350.407,99.6657
850.717,347.75,224.634
851.634,345.093,349.602
849.775,475.379,102.323
850.691,472.722,227.291
851.607,470.065,352.259
849.749,600.35,104.98
850.665,597.694,229.948
851.581,595.037,354.916
599.218,349.635,225.334
600.55,346.368,350.284
601.883,343.1,475.234
602.309,474.555,228.568
603.641,471.287,353.518
604.973,468.02,478.469
605.399,599.475,231.802
606.732,596.207,356.753
608.064,592.939,481.703
724.173,346.58,223.922
725.505,343.312,348.872
726.837,340.045,473.822
727.263,471.5,227.156
728.596,468.232,352.106
729.928,464.964,477.056
730.354,596.42,230.39
731.686,593.152,355.34
733.019,589.884,480.291
849.127,343.525,222.51
850.46,340.257,347.46
851.792,336.99,472.41
852.218,468.445,225.744
853.55,465.177,350.694
854.883,461.909,475.644
855.309,593.365,228.978
856.641,590.097,353.928
857.973,586.829,478.878
600.651,349.413,348.397
599.622,349.506,473.393
598.593,349.6,598.389
598.193,474.389,348.284
597.164,474.482,473.279
596.135,474.575,598.275
595.735,599.365,348.17
594.705,599.458,473.166
593.676,599.551,598.162
725.623,351.873,349.424
724.594,351.966,474.42
723.565,352.059,599.416
723.165,476.848,349.311
722.135,476.942,474.307
721.106,477.035,599.302
720.706,601.824,349.197
719.677,601.917,474.193
718.648,602.01,599.189
850.595,354.332,350.451
849.565,354.425,475.447
848.536,354.518,600.443
848.136,479.308,350.338
847.107,479.401,475.334
846.078,479.494,600.329
845.678,604.283,350.224
844.649,604.377,475.22
843.62,604.47,600.216
599.433,348.519,474.79
597.184,348.971,599.768
594.936,349.422,724.747
597.497,473.503,474.303
595.248,473.955,599.282
593,474.406,724.261
595.561,598.487,473.816
593.312,598.939,598.795
591.064,599.39,723.774
724.398,350.463,477.031
722.149,350.915,602.01
719.9,351.367,726.989
722.462,475.448,476.545
720.213,475.899,601.524
717.964,476.351,726.502
720.526,600.432,476.058
718.277,600.883,601.037
716.028,601.335,726.016
849.363,352.408,479.273
847.114,352.86,604.252
844.865,353.311,729.231
847.427,477.392,478.786
845.178,477.844,603.765
842.929,478.295,728.744
845.491,602.376,478.3
843.242,602.828,603.279
840.993,603.279,728.257
600.628,348.543,600.09
599.212,346.552,725.066
597.796,344.56,850.042
599.519,473.523,602.069
598.103,471.531,727.045
596.687,469.54,852.021
598.409,598.502,604.048
596.993,596.511,729.024
595.578,594.519,854
725.615,349.63,601.523
724.199,347.639,726.499
722.783,345.647,851.475
724.506,474.609,603.502
723.09,472.618,728.478
721.674,470.626,853.454
723.396,599.589,605.481
721.981,597.597,730.457
720.565,595.606,855.433
850.602,350.717,602.956
849.186,348.725,727.932
847.77,346.734,852.908
849.493,475.696,604.935
848.077,473.705,729.911
846.661,471.713,854.887
848.383,600.675,606.914
846.968,598.684,731.89
845.552,596.692,856.866
599.403,473.862,101.832
601.124,473.756,226.82
602.846,473.65,351.808
598.571,598.859,101.949
600.292,598.753,226.937
602.013,598.648,351.925
597.739,723.856,102.066
599.46,723.75,227.054
601.181,723.645,352.042
724.388,474.695,100.112
726.11,474.59,225.1
727.831,474.484,350.088
723.556,599.692,100.229
725.278,599.587,225.217
726.999,599.481,350.205
722.724,724.69,100.346
724.445,724.584,225.334
726.167,724.478,350.322
849.374,475.529,98.391
851.095,475.423,223.379
852.816,475.318,348.367
848.542,600.526,98.508
850.263,600.42,223.496
851.984,600.315,348.484
847.709,725.523,98.6251
849.431,725.418,223.613
851.152,725.312,348.601
600.813,476.035,224.442
602.977,477.262,349.417
605.14,478.488,474.392
598.619,601.01,223.253
600.782,602.237,348.228
602.945,603.463,473.204
596.424,725.985,222.065
598.588,727.212,347.04
600.751,728.438,472.015
725.775,478.209,222.257
727.939,479.435,347.233
730.102,480.662,472.208
723.581,603.184,221.069
725.744,604.41,346.044
727.907,605.637,471.019
721.386,728.159,219.88
723.55,729.385,344.856
725.713,730.612,469.831
850.737,480.382,220.073
852.901,481.609,345.048
855.064,482.835,470.024
848.543,605.357,218.885
850.706,606.584,343.86
852.869,607.81,468.835
846.348,730.332,217.696
848.512,731.559,342.671
850.675,732.785,467.647
598.302,476.579,350.034
600.46,476.723,475.016
602.618,476.866,599.997
595.905,601.556,349.932
598.062,601.7,474.914
600.22,601.843,599.895
593.507,726.533,349.83
595.665,726.677,474.812
597.823,726.82,599.793
723.26,478.975,347.874
725.418,479.118,472.855
727.576,479.261,597.837
720.863,603.952,347.772
723.021,604.095,472.753
725.179,604.238,597.735
718.466,728.928,347.67
720.624,729.072,472.651
722.782,729.215,597.633
848.219,481.37,345.714
850.376,481.513,470.695
852.534,481.657,595.676
845.821,606.347,345.612
847.979,606.49,470.593
850.137,606.633,595.574
843.424,731.324,345.51
845.582,731.467,470.491
847.74,731.61,595.472
598.946,473.785,476.84
596.985,471.786,601.809
595.023,469.787,726.777
602.401,598.72,478.893
600.44,596.721,603.861
598.478,594.722,728.83
605.856,723.655,480.945
603.894,721.657,605.914
601.933,719.658,730.882
723.883,470.298,478.745
721.922,468.3,603.714
719.96,466.301,728.682
727.338,595.234,480.798
725.376,593.235,605.766
723.415,591.236,730.735
730.793,720.169,482.85
728.831,718.171,607.819
726.87,716.172,732.787
848.82,466.812,480.65
846.859,464.814,605.619
844.897,462.815,730.588
852.275,591.748,482.703
850.313,589.749,607.671
848.352,587.75,732.64
855.73,716.683,484.755
853.768,714.684,609.724
851.807,712.686,734.692
601.885,475.688,599.33
603.38,479.191,724.272
604.876,482.695,849.214
605.201,600.594,595.788
606.696,604.097,720.73
608.192,607.601,845.672
608.517,725.499,592.246
610.012,729.003,717.188
611.507,732.507,842.129
726.832,472.331,597.929
728.327,475.835,722.871
729.823,479.339,847.813
730.148,597.237,594.387
731.643,600.741,719.329
733.139,604.244,844.271
733.464,722.143,590.844
734.959,725.646,715.786
736.454,729.15,840.728
851.779,468.975,596.528
853.275,472.478,721.47
854.77,475.982,846.412
855.095,593.88,592.985
856.59,597.384,717.927
858.086,600.888,842.869
858.411,718.786,589.443
859.906,722.29,714.385
861.401,725.794,839.327
598.052,598.777,101.809
594.759,595.482,226.722
591.466,592.188,351.635
594.339,723.681,105.005
591.046,720.386,229.918
587.753,717.092,354.832
590.626,848.585,108.201
587.333,845.29,233.115
584.04,841.996,358.028
722.954,602.403,105.197
719.661,599.109,230.11
716.368,595.815,355.024
719.24,727.307,108.393
715.947,724.013,233.307
712.655,720.719,358.22
715.527,852.211,111.59
712.234,848.917,236.503
708.941,845.623,361.416
847.855,606.03,108.585
844.562,602.735,233.499
841.269,599.441,358.412
844.142,730.934,111.782
840.849,727.639,236.695
837.556,724.345,361.608
840.428,855.838,114.978
837.136,852.543,239.891
833.843,849.249,364.804
600.22,601.217,224.571
603.049,604.27,349.502
605.878,607.322,474.433
598.1,726.163,221.567
600.929,729.216,346.497
603.757,732.268,471.428
595.98,851.109,218.562
598.809,854.162,343.493
601.637,857.214,468.423
725.17,603.268,221.692
727.999,606.321,346.623
730.828,609.373,471.554
723.05,728.214,218.687
725.879,731.267,343.618
728.707,734.319,468.549
720.93,853.16,215.683
723.759,856.212,340.614
726.587,859.265,465.544
850.12,605.319,218.813
852.949,608.372,343.744
855.778,611.424,468.674
848,730.265,215.808
850.829,733.317,340.739
853.657,736.37,465.67
845.88,855.211,212.804
848.709,858.263,337.734
851.537,861.316,462.665
598.31,599.741,351.51
597.197,599.965,476.505
596.084,600.19,601.5
599.599,724.734,351.297
598.487,724.959,476.292
597.374,725.183,601.286
600.889,849.727,351.083
599.776,849.952,476.078
598.663,850.176,601.073
723.298,598.453,352.625
722.186,598.678,477.62
721.073,598.903,602.615
724.588,723.446,352.412
723.475,723.671,477.407
722.362,723.896,602.402
725.877,848.439,352.199
724.764,848.664,477.193
723.652,848.889,602.188
848.287,597.166,353.74
847.174,597.39,478.735
846.061,597.615,603.73
849.576,722.159,353.527
848.463,722.384,478.522
847.351,722.608,603.517
850.866,847.152,353.314
849.753,847.377,478.308
848.64,847.602,603.303
599.636,600.514,473.504
596.743,599.87,598.469
593.849,599.225,723.433
597.655,725.497,474.102
594.761,724.853,599.067
591.867,724.208,724.032
595.673,850.48,474.701
592.78,849.835,599.666
589.886,849.191,724.63
724.587,602.481,476.407
721.693,601.837,601.372
718.8,601.193,726.337
722.606,727.464,477.006
719.712,726.82,601.971
716.818,726.175,726.936
720.624,852.447,477.604
717.73,851.803,602.569
714.837,851.158,727.534
849.538,604.448,479.311
846.644,603.804,604.276
843.75,603.16,729.241
847.556,729.431,479.909
844.663,728.787,604.874
841.769,728.143,729.839
845.575,854.414,480.508
842.681,853.77,605.473
839.787,853.125,730.438
600.871,598.869,598.756
601.697,602.089,723.712
602.523,605.309,848.667
599.338,723.818,595.546
600.164,727.038,720.502
600.99,730.258,845.458
597.806,848.768,592.337
598.632,851.987,717.292
599.458,855.207,842.248
725.859,600.38,597.891
726.685,603.6,722.846
727.511,606.819,847.802
724.326,725.329,594.681
725.152,728.549,719.637
725.978,731.769,844.593
722.794,850.278,591.471
723.62,853.498,716.427
724.446,856.718,841.383
850.847,601.891,597.026
851.673,605.111,721.981
852.499,608.33,846.937
849.314,726.84,593.816
850.14,730.06,718.772
850.966,733.28,843.728
847.782,851.789,590.606
848.607,855.009,715.562
849.433,858.229,840.518
