81,125,pa2-debug-c-output1.txt
209.114,208.157,205.488
392.606,395.942,206.809
99.8698,101.277,99.3062
101.741,98.1782,224.254
103.613,95.0791,349.201
100.269,226.238,102.4
102.141,223.139,227.347
104.012,220.04,352.295
100.669,351.199,105.493
102.54,348.1,230.441
104.412,345.001,355.388
224.855,100.924,97.4253
226.727,97.8252,222.373
228.598,94.7261,347.32
225.255,225.885,100.519
227.126,222.786,225.466
228.998,219.687,350.414
225.654,350.846,103.612
227.526,347.747,228.56
229.397,344.648,353.507
349.841,100.571,95.5444
351.712,97.4722,220.492
353.584,94.3731,345.44
350.24,225.532,98.6378
352.112,222.433,223.585
353.983,219.334,348.533
350.64,350.493,101.731
352.511,347.394,226.679
354.383,344.295,351.626
98.3192,100.601,224.512
98.9284,101.714,349.506
99.5375,102.828,474.499
97.5621,225.593,223.402
98.1713,226.707,348.396
98.7804,227.821,473.389
96.805,350.586,222.292
97.4142,351.7,347.286
98.0233,352.814,472.279
223.315,101.352,223.896
223.925,102.466,348.89
224.534,103.58,473.884
222.558,226.345,222.786
223.167,227.459,347.78
223.777,228.572,472.774
221.801,351.338,221.676
222.41,352.452,346.67
223.02,353.565,471.664
348.312,102.104,223.281
348.921,103.218,348.274
349.53,104.331,473.268
347.555,227.097,222.171
348.164,228.21,347.164
348.773,229.324,472.158
346.797,352.089,221.061
347.407,353.203,346.054
348.016,354.317,471.048
99.481,98.1101,351.289
98.3003,99.179,476.279
97.1196,100.248,601.269
103.181,223.051,350.256
102,224.12,475.246
100.82,225.189,600.236
106.881,347.992,349.222
105.7,349.061,474.212
104.52,350.13,599.202
224.421,94.4201,352.501
223.24,95.489,477.491
222.059,96.558,602.481
228.121,219.361,351.468
226.94,220.43,476.457
225.759,221.499,601.447
231.821,344.302,350.434
230.64,345.371,475.424
229.459,346.44,600.414
349.36,90.7301,353.713
348.18,91.7991,478.703
346.999,92.868,603.693
353.06,215.671,352.679
351.88,216.74,477.669
350.699,217.809,602.659
356.76,340.612,351.646
355.58,341.681,476.636
354.399,342.75,601.626
98.4074,98.4026,474.826
99.0919,96.4505,599.809
99.7765,94.4984,724.792
96.1551,223.367,476.79
96.8397,221.415,601.773
97.5242,219.463,726.756
93.9028,348.331,478.754
94.5874,346.379,603.737
95.272,344.427,728.72
223.385,100.665,474.177
224.07,98.7132,599.16
224.754,96.7611,724.142
221.133,225.63,476.141
221.817,223.678,601.124
222.502,221.725,726.107
218.881,350.594,478.105
219.565,348.642,603.088
220.25,346.69,728.071
348.363,102.928,473.528
349.048,100.976,598.51
349.732,99.0238,723.493
346.111,227.892,475.492
346.795,225.94,600.475
347.48,223.988,725.457
343.858,352.857,477.456
344.543,350.904,602.439
345.228,348.952,727.422
98.382,99.7136,600.313
95.7259,96.0752,725.232
93.0699,92.4368,850.151
97.557,224.658,603.935
94.9009,221.02,728.854
92.2449,217.382,853.772
96.732,349.603,607.556
94.0759,345.965,732.475
91.4199,342.326,857.394
223.351,100.461,602.992
220.695,96.8227,727.911
218.039,93.1843,852.83
222.526,225.406,606.614
219.87,221.767,731.533
217.214,218.129,856.451
221.701,350.351,610.235
219.045,346.712,735.154
216.389,343.074,860.073
348.32,101.209,605.671
345.664,97.5702,730.59
343.008,93.9318,855.509
347.495,226.153,609.293
344.839,222.515,734.211
342.183,218.877,859.13
346.67,351.098,612.914
344.014,347.46,737.833
341.358,343.821,862.752
100.419,224.04,101.511
102.469,222.285,226.482
104.52,220.53,351.453
98.7305,349.016,103.294
100.781,347.261,228.265
102.831,345.506,353.236
97.0418,473.992,105.077
99.092,472.237,230.047
101.142,470.482,355.018
225.391,225.758,99.4852
227.441,224.003,224.456
229.491,222.248,349.427
223.702,350.734,101.268
225.752,348.979,226.239
227.803,347.224,351.21
222.014,475.709,103.051
224.064,473.955,228.021
226.114,472.2,352.992
350.363,227.475,97.4592
352.413,225.72,222.43
354.463,223.966,347.401
348.674,352.451,99.2418
350.724,350.696,224.213
352.774,348.941,349.184
346.985,477.427,101.024
349.036,475.672,225.995
351.086,473.917,350.966
98.8631,226.085,226.05
97.7253,222.718,350.999
96.5875,219.352,475.949
100.445,351.029,229.431
99.3077,347.663,354.38
98.1699,344.296,479.33
102.028,475.973,232.812
100.89,472.607,357.761
99.7523,469.24,482.711
223.848,224.472,227.145
222.71,221.106,352.094
221.572,217.739,477.044
225.43,349.417,230.526
224.293,346.05,355.475
223.155,342.683,480.424
227.013,474.361,233.906
225.875,470.994,358.856
224.737,467.628,483.805
348.833,222.86,228.239
347.695,219.493,353.189
346.557,216.127,478.138
350.415,347.804,231.62
349.277,344.437,356.57
348.14,341.071,481.519
351.998,472.748,235.001
350.86,469.382,359.951
349.722,466.015,484.9
100.378,225.804,350.562
102.663,227.08,475.535
104.948,228.357,600.507
96.6246,350.742,349.355
98.9098,352.018,474.327
101.195,353.295,599.3
92.8713,475.68,348.147
95.1564,476.956,473.12
97.4416,478.232,598.093
225.301,229.535,348.24
227.586,230.811,473.212
229.871,232.087,598.185
221.547,354.472,347.032
223.833,355.749,472.005
226.118,357.025,596.978
217.794,479.41,345.825
220.079,480.687,470.798
222.364,481.963,595.77
350.223,233.265,345.917
352.509,234.541,470.89
354.794,235.818,595.863
346.47,358.203,344.71
348.755,359.479,469.683
351.04,360.756,594.655
342.717,483.141,343.503
345.002,484.417,468.475
347.287,485.693,593.448
100.923,225.737,474.658
97.8978,227,599.615
94.8728,228.262,724.572
102.178,350.725,473.426
99.1529,351.987,598.383
96.1279,353.25,723.34
103.433,475.712,472.193
100.408,476.975,597.15
97.383,478.238,722.107
225.88,224.512,477.695
222.855,225.775,602.652
219.83,227.037,727.609
227.135,349.5,476.463
224.11,350.762,601.42
221.085,352.025,726.377
228.39,474.488,475.231
225.365,475.75,600.188
222.34,477.013,725.145
350.837,223.287,480.733
347.812,224.55,605.69
344.787,225.813,730.647
352.092,348.275,479.5
349.067,349.538,604.457
346.042,350.8,729.414
353.347,473.263,478.268
350.322,474.525,603.225
347.297,475.788,728.182
99.8393,223.046,598.502
97.8226,223.004,723.485
95.8059,222.961,848.469
96.911,348.012,598.497
94.8943,347.97,723.48
92.8777,347.927,848.464
93.9827,472.978,598.492
91.966,472.935,723.476
89.9494,472.893,848.459
224.789,225.974,600.519
222.772,225.932,725.502
220.755,225.889,850.486
221.86,350.94,600.514
219.844,350.898,725.497
217.827,350.855,850.481
218.932,475.906,600.509
216.915,475.863,725.493
214.899,475.821,850.476
349.738,228.902,602.536
347.721,228.86,727.519
345.705,228.817,852.503
346.81,353.868,602.531
344.793,353.825,727.515
342.777,353.783,852.498
343.882,478.834,602.526
341.865,478.791,727.51
339.848,478.749,852.493
100.278,351.326,98.4699
97.9999,351.652,223.449
95.7218,351.978,348.428
102.338,476.309,98.1818
100.06,476.635,223.161
97.7822,476.96,348.139
104.399,601.292,97.8937
102.121,601.617,222.872
99.8425,601.943,347.851
225.24,349.272,100.753
222.962,349.597,225.732
220.684,349.923,350.711
227.301,474.254,100.465
225.023,474.58,225.444
222.744,474.906,350.423
229.361,599.237,100.177
227.083,599.563,225.156
224.805,599.888,350.134
350.203,347.217,103.036
347.924,347.543,228.015
345.646,347.868,352.994
352.263,472.2,102.748
349.985,472.525,227.727
347.707,472.851,352.706
354.323,597.182,102.46
352.045,597.508,227.439
349.767,597.834,352.418
100.99,350.877,223.959
103.74,353.58,348.9
106.49,356.282,473.84
97.6936,475.806,221.329
100.444,478.508,346.27
103.194,481.211,471.21
94.3976,600.735,218.699
97.1477,603.437,343.64
99.8979,606.14,468.581
225.916,354.113,221.139
228.666,356.816,346.08
231.416,359.519,471.02
222.62,479.042,218.509
225.37,481.745,343.45
228.12,484.448,468.391
219.324,603.971,215.88
222.074,606.674,340.82
224.824,609.377,465.761
350.842,357.35,218.319
353.592,360.053,343.26
356.342,362.755,468.201
347.546,482.279,215.69
350.296,484.982,340.63
353.046,487.684,465.571
344.25,607.208,213.06
347,609.91,338
349.75,612.613,462.941
100.401,349.472,350.557
96.8141,351.771,475.485
93.2276,354.071,600.412
100.267,474.451,348.253
96.6803,476.75,473.18
93.0937,479.05,598.108
100.133,599.429,345.949
96.5464,601.729,470.876
92.9599,604.028,595.803
225.349,349.672,354.141
221.763,351.971,479.068
218.176,354.271,603.995
225.215,474.651,351.836
221.629,476.95,476.764
218.042,479.249,601.691
225.081,599.629,349.532
221.495,601.929,474.459
217.908,604.228,599.387
350.298,349.872,357.724
346.711,352.171,482.651
343.125,354.471,607.579
350.164,474.85,355.42
346.577,477.15,480.347
342.991,479.449,605.275
350.03,599.829,353.116
346.443,602.129,478.043
342.857,604.428,602.97
100.444,348.437,474.123
99.1919,348.113,599.116
97.9396,347.79,724.11
98.2983,473.419,474.425
97.0459,473.095,599.419
95.7936,472.771,724.412
96.1523,598.4,474.728
94.9,598.076,599.721
93.6477,597.752,724.714
225.42,350.58,475.381
224.167,350.256,600.374
222.915,349.932,725.367
223.274,475.561,475.683
222.021,475.238,600.676
220.769,474.914,725.67
221.128,600.543,475.985
219.875,600.219,600.979
218.623,599.895,725.972
350.395,352.723,476.638
349.142,352.399,601.632
347.89,352.075,726.625
348.249,477.704,476.941
346.997,477.38,601.934
345.744,477.056,726.927
346.103,602.685,477.243
344.851,602.362,602.236
343.598,602.038,727.23
101.91,351.112,601.133
100.669,352.25,726.122
99.4277,353.388,851.111
104.32,476.084,600.02
103.079,477.222,725.009
101.838,478.36,849.997
106.731,601.056,598.906
105.49,602.194,723.895
104.249,603.331,848.884
226.88,348.713,602.396
225.639,349.851,727.385
224.398,350.988,852.373
229.291,473.685,601.283
228.05,474.822,726.271
226.809,475.96,851.26
231.702,598.657,600.169
230.461,599.794,725.158
229.22,600.932,850.146
351.851,346.314,603.659
350.61,347.451,728.648
349.369,348.589,853.636
354.262,471.285,602.545
353.021,472.423,727.534
351.78,473.561,852.523
356.672,596.257,601.432
355.431,597.395,726.42
354.19,598.533,851.409
98.505,473.747,101.518
96.4887,474.459,226.499
94.4724,475.171,351.481
101.686,598.705,100.857
99.6692,599.417,225.839
97.653,600.129,350.82
104.866,723.663,100.197
102.85,724.375,225.178
100.834,725.087,350.16
223.448,470.578,103.551
221.432,471.29,228.533
219.416,472.002,353.515
226.629,595.536,102.891
224.613,596.248,227.873
222.596,596.959,352.854
229.809,720.493,102.23
227.793,721.205,227.212
225.777,721.917,352.194
348.391,467.408,105.585
346.375,468.12,230.567
344.359,468.832,355.548
351.572,592.366,104.925
349.556,593.078,229.906
347.539,593.79,354.888
354.753,717.324,104.264
352.736,718.036,229.246
350.72,718.748,354.227
101.288,476.512,226.471
100.528,473.781,351.439
99.7681,471.049,476.407
102.88,601.472,229.212
102.12,598.741,354.18
101.36,596.009,479.148
104.472,726.432,231.953
103.712,723.7,356.921
102.952,720.969,481.889
226.276,474.904,227.196
225.516,472.173,352.164
224.756,469.441,477.132
227.867,599.864,229.937
227.108,597.132,354.905
226.348,594.401,479.873
229.459,724.824,232.678
228.699,722.092,357.646
227.939,719.361,482.614
351.263,473.296,227.921
350.503,470.565,352.889
349.743,467.833,477.857
352.855,598.256,230.662
352.095,595.524,355.63
351.335,592.793,480.598
354.447,723.216,233.403
353.687,720.484,358.371
352.927,717.753,483.339
98.7657,476.796,349.873
96.2046,478.015,474.841
93.6436,479.234,599.809
95.8134,601.755,348.594
93.2524,602.974,473.562
90.6913,604.192,598.53
92.8612,726.714,347.315
90.3001,727.932,472.283
87.739,729.151,597.251
223.705,479.774,352.405
221.144,480.993,477.373
218.582,482.211,602.341
220.752,604.733,351.126
218.191,605.951,476.094
215.63,607.17,601.062
217.8,729.691,349.847
215.239,730.91,474.815
212.678,732.128,599.783
348.643,482.752,354.936
346.082,483.97,479.904
343.521,485.189,604.872
345.691,607.71,353.657
343.13,608.929,478.625
340.569,610.148,603.593
342.739,732.669,352.378
340.178,733.888,477.346
337.617,735.106,602.314
100.727,476.768,473.862
100.8,478.17,598.854
100.872,479.572,723.847
101.764,601.756,472.46
101.837,603.158,597.452
101.91,604.559,722.444
102.801,726.744,471.058
102.874,728.146,596.05
102.947,729.547,721.042
225.723,475.731,473.801
225.795,477.132,598.793
225.868,478.534,723.786
226.76,600.718,472.399
226.833,602.12,597.391
226.905,603.522,722.383
227.797,725.706,470.997
227.87,727.108,595.989
227.942,728.509,720.981
350.718,474.693,473.74
350.791,476.094,598.732
350.864,477.496,723.724
351.755,599.681,472.338
351.828,601.082,597.33
351.901,602.484,722.322
352.793,724.668,470.936
352.865,726.07,595.928
352.938,727.472,720.92
100.388,476.37,600.577
102.108,474.39,725.55
103.827,472.409,850.522
97.7096,601.325,602.594
99.4293,599.345,727.567
101.149,597.364,852.539
95.0313,726.28,604.611
96.751,724.3,729.584
98.4706,722.319,854.556
225.347,479.075,598.9
227.067,477.095,723.873
228.787,475.115,848.845
222.669,604.03,600.918
224.389,602.05,725.89
226.108,600.07,850.862
219.991,728.985,602.935
221.71,727.005,727.907
223.43,725.025,852.88
350.307,481.781,597.224
352.027,479.8,722.196
353.746,477.82,847.169
347.629,606.736,599.241
349.348,604.755,724.213
351.068,602.775,849.186
344.95,731.691,601.258
346.67,729.71,726.23
348.39,727.73,851.203
98.0324,599.613,99.9306
98.8168,602.198,224.901
99.6012,604.784,349.872
96.5123,724.577,97.3548
97.2967,727.163,222.326
98.0811,729.748,347.296
94.9922,849.541,94.779
95.7766,852.127,219.75
96.561,854.712,344.721
223.021,601.117,99.115
223.805,603.702,224.086
224.59,606.288,349.057
221.501,726.081,96.5392
222.285,728.666,221.51
223.069,731.252,346.481
219.98,851.045,93.9634
220.765,853.63,218.934
221.549,856.216,343.905
348.009,602.62,98.2994
348.793,605.206,223.27
349.578,607.791,348.241
346.489,727.584,95.7236
347.273,730.17,220.694
348.058,732.755,345.665
344.969,852.549,93.1478
345.753,855.134,218.119
346.538,857.72,343.089
99.514,600.098,226.192
98.1103,597.453,351.156
96.7065,594.808,476.12
99.5042,725.07,228.837
98.1004,722.425,353.801
96.6966,719.78,478.765
99.4943,850.042,231.482
98.0905,847.397,356.446
96.6867,844.752,481.41
224.506,600.078,227.596
223.102,597.433,352.56
221.699,594.788,477.524
224.496,725.05,230.241
223.093,722.405,355.205
221.689,719.76,480.169
224.486,850.022,232.886
223.083,847.377,357.85
221.679,844.732,482.814
349.498,600.058,229
348.094,597.413,353.964
346.691,594.768,478.928
349.488,725.03,231.645
348.085,722.385,356.609
346.681,719.74,481.573
349.479,850.002,234.29
348.075,847.357,359.254
346.671,844.712,484.218
100.227,599.351,350.999
101.248,603.074,475.94
102.27,606.796,600.88
97.1067,724.258,347.303
98.1281,727.98,472.244
99.1496,731.703,597.184
93.9864,849.164,343.607
95.0079,852.887,468.547
96.0293,856.609,593.488
225.184,602.44,349.886
226.205,606.162,474.826
227.227,609.885,599.767
222.064,727.346,346.19
223.085,731.069,471.13
224.106,734.791,596.07
218.943,852.252,342.493
219.965,855.975,467.434
220.986,859.698,592.374
350.141,605.528,348.772
351.162,609.251,473.713
352.184,612.974,598.653
347.02,730.435,345.076
348.042,734.157,470.016
349.063,737.88,594.957
343.9,855.341,341.38
344.922,859.064,466.32
345.943,862.786,591.261
98.7379,600.802,476.75
98.2116,598.355,601.725
97.6853,595.907,726.7
100.585,725.764,479.205
100.059,723.317,604.18
99.5322,720.869,729.155
102.432,850.727,481.66
101.905,848.279,606.635
101.379,845.832,731.61
223.723,598.945,477.24
223.197,596.498,602.215
222.671,594.05,727.19
225.57,723.907,479.695
225.044,721.46,604.67
224.517,719.013,729.645
227.417,848.87,482.15
226.891,846.422,607.125
226.364,843.975,732.1
348.708,597.088,477.73
348.182,594.641,602.705
347.656,592.193,727.68
350.555,722.051,480.185
350.029,719.603,605.16
349.503,717.156,730.135
352.402,847.013,482.64
351.876,844.565,607.615
351.35,842.118,732.59
100.239,600.828,598.25
102.234,599.409,723.227
104.23,597.99,848.203
101.185,725.817,599.655
103.181,724.397,724.631
105.176,722.978,849.607
102.132,850.805,601.059
104.127,849.386,726.035
106.122,847.967,851.011
225.22,599.905,596.245
227.215,598.485,721.221
229.21,597.066,846.197
226.166,724.893,597.649
228.161,723.474,722.625
230.157,722.054,847.601
227.112,849.882,599.053
229.108,848.462,724.029
231.103,847.043,849.005
350.2,598.981,594.239
352.195,597.562,719.215
354.191,596.142,844.191
351.146,723.969,595.643
353.142,722.55,720.619
355.137,721.131,845.595
352.093,848.958,597.047
354.088,847.539,722.023
356.083,846.119,847
225.851,99.6694,101.442
226.941,98.9432,226.435
228.031,98.2171,351.428
222.505,224.622,102.197
223.595,223.896,227.19
224.684,223.17,352.183
219.158,349.575,102.952
220.248,348.849,227.945
221.338,348.123,352.938
350.801,103.022,100.372
351.891,102.296,225.365
352.981,101.57,350.358
347.455,227.975,101.127
348.545,227.249,226.12
349.635,226.523,351.113
344.109,352.928,101.882
345.199,352.202,226.875
346.289,351.476,351.868
475.752,106.375,99.3017
476.842,105.648,224.295
477.932,104.922,349.288
472.406,231.328,100.057
473.495,230.601,225.05
474.585,229.875,350.043
469.059,356.28,100.812
470.149,355.554,225.805
471.239,354.828,350.798
225.346,98.2238,226.449
226.823,100.776,351.414
228.299,103.328,476.379
228.625,223.154,223.858
230.102,225.706,348.824
231.578,228.258,473.789
231.904,348.084,221.268
233.381,350.636,346.233
234.857,353.188,471.199
350.295,94.9151,225.04
351.771,97.4674,350.005
353.247,100.02,474.97
353.574,219.845,222.45
355.05,222.397,347.415
356.526,224.95,472.38
356.853,344.775,219.86
358.329,347.328,344.825
359.805,349.88,469.79
475.243,91.6065,223.631
476.719,94.1587,348.597
478.196,96.711,473.562
478.522,216.537,221.041
479.998,219.089,346.006
481.475,221.641,470.972
481.801,341.467,218.451
483.277,344.019,343.416
484.754,346.571,468.381
225.579,100.893,350.117
225.199,98.3248,475.09
224.819,95.7569,600.063
227.994,225.843,352.692
227.614,223.275,477.665
227.234,220.707,602.638
230.409,350.793,355.267
230.029,348.225,480.24
229.649,345.657,605.213
350.555,98.4702,350.447
350.175,95.9024,475.42
349.795,93.3345,600.393
352.97,223.42,353.022
352.59,220.853,477.995
352.21,218.285,602.968
355.385,348.37,355.597
355.005,345.803,480.57
354.625,343.235,605.543
475.531,96.0478,350.777
475.151,93.4799,475.75
474.771,90.9121,600.723
477.946,220.998,353.352
477.566,218.43,478.325
477.186,215.862,603.298
480.361,345.948,355.927
479.981,343.38,480.9
479.601,340.812,605.873
223.974,101.68,475.476
220.601,104.86,600.39
217.229,108.039,725.304
223.16,226.636,472.273
219.788,229.816,597.187
216.416,232.996,722.101
222.347,351.592,469.07
218.975,354.772,593.984
215.603,357.952,718.898
348.926,102.579,478.826
345.553,105.759,603.74
342.181,108.938,728.654
348.112,227.535,475.623
344.74,230.715,600.538
341.368,233.895,725.452
347.299,352.492,472.421
343.927,355.671,597.335
340.554,358.851,722.249
473.877,103.478,482.177
470.505,106.658,607.091
467.133,109.838,732.005
473.064,228.434,478.974
469.692,231.614,603.888
466.32,234.794,728.802
472.251,353.391,475.771
468.879,356.57,600.685
465.506,359.75,725.599
223.342,100.586,600.971
221.421,98.012,725.93
219.499,95.4381,850.889
222.177,225.554,603.528
220.255,222.98,728.486
218.334,220.407,853.445
221.011,350.523,606.084
219.09,347.949,731.043
217.168,345.375,856.001
348.322,101.712,602.916
346.4,99.1378,727.875
344.479,96.5639,852.834
347.156,226.68,605.473
345.235,224.106,730.431
343.314,221.532,855.39
345.991,351.649,608.029
344.07,349.075,732.987
342.148,346.501,857.946
473.302,102.838,604.861
471.38,100.264,729.82
469.459,97.6897,854.779
472.136,227.806,607.417
470.215,225.232,732.376
468.293,222.658,857.335
470.971,352.774,609.974
469.049,350.2,734.932
467.128,347.627,859.891
225.179,224.767,100.142
224.619,223.109,225.13
224.06,221.451,350.118
224.304,349.753,101.796
223.744,348.095,226.784
223.185,346.437,351.772
223.429,474.739,103.451
222.869,473.081,228.439
222.31,471.423,353.426
350.174,225.635,100.713
349.615,223.977,225.701
349.056,222.318,350.688
349.299,350.621,102.367
348.74,348.962,227.355
348.181,347.304,352.343
348.424,475.607,104.022
347.865,473.948,229.009
347.306,472.29,353.997
475.17,226.502,101.284
474.611,224.844,226.271
474.051,223.186,351.259
474.295,351.488,102.938
473.736,349.83,227.926
473.176,348.172,352.914
473.42,476.474,104.592
472.861,474.816,229.58
472.301,473.158,354.568
226.921,225.105,224.071
226.685,226.167,349.066
226.449,227.229,474.062
230.23,350.057,223.016
229.994,351.119,348.011
229.758,352.181,473.006
233.539,475.009,221.96
233.303,476.071,346.956
233.067,477.133,471.951
351.877,221.799,224.335
351.641,222.861,349.33
351.405,223.923,474.326
355.186,346.75,223.28
354.95,347.812,348.275
354.714,348.875,473.27
358.495,471.702,222.224
358.259,472.764,347.22
358.023,473.826,472.215
476.833,218.492,224.599
476.597,219.554,349.594
476.361,220.616,474.59
480.142,343.444,223.544
479.906,344.506,348.539
479.67,345.568,473.534
483.451,468.396,222.488
483.215,469.458,347.484
482.979,470.52,472.479
224.149,225.9,351.946
227.83,224.785,476.887
231.511,223.67,601.827
224.511,350.895,353.051
228.192,349.78,477.992
231.873,348.665,602.932
224.874,475.89,354.156
228.555,474.774,479.096
232.236,473.659,604.037
349.094,225.57,348.262
352.775,224.455,473.203
356.456,223.34,598.143
349.457,350.565,349.367
353.138,349.45,474.307
356.818,348.335,599.248
349.819,475.56,350.472
353.5,474.445,475.412
357.181,473.33,600.353
474.039,225.241,344.578
477.72,224.126,469.519
481.401,223.01,594.459
474.402,350.235,345.683
478.083,349.12,470.623
481.764,348.005,595.564
474.764,475.23,346.788
478.445,474.115,471.728
482.126,473,596.669
226.68,226.541,475.122
228.137,223.89,600.085
229.593,221.24,725.049
229.718,351.477,477.737
231.174,348.826,602.7
232.63,346.176,727.663
232.755,476.412,480.351
234.212,473.762,605.314
235.668,471.111,730.278
351.635,223.535,473.602
353.091,220.884,598.565
354.547,218.234,723.529
354.672,348.47,476.217
356.129,345.82,601.18
357.585,343.17,726.143
357.71,473.406,478.831
359.166,470.756,603.795
360.623,468.105,728.758
476.589,220.529,472.082
478.046,217.878,597.046
479.502,215.228,722.009
479.627,345.464,474.697
481.083,342.814,599.66
482.54,340.163,724.623
482.665,470.4,477.311
484.121,467.75,602.275
485.577,465.099,727.238
223.42,226.144,601.6
220.696,227.345,726.565
217.971,228.546,851.529
220.469,351.103,600.335
217.745,352.303,725.3
215.02,353.504,850.264
217.518,476.061,599.07
214.794,477.262,724.034
212.069,478.463,848.999
348.356,229.121,604.296
345.631,230.322,729.26
342.906,231.523,854.225
345.405,354.08,603.03
342.68,355.281,727.995
339.955,356.482,852.96
342.454,479.039,601.765
339.729,480.24,726.73
337.004,481.441,851.694
473.291,232.099,606.991
470.566,233.3,731.956
467.842,234.501,856.92
470.34,357.058,605.726
467.615,358.259,730.69
464.891,359.46,855.655
467.389,482.017,604.461
464.664,483.218,729.425
461.94,484.419,854.39
223.887,350.941,99.4515
224.813,348.111,224.416
225.738,345.281,349.381
225.417,475.9,102.27
226.343,473.07,227.235
227.268,470.24,352.199
226.947,600.859,105.089
227.873,598.029,230.053
228.798,595.199,355.018
348.875,349.433,98.4918
349.8,346.602,223.456
350.725,343.772,348.421
350.405,474.391,101.31
351.33,471.561,226.275
352.255,468.731,351.24
351.935,599.35,104.129
352.86,596.52,229.094
353.785,593.69,354.058
473.862,347.924,97.5322
474.787,345.094,222.497
475.713,342.264,347.461
475.392,472.883,100.351
476.317,470.053,225.315
477.243,467.222,350.28
476.922,597.841,103.169
477.847,595.011,228.134
478.773,592.181,353.099
224.826,348.22,223.928
225.563,349.084,348.922
226.3,349.949,473.917
223.788,473.213,223.069
224.525,474.077,348.064
225.262,474.941,473.059
222.75,598.205,222.211
223.487,599.07,347.206
224.224,599.934,472.201
349.82,349.253,223.183
350.557,350.117,348.178
351.294,350.982,473.173
348.782,474.246,222.325
349.519,475.11,347.32
350.256,475.974,472.315
347.744,599.238,221.467
348.481,600.103,346.462
349.218,600.967,471.457
474.813,350.286,222.439
475.55,351.15,347.434
476.287,352.015,472.429
473.775,475.279,221.581
474.512,476.143,346.576
475.249,477.007,471.571
472.737,600.271,220.723
473.474,601.136,345.718
474.211,602,470.712
223.381,349.669,350.947
223.337,348.255,475.939
223.293,346.841,600.931
226.811,474.614,352.362
226.767,473.2,477.354
226.723,471.786,602.346
230.241,599.559,353.777
230.197,598.145,478.769
230.153,596.731,603.761
348.334,346.239,350.952
348.29,344.825,475.944
348.246,343.411,600.936
351.764,471.184,352.367
351.72,469.77,477.359
351.676,468.356,602.351
355.194,596.129,353.781
355.15,594.715,478.773
355.106,593.301,603.765
473.287,342.809,350.957
473.243,341.395,475.949
473.199,339.981,600.941
476.717,467.754,352.372
476.673,466.34,477.364
476.629,464.926,602.356
480.147,592.699,353.786
480.103,591.285,478.778
480.059,589.871,603.77
225.34,351.017,476.127
222.651,347.874,601.058
219.961,344.732,725.99
222.144,475.938,479.2
219.455,472.796,604.132
216.765,469.653,729.063
218.948,600.86,482.274
216.259,597.717,607.205
213.57,594.575,732.137
350.27,354.145,478.895
347.581,351.002,603.826
344.891,347.86,728.758
347.074,479.066,481.968
344.385,475.924,606.9
341.696,472.781,731.832
343.879,603.988,485.042
341.189,600.845,609.974
338.5,597.702,734.905
475.2,357.273,481.663
472.511,354.13,606.595
469.822,350.988,731.526
472.005,482.194,484.737
469.315,479.052,609.668
466.626,475.909,734.6
468.809,607.116,487.81
466.119,603.973,612.742
463.43,600.83,737.673
223.608,349.238,600.308
222.043,352.67,725.251
220.477,356.103,850.194
222.753,474.187,596.865
221.188,477.62,721.808
219.623,481.053,846.751
221.898,599.137,593.421
220.333,602.57,718.364
218.768,606.002,843.307
348.595,350.135,601.849
347.03,353.568,726.792
345.465,357.001,851.735
347.74,475.085,598.406
346.175,478.517,723.349
344.61,481.95,848.292
346.885,600.034,594.962
345.32,603.467,719.905
343.755,606.9,844.848
473.582,351.033,603.39
472.017,354.465,728.333
470.452,357.898,853.276
472.727,475.982,599.947
471.162,479.415,724.89
469.597,482.848,849.833
471.873,600.932,596.503
470.307,604.365,721.446
468.742,607.797,846.389
224.139,473.306,98.4292
222.521,475.798,223.394
220.902,478.29,348.359
223.538,598.279,95.929
221.919,600.771,220.894
220.301,603.264,345.858
222.937,723.253,93.4288
221.318,725.745,218.393
219.699,728.237,343.358
349.128,473.939,100.036
347.509,476.431,225
345.89,478.924,349.965
348.526,598.913,97.5353
346.908,601.405,222.5
345.289,603.897,347.465
347.925,723.886,95.0351
346.306,726.379,220
344.687,728.871,344.964
474.116,474.573,101.642
472.497,477.065,226.607
470.878,479.557,351.571
473.514,599.546,99.1417
471.896,602.039,224.106
470.277,604.531,349.071
472.913,724.52,96.6414
471.294,727.012,221.606
469.676,729.504,346.571
224.312,475.88,224.346
227.893,477.69,349.282
231.474,479.499,474.217
224.77,600.865,222.522
228.351,602.675,347.458
231.932,604.485,472.393
225.228,725.851,220.698
228.809,727.661,345.634
232.39,729.471,470.569
349.259,475.369,220.772
352.84,477.179,345.708
356.421,478.989,470.643
349.718,600.355,218.948
353.299,602.165,343.884
356.88,603.975,468.819
350.176,725.341,217.124
353.757,727.151,342.06
357.338,728.961,466.996
474.207,474.859,217.198
477.788,476.669,342.134
481.369,478.479,467.069
474.666,599.845,215.374
478.247,601.655,340.31
481.828,603.465,465.245
475.124,724.831,213.55
478.705,726.64,338.486
482.286,728.45,463.422
226.611,473.353,350.826
230.041,471.438,475.764
233.472,469.523,600.702
229.058,598.315,352.674
232.489,596.4,477.612
235.919,594.486,602.55
231.505,723.277,354.522
234.936,721.363,479.46
238.366,719.448,604.398
351.54,470.957,347.359
354.97,469.043,472.297
358.401,467.128,597.235
353.987,595.92,349.207
357.418,594.005,474.145
360.848,592.09,599.083
356.434,720.882,351.055
359.865,718.967,475.993
363.295,717.053,600.931
476.469,468.562,343.892
479.899,466.647,468.83
483.33,464.733,593.768
478.916,593.524,345.74
482.346,591.61,470.678
485.777,589.695,595.616
481.363,718.487,347.588
484.794,716.572,472.526
488.224,714.657,597.464
224.298,473.962,473.409
221.953,472.272,598.375
219.608,470.582,723.342
224.158,598.951,475.096
221.812,597.261,600.063
219.467,595.571,725.029
224.017,723.939,476.784
221.671,722.249,601.75
219.326,720.559,726.717
349.276,474.071,475.756
346.931,472.381,600.722
344.585,470.692,725.689
349.135,599.06,477.443
346.79,597.37,602.41
344.445,595.68,727.377
348.995,724.048,479.131
346.649,722.359,604.098
344.304,720.669,729.064
474.254,474.181,478.103
471.909,472.491,603.07
469.563,470.801,728.036
474.113,599.169,479.791
471.768,597.479,604.757
469.422,595.789,729.724
473.972,724.158,481.478
471.627,722.468,606.445
469.282,720.778,731.411
224.248,475.796,599.888
222.169,474.144,724.86
220.091,472.492,849.831
227.771,600.734,601.598
225.693,599.083,726.569
223.615,597.431,851.541
231.295,725.673,603.307
229.217,724.021,728.279
227.139,722.37,853.251
349.181,472.244,601.918
347.103,470.593,726.89
345.024,468.941,851.862
352.704,597.183,603.628
350.626,595.531,728.6
348.548,593.88,853.572
356.228,722.121,605.338
354.15,720.47,730.31
352.072,718.818,855.282
474.114,468.693,603.949
472.036,467.041,728.921
469.957,465.39,853.893
477.637,593.631,605.659
475.559,591.98,730.631
473.481,590.328,855.602
481.161,718.57,607.369
479.083,716.919,732.34
477.005,715.267,857.312
226.818,598.121,98.3196
225.879,598.255,223.316
224.939,598.389,348.312
227.168,723.12,98.1878
226.229,723.255,223.184
225.29,723.389,348.181
227.519,848.12,98.056
226.58,848.254,223.052
225.64,848.388,348.049
351.814,597.771,99.2592
350.874,597.906,224.256
349.935,598.04,349.252
352.164,722.771,99.1274
351.225,722.905,224.124
350.286,723.039,349.12
352.515,847.77,98.9955
351.576,847.904,223.992
350.636,848.039,348.988
476.81,597.422,100.199
475.87,597.556,225.195
474.931,597.69,350.192
477.16,722.421,100.067
476.221,722.555,225.063
475.282,722.69,350.06
477.511,847.421,99.9351
476.571,847.555,224.932
475.632,847.689,349.928
223.997,601.288,226.371
220.603,600.079,351.319
217.209,598.871,476.267
221.373,726.255,227.508
217.979,725.047,352.456
214.585,723.838,477.405
218.749,851.223,228.646
215.355,850.014,353.594
211.96,848.805,478.542
348.923,603.88,229.789
345.529,602.671,354.737
342.135,601.463,479.685
346.299,728.847,230.927
342.905,727.639,355.875
339.511,726.43,480.823
343.675,853.815,232.065
340.281,852.606,357.013
336.887,851.397,481.961
473.85,606.472,233.208
470.455,605.264,358.156
467.061,604.055,483.104
471.225,731.44,234.345
467.831,730.231,359.294
464.437,729.022,484.242
468.601,856.407,235.483
465.207,855.198,360.431
461.813,853.989,485.379
224.22,600.721,351.812
227.121,602.009,476.771
230.021,603.297,601.731
227.635,725.667,350.445
230.535,726.955,475.404
233.436,728.243,600.364
231.049,850.613,349.077
233.95,851.901,474.037
236.851,853.189,598.997
349.14,597.276,348.947
352.04,598.564,473.907
354.941,599.852,598.867
352.554,722.222,347.58
355.455,723.51,472.54
358.356,724.798,597.5
355.969,847.168,346.213
358.87,848.456,471.173
361.77,849.744,596.133
474.059,593.831,346.083
476.96,595.119,471.043
479.861,596.407,596.003
477.474,718.777,344.716
480.375,720.065,469.676
483.275,721.353,594.635
480.889,843.723,343.349
483.789,845.011,468.309
486.69,846.299,593.268
226.358,599.139,473.461
229.397,599.531,598.424
232.436,599.923,723.386
229.911,724.088,472.983
232.95,724.48,597.946
235.989,724.871,722.908
233.464,849.036,472.505
236.503,849.428,597.467
239.542,849.82,722.43
351.27,595.576,470.435
354.31,595.968,595.397
357.349,596.359,720.359
354.823,720.524,469.956
357.863,720.916,594.919
360.902,721.308,719.881
358.376,845.473,469.478
361.415,845.865,594.441
364.455,846.257,719.403
476.183,592.012,467.408
479.222,592.404,592.37
482.261,592.796,717.332
479.736,716.961,466.929
482.775,717.353,591.892
485.814,717.745,716.854
483.289,841.91,466.451
486.328,842.301,591.414
489.367,842.693,716.376
223.5,598.932,598.563
223.205,599.06,723.562
222.911,599.189,848.562
221.678,723.918,598.43
221.384,724.047,723.43
221.089,724.175,848.429
219.857,848.905,598.297
219.562,849.033,723.297
219.267,849.162,848.297
348.486,600.754,598.856
348.192,600.882,723.855
347.897,601.011,848.855
346.665,725.74,598.723
346.37,725.869,723.723
346.075,725.997,848.722
344.843,850.727,598.59
344.548,850.855,723.59
344.254,850.984,848.589
473.473,602.576,599.148
473.178,602.704,724.148
472.883,602.833,849.148
471.651,727.562,599.016
471.356,727.691,724.015
471.062,727.819,849.015
469.829,852.549,598.883
469.535,852.677,723.883
469.24,852.806,848.882
349.608,99.5567,101.034
346.138,100.413,225.982
342.668,101.269,350.931
350.925,224.547,100.214
347.455,225.403,225.163
343.985,226.26,350.111
352.242,349.537,99.3937
348.772,350.394,224.343
345.302,351.25,349.291
474.553,98.2634,104.512
471.083,99.1196,229.461
467.613,99.9759,354.41
475.87,223.254,103.692
472.4,224.11,228.641
468.93,224.966,353.59
477.187,348.244,102.872
473.717,349.1,227.821
470.247,349.957,352.77
599.498,96.97,107.991
596.028,97.8263,232.94
592.558,98.6825,357.889
600.815,221.96,107.171
597.345,222.817,232.12
593.875,223.673,357.069
602.132,346.951,106.351
598.662,347.807,231.3
595.192,348.663,356.249
350.639,99.293,223.095
348.116,97.4739,348.056
345.593,95.6548,473.017
352.393,224.267,224.949
349.87,222.448,349.911
347.347,220.629,474.872
354.148,349.241,226.804
351.625,347.422,351.765
349.102,345.603,476.727
475.601,97.5014,225.592
473.078,95.6823,350.553
470.555,93.8633,475.514
477.356,222.475,227.446
474.832,220.656,352.407
472.309,218.837,477.369
479.11,347.449,229.301
476.587,345.63,354.262
474.064,343.811,479.223
600.563,95.7098,228.088
598.04,93.8908,353.05
595.517,92.0717,478.011
602.318,220.684,229.943
599.795,218.865,354.904
597.272,217.046,479.866
604.072,345.658,231.798
601.549,343.839,356.759
599.026,342.02,481.72
349.387,100.397,349.021
350.377,104.144,473.961
351.367,107.892,598.901
349.129,225.34,345.275
350.119,229.088,470.215
351.109,232.836,595.155
348.871,350.284,341.529
349.861,354.032,466.469
350.851,357.779,591.409
474.383,100.625,348.024
475.373,104.373,472.963
476.363,108.121,597.903
474.125,225.568,344.278
475.115,229.316,469.218
476.105,233.064,594.157
473.867,350.512,340.532
474.857,354.26,465.472
475.847,358.008,590.411
599.379,100.853,347.026
600.369,104.601,471.966
601.359,108.349,596.906
599.121,225.797,343.28
600.111,229.544,468.22
601.101,233.292,593.16
598.863,350.74,339.534
599.853,354.488,464.474
600.843,358.236,589.414
349.741,101.349,473.162
348.875,99.2441,598.141
348.008,97.1393,723.12
346.321,226.285,475.242
345.455,224.18,600.221
344.588,222.075,725.201
342.901,351.221,477.322
342.035,349.116,602.302
341.168,347.011,727.281
474.691,104.754,474.085
473.825,102.649,599.065
472.959,100.544,724.044
471.271,229.69,476.166
470.405,227.585,601.145
469.539,225.48,726.124
467.851,354.626,478.246
466.985,352.521,603.225
466.119,350.416,728.205
599.642,108.159,475.009
598.775,106.054,599.988
597.909,103.949,724.968
596.222,233.095,477.089
595.355,230.99,602.069
594.489,228.885,727.048
592.802,358.031,479.17
591.935,355.926,604.149
591.069,353.821,729.128
349.559,99.577,601.267
352.13,96.3568,726.199
354.701,93.1365,851.132
345.894,224.48,604.562
348.465,221.26,729.494
351.036,218.039,854.426
342.23,349.383,607.857
344.801,346.162,732.789
347.371,342.942,857.721
474.479,103.307,598.793
477.05,100.087,723.725
479.62,96.867,848.657
470.814,228.21,602.088
473.385,224.99,727.02
475.956,221.77,851.952
467.15,353.113,605.383
469.72,349.893,730.315
472.291,346.673,855.247
599.399,107.038,596.319
601.969,103.818,721.251
604.54,100.597,846.183
595.734,231.941,599.614
598.305,228.72,724.546
600.876,225.5,849.478
592.069,356.843,602.908
594.64,353.623,727.841
597.211,350.403,852.773
348.942,226.593,100.961
351.414,227.614,225.932
353.886,228.635,350.903
349.702,351.586,99.9242
352.174,352.608,224.896
354.646,353.629,349.867
350.462,476.58,98.8878
352.934,477.601,223.859
355.406,478.622,348.831
473.916,225.813,98.495
476.388,226.834,223.466
478.86,227.855,348.438
474.676,350.806,97.4586
477.147,351.827,222.43
479.619,352.849,347.401
475.435,475.8,96.4223
477.907,476.821,221.394
480.379,477.842,346.365
598.889,225.033,96.0294
601.361,226.054,221.001
603.833,227.075,345.972
599.649,350.026,94.993
602.121,351.047,219.964
604.593,352.069,344.936
600.409,475.02,93.9567
602.881,476.041,218.928
605.353,477.062,343.899
349.93,225.532,225.862
351.315,228.423,350.821
352.699,231.315,475.78
350.731,350.495,222.962
352.115,353.387,347.921
353.5,356.279,472.879
351.531,475.459,220.061
352.916,478.351,345.02
354.3,481.243,469.979
474.92,224.699,224.497
476.305,227.591,349.456
477.689,230.483,474.415
475.721,349.663,221.596
477.105,352.555,346.555
478.489,355.447,471.514
476.521,474.627,218.695
477.905,477.519,343.654
479.29,480.411,468.613
599.91,223.867,223.131
601.294,226.759,348.09
602.679,229.651,473.049
600.71,348.831,220.231
602.095,351.723,345.189
603.479,354.615,470.148
601.511,473.795,217.33
602.895,476.687,342.289
604.28,479.578,467.248
350.525,223.028,349.852
349.011,226.486,474.795
347.497,229.943,599.738
347.592,347.945,346.36
346.077,351.403,471.303
344.563,354.86,596.246
344.658,472.862,342.868
343.143,476.319,467.811
341.629,479.777,592.754
475.482,226.003,351.284
473.968,229.461,476.227
472.453,232.918,601.17
472.548,350.92,347.792
471.034,354.377,472.735
469.52,357.835,597.678
469.614,475.837,344.3
468.1,479.294,469.243
466.586,482.752,594.186
600.438,228.978,352.716
598.924,232.436,477.659
597.41,235.893,602.602
597.504,353.895,349.224
595.99,357.352,474.167
594.476,360.81,599.11
594.57,478.812,345.732
593.056,482.269,470.675
591.542,485.727,595.618
349.102,225.466,473.047
345.975,222.989,597.984
342.849,220.512,722.92
345.641,350.395,475.438
342.515,347.918,600.374
339.388,345.441,725.31
342.18,475.325,477.828
339.054,472.847,602.764
335.927,470.37,727.701
474.015,228.865,476.241
470.888,226.388,601.177
467.762,223.911,726.113
470.554,353.795,478.631
467.428,351.317,603.567
464.301,348.84,728.504
467.093,478.724,481.022
463.967,476.247,605.958
460.84,473.77,730.894
598.928,232.265,479.434
595.801,229.788,604.371
592.675,227.31,729.307
595.467,357.194,481.825
592.34,354.717,606.761
589.214,352.24,731.697
592.006,482.123,484.215
588.88,479.646,609.151
585.753,477.169,734.088
349.369,225.72,599.551
348.21,229.255,724.496
347.051,232.789,849.44
349.776,350.67,596.02
348.617,354.204,720.965
347.458,357.738,845.91
350.183,475.619,592.49
349.024,479.154,717.434
347.866,482.688,842.379
474.363,225.346,600.721
473.204,228.881,725.666
472.045,232.415,850.61
474.77,350.296,597.19
473.611,353.83,722.135
472.452,357.364,847.08
475.177,475.245,593.66
474.018,478.779,718.604
472.859,482.314,843.549
599.357,224.972,601.891
598.198,228.506,726.836
597.039,232.041,851.78
599.764,349.922,598.36
598.605,353.456,723.305
597.446,356.99,848.25
600.171,474.871,594.83
599.012,478.405,719.774
597.853,481.94,844.719
350.892,349.765,98.453
352.527,350.107,223.442
354.162,350.449,348.431
351.256,474.764,98.1063
352.891,475.106,223.095
354.526,475.448,348.084
351.62,599.763,97.7595
353.255,600.105,222.748
354.89,600.447,347.737
475.881,349.397,96.8192
477.516,349.739,221.808
479.151,350.08,346.797
476.245,474.396,96.4724
477.88,474.737,221.461
479.515,475.079,346.45
476.609,599.395,96.1256
478.244,599.736,221.114
479.879,600.078,346.103
600.87,349.028,95.1853
602.505,349.37,220.174
604.14,349.712,345.163
601.234,474.027,94.8385
602.869,474.369,219.827
604.504,474.711,344.816
601.598,599.026,94.4918
603.233,599.368,219.481
604.868,599.71,344.469
349.778,351.626,225.858
351.54,352.895,350.839
353.303,354.163,475.82
350.398,476.618,224.58
352.16,477.886,349.561
353.923,479.155,474.542
351.017,601.61,223.302
352.78,602.878,348.284
354.543,604.147,473.265
474.764,350.988,224.101
476.526,352.257,349.083
478.289,353.526,474.064
475.384,475.98,222.824
477.146,477.249,347.805
478.909,478.517,472.786
476.003,600.972,221.546
477.766,602.241,346.527
479.529,603.509,471.509
599.75,350.35,222.345
601.513,351.619,347.326
603.275,352.888,472.308
600.37,475.342,221.068
602.132,476.611,346.049
603.895,477.88,471.03
600.989,600.334,219.79
602.752,601.603,344.771
604.515,602.872,469.752
348.295,349.011,351.121
346.195,349.014,476.104
344.094,349.017,601.086
348.222,474.011,351.117
346.121,474.014,476.099
344.021,474.017,601.082
348.149,599.011,351.113
346.048,599.014,476.095
343.948,599.017,601.077
473.277,349.084,353.222
471.177,349.088,478.204
469.076,349.091,603.187
473.204,474.084,353.218
471.104,474.087,478.2
469.003,474.091,603.182
473.131,599.084,353.213
471.031,599.087,478.196
468.93,599.091,603.178
598.26,349.158,355.323
596.159,349.161,480.305
594.059,349.164,605.287
598.187,474.158,355.318
596.086,474.161,480.301
593.985,474.164,605.283
598.114,599.158,355.314
596.013,599.161,480.296
593.912,599.164,605.279
349.379,350.393,473.859
352.71,352.317,598.8
356.041,354.241,723.74
353.064,475.322,471.837
356.395,477.246,596.778
359.726,479.17,721.718
356.749,600.251,469.815
360.08,602.175,594.755
363.411,604.099,719.696
474.28,346.655,470.586
477.611,348.579,595.527
480.942,350.504,720.468
477.965,471.585,468.564
481.296,473.509,593.505
484.627,475.433,718.446
481.65,596.514,466.542
484.981,598.438,591.483
488.313,600.362,716.424
599.181,342.918,467.314
602.512,344.842,592.255
605.843,346.766,717.195
602.866,467.847,465.292
606.198,469.771,590.232
609.529,471.695,715.173
606.552,592.777,463.27
609.883,594.701,588.21
613.214,596.625,713.151
350.309,348.934,600.482
349.29,350.751,725.465
348.27,352.568,850.447
350.574,473.92,598.667
349.554,475.738,723.649
348.535,477.555,848.632
350.839,598.907,596.852
349.819,600.724,721.834
348.8,602.541,846.817
475.304,348.684,601.505
474.285,350.501,726.488
473.266,352.318,851.47
475.569,473.67,599.69
474.55,475.487,724.673
473.531,477.305,849.655
475.834,598.657,597.875
474.815,600.474,722.857
473.796,602.291,847.84
600.3,348.434,602.528
599.281,350.251,727.511
598.261,352.068,852.493
600.565,473.42,600.713
599.546,475.237,725.696
598.526,477.055,850.678
600.83,598.407,598.898
599.81,600.224,723.88
598.791,602.041,848.863
350.237,474.555,101.352
353.304,474.659,226.314
356.372,474.763,351.277
350.985,599.553,101.23
354.052,599.657,226.192
357.12,599.761,351.154
351.733,724.551,101.108
354.8,724.655,226.07
357.868,724.759,351.032
475.197,473.805,98.285
478.265,473.909,223.247
481.332,474.012,348.21
475.945,598.802,98.1627
479.013,598.906,223.125
482.08,599.01,348.087
476.693,723.8,98.0404
479.76,723.904,223.003
482.828,724.008,347.965
600.157,473.054,95.2179
603.225,473.158,220.18
606.292,473.262,345.142
600.905,598.052,95.0955
603.973,598.155,220.058
607.04,598.259,345.02
601.653,723.049,94.9732
604.721,723.153,219.936
607.788,723.257,344.898
350.267,476.161,223.582
350.684,475.445,348.58
351.1,474.729,473.577
353.768,601.11,224.286
354.185,600.394,349.284
354.601,599.678,474.281
357.27,726.059,224.99
357.686,725.343,349.988
358.102,724.627,474.985
475.218,472.662,223.146
475.634,471.946,348.143
476.05,471.23,473.141
478.719,597.611,223.85
479.135,596.895,348.847
479.551,596.179,473.845
482.22,722.56,224.554
482.636,721.844,349.552
483.052,721.128,474.549
600.168,469.163,222.71
600.584,468.447,347.707
601,467.731,472.705
603.669,594.112,223.414
604.085,593.396,348.411
604.502,592.68,473.409
607.17,719.061,224.118
607.586,718.345,349.115
608.003,717.629,474.113
350.28,475.13,348.539
353.556,478.22,473.458
356.832,481.311,598.377
348.485,600.08,345.495
351.761,603.17,470.414
355.037,606.261,595.333
346.689,725.03,342.451
349.965,728.121,467.37
353.241,731.211,592.289
475.225,476.844,345.22
478.5,479.935,470.139
481.776,483.026,595.058
473.429,601.794,342.176
476.705,604.885,467.095
479.981,607.976,592.014
471.634,726.744,339.132
474.91,729.835,464.051
478.185,732.926,588.97
600.169,478.559,341.901
603.445,481.649,466.82
606.721,484.74,591.739
598.373,603.509,338.857
601.649,606.6,463.776
604.925,609.69,588.695
596.578,728.459,335.813
599.854,731.55,460.732
603.13,734.64,585.651
349.638,474.149,473.252
346.331,472.634,598.199
343.024,471.12,723.146
350.132,599.138,474.78
346.825,597.624,599.727
343.518,596.109,724.674
350.625,724.128,476.308
347.318,722.614,601.255
344.012,721.099,726.202
474.593,473.615,476.552
471.286,472.1,601.499
467.98,470.586,726.447
475.087,598.604,478.08
471.78,597.09,603.028
468.473,595.576,727.975
475.58,723.594,479.608
472.274,722.08,604.556
468.967,720.565,729.503
599.548,473.081,479.853
596.242,471.566,604.8
592.935,470.052,729.747
600.042,598.071,481.381
596.735,596.556,606.328
593.428,595.042,731.275
600.536,723.06,482.909
597.229,721.546,607.856
593.922,720.031,732.803
351.056,474.143,601.929
353.079,474.968,726.91
355.103,475.794,851.89
352.685,599.129,601.077
354.708,599.955,726.058
356.732,600.78,851.039
354.313,724.116,600.225
356.337,724.941,725.206
358.361,725.767,850.187
476.029,472.5,599.916
478.052,473.326,724.897
480.076,474.152,849.878
477.658,597.487,599.064
479.681,598.312,724.045
481.705,599.138,849.026
479.286,722.473,598.212
481.31,723.299,723.193
483.334,724.125,848.174
601.002,470.858,597.903
603.025,471.684,722.884
605.049,472.509,847.865
602.631,595.845,597.051
604.654,596.67,722.032
606.678,597.496,847.013
604.26,720.831,596.2
606.283,721.657,721.18
608.307,722.482,846.161
348.28,601.583,101.79
350.715,600.9,226.764
353.149,600.218,351.739
347.366,726.577,102.49
349.801,725.895,227.464
352.235,725.213,352.439
346.452,851.572,103.19
348.887,850.89,228.165
351.321,850.208,353.139
473.253,602.51,99.3604
475.688,601.828,224.335
478.122,601.146,349.309
472.339,727.505,100.061
474.774,726.822,225.035
477.208,726.14,350.009
471.425,852.499,100.761
473.86,851.817,225.735
476.294,851.135,350.71
598.226,603.437,96.9311
600.661,602.755,221.905
603.095,602.073,346.88
597.312,728.432,97.6313
599.747,727.75,222.606
602.181,727.068,347.58
596.398,853.427,98.3315
598.833,852.745,223.306
601.267,852.062,348.28
349.602,598.914,226.183
350.008,600.158,351.176
350.414,601.403,476.169
346.404,723.867,224.95
346.81,725.111,349.943
347.216,726.356,474.936
343.207,848.82,223.716
343.613,850.065,348.709
344.019,851.309,473.703
474.56,602.108,225.745
474.966,603.352,350.738
475.372,604.596,475.731
471.363,727.061,224.512
471.769,728.305,349.505
472.175,729.549,474.498
468.165,852.014,223.279
468.571,853.258,348.272
468.977,854.502,473.265
599.519,605.301,225.307
599.925,606.545,350.301
600.331,607.79,475.294
596.321,730.254,224.074
596.727,731.499,349.067
597.133,732.743,474.06
593.123,855.207,222.841
593.529,856.452,347.834
593.936,857.696,472.827
348.96,599.58,348.492
345.448,599.869,473.442
341.937,600.159,598.392
352.496,724.529,348.301
348.984,724.819,473.252
345.473,725.109,598.202
356.032,849.479,348.111
352.52,849.769,473.061
349.009,850.059,598.012
473.861,596.05,352.01
470.349,596.34,476.96
466.837,596.63,601.911
477.397,721,351.82
473.885,721.29,476.77
470.373,721.58,601.72
480.933,845.95,351.629
477.421,846.24,476.58
473.909,846.53,601.53
598.761,592.521,355.528
595.25,592.811,480.479
591.738,593.101,605.429
602.297,717.471,355.338
598.786,717.761,480.288
595.274,718.051,605.239
605.833,842.421,355.148
602.322,842.711,480.098
598.81,843,605.048
351.656,600.987,475.47
354.45,602.544,600.429
357.244,604.101,725.388
351.905,725.977,473.907
354.699,727.534,598.866
357.493,729.091,723.825
352.154,850.967,472.344
354.948,852.524,597.303
357.742,854.081,722.262
476.624,600.703,472.679
479.419,602.26,597.638
482.213,603.817,722.597
476.873,725.693,471.116
479.668,727.25,596.075
482.462,728.807,721.034
477.122,850.683,469.553
479.916,852.24,594.512
482.711,853.797,719.471
601.593,600.419,469.888
604.387,601.976,594.847
607.181,603.533,719.806
601.842,725.409,468.325
604.636,726.966,593.284
607.43,728.523,718.243
602.091,850.399,466.762
604.885,851.956,591.721
607.679,853.513,716.68
350.827,601.428,601.837
351.665,604.67,726.792
352.504,607.912,851.747
353.179,726.363,598.579
354.017,729.605,723.534
354.856,732.848,848.489
355.531,851.299,595.322
356.369,854.541,720.277
357.208,857.783,845.232
475.802,599.055,601.06
476.641,602.297,726.015
477.479,605.539,850.97
478.154,723.99,597.802
478.992,727.232,722.757
479.831,730.475,847.713
480.506,848.926,594.545
481.344,852.168,719.5
482.183,855.41,844.455
600.777,596.682,600.283
601.616,599.924,725.238
602.454,603.166,850.193
603.129,721.617,597.026
603.968,724.86,721.981
604.806,728.102,846.936
605.481,846.553,593.768
606.32,849.795,718.723
607.158,853.037,843.678
474.011,101.963,100.398
471.491,101.168,225.37
468.97,100.372,350.342
472.441,226.951,101.161
469.92,226.155,226.133
467.4,225.36,351.105
470.871,351.938,101.925
468.35,351.143,226.897
465.829,350.348,351.869
598.976,103.517,102.928
596.455,102.722,227.9
593.935,101.927,352.872
597.406,228.505,103.692
594.885,227.71,228.664
592.364,226.915,353.636
595.835,353.493,104.455
593.315,352.698,229.427
590.794,351.903,354.399
723.941,105.072,105.459
721.42,104.277,230.431
718.899,103.482,355.403
722.37,230.06,106.222
719.85,229.265,231.194
717.329,228.469,356.166
720.8,355.048,106.986
718.279,354.252,231.958
715.759,353.457,356.93
476.191,99.5276,224.851
478.789,99.7394,349.824
481.387,99.9511,474.797
472.839,224.483,224.709
475.437,224.694,349.682
478.035,224.906,474.655
469.487,349.438,224.567
472.085,349.649,349.54
474.683,349.861,474.513
601.119,102.876,222.248
603.717,103.088,347.221
606.315,103.299,472.194
597.767,227.831,222.106
600.365,228.043,347.079
602.963,228.254,472.052
594.415,352.786,221.964
597.013,352.997,346.937
599.611,353.209,471.91
726.047,106.224,219.645
728.645,106.436,344.618
731.243,106.647,469.591
722.695,231.179,219.503
725.293,231.391,344.476
727.891,231.602,469.449
719.343,356.134,219.361
721.941,356.346,344.334
724.539,356.557,469.307
473.51,99.4276,349.885
472.256,96.7282,474.849
471.002,94.0288,599.814
469.875,224.346,352.547
468.622,221.647,477.511
467.368,218.948,602.476
466.241,349.265,355.209
464.987,346.566,480.173
463.734,343.866,605.138
598.451,103.034,351.216
597.197,100.335,476.181
595.943,97.6356,601.145
594.816,227.953,353.878
593.562,225.254,478.842
592.309,222.554,603.807
591.182,352.872,356.54
589.928,350.173,481.504
588.674,347.473,606.469
723.391,106.641,352.547
722.138,103.942,477.512
720.884,101.242,602.476
719.757,231.56,355.209
718.503,228.86,480.174
717.25,226.161,605.138
716.123,356.479,357.871
714.869,353.779,482.836
713.615,351.08,607.8
473.27,101.856,473.586
471.03,98.207,598.513
468.789,94.558,723.44
471.757,226.794,477.209
469.517,223.145,602.135
467.276,219.496,727.062
470.244,351.733,480.831
468.004,348.084,605.758
465.763,344.435,730.684
598.241,103.303,475.87
596,99.6542,600.797
593.76,96.0051,725.723
596.728,228.242,479.492
594.487,224.593,604.419
592.247,220.943,729.345
595.215,353.18,483.114
592.975,349.531,608.041
590.734,345.882,732.968
723.212,104.75,478.153
720.971,101.101,603.08
718.731,97.4522,728.007
721.699,229.689,481.776
719.458,226.04,606.702
717.218,222.391,731.629
720.186,354.627,485.398
717.945,350.978,610.324
715.705,347.329,735.251
476.434,100.179,598.162
478.043,98.5528,723.141
479.652,96.9262,848.12
479.289,225.137,599.752
480.898,223.51,724.731
482.507,221.883,849.71
482.144,350.094,601.341
483.753,348.467,726.32
485.362,346.841,851.299
601.391,97.3456,596.516
603,95.719,721.495
604.609,94.0923,846.474
604.246,222.303,598.106
605.855,220.676,723.085
607.464,219.05,848.064
607.101,347.26,599.696
608.71,345.634,724.675
610.319,344.007,849.654
726.348,94.5117,594.871
727.957,92.8851,719.85
729.566,91.2585,844.829
729.203,219.469,596.46
730.812,217.842,721.439
732.421,216.216,846.418
732.058,344.426,598.05
733.667,342.8,723.029
735.276,341.173,848.008
475.171,226.363,100.357
474.661,226.826,225.356
474.152,227.289,350.354
475.041,351.362,99.894
474.531,351.825,224.892
474.021,352.288,349.89
474.91,476.362,99.4306
474.401,476.824,224.429
473.891,477.287,349.427
600.17,226.496,100.867
599.66,226.958,225.865
599.151,227.421,350.863
600.04,351.495,100.403
599.53,351.957,225.401
599.02,352.42,350.399
599.909,476.494,99.9398
599.4,476.957,224.938
598.89,477.419,349.936
725.169,226.628,101.376
724.659,227.091,226.374
724.15,227.553,351.372
725.039,351.627,100.912
724.529,352.09,225.91
724.019,352.553,350.908
724.908,476.626,100.449
724.399,477.089,225.447
723.889,477.552,350.445
474.293,225.874,224.136
476.386,228.402,349.093
478.48,230.93,474.05
473.023,350.842,221.629
475.116,353.37,346.586
477.21,355.898,471.543
471.753,475.81,219.122
473.847,478.338,344.079
475.94,480.866,469.036
599.269,227.101,222.018
601.362,229.629,346.974
603.456,232.157,471.931
597.999,352.069,219.511
600.092,354.597,344.467
602.186,357.126,469.424
596.729,477.038,217.004
598.823,479.566,341.961
600.916,482.094,466.917
724.245,228.329,219.899
726.338,230.857,344.856
728.432,233.385,469.813
722.975,353.297,217.392
725.069,355.825,342.349
727.162,358.353,467.306
721.705,478.265,214.885
723.799,480.793,339.842
725.892,483.321,464.799
475.931,223.013,349.09
477.059,222.866,474.085
478.187,222.719,599.08
478.837,347.979,349.211
479.965,347.833,474.206
481.093,347.686,599.201
481.744,472.946,349.332
482.871,472.799,474.327
483.999,472.652,599.321
600.892,220.108,347.96
602.02,219.961,472.954
603.148,219.814,597.949
603.798,345.074,348.08
604.926,344.928,473.075
606.054,344.781,598.07
606.705,470.041,348.201
607.832,469.894,473.196
608.96,469.747,598.19
725.853,217.203,346.829
726.981,217.056,471.823
728.109,216.909,596.818
728.76,342.169,346.949
729.887,342.022,471.944
731.015,341.876,596.939
731.666,467.136,347.07
732.794,466.989,472.065
733.921,466.842,597.06
473.238,225.877,476.547
473.03,224.535,601.54
472.823,223.193,726.533
471.833,350.862,477.887
471.626,349.52,602.88
471.418,348.177,727.873
470.428,475.847,479.227
470.221,474.505,604.22
470.013,473.162,729.213
598.23,227.28,476.77
598.022,225.938,601.762
597.815,224.595,726.755
596.825,352.265,478.11
596.618,350.923,603.102
596.41,349.58,728.095
595.42,477.25,479.45
595.213,475.907,604.443
595.005,474.565,729.435
723.222,228.683,476.992
723.014,227.34,601.985
722.807,225.998,726.978
721.817,353.668,478.332
721.609,352.325,603.325
721.402,350.983,728.318
720.412,478.652,479.672
720.205,477.31,604.665
719.997,475.968,729.658
474.147,226.814,600.487
473.768,228.585,725.474
473.389,230.357,850.461
472.003,351.783,598.71
471.624,353.554,723.696
471.245,355.326,848.683
469.859,476.752,596.932
469.48,478.523,721.919
469.101,480.294,846.906
599.128,228.964,600.836
598.749,230.735,725.823
598.37,232.506,850.809
596.984,353.932,599.058
596.605,355.704,724.045
596.226,357.475,849.032
594.84,478.901,597.281
594.461,480.673,722.267
594.082,482.444,847.254
724.109,231.113,601.184
723.73,232.884,726.171
723.351,234.656,851.158
721.965,356.082,599.407
721.586,357.853,724.394
721.207,359.625,849.38
719.821,481.051,597.629
719.442,482.822,722.616
719.063,484.593,847.603
475.361,350.5,98.2949
476.479,354.177,223.236
477.597,357.854,348.177
472.06,475.403,94.6484
473.179,479.08,219.589
474.297,482.757,344.53
468.76,600.306,91.0019
469.878,603.983,215.943
470.997,607.661,340.884
600.312,353.766,97.0806
601.43,357.443,222.021
602.548,361.12,346.962
597.012,478.669,93.4341
598.13,482.346,218.375
599.248,486.023,343.316
593.712,603.572,89.7876
594.83,607.249,214.729
595.948,610.927,339.669
725.263,357.032,95.8663
726.382,360.709,220.807
727.5,364.386,345.748
721.963,481.935,92.2198
723.081,485.612,217.161
724.2,489.289,342.102
718.663,606.838,88.5733
719.781,610.515,213.514
720.899,614.193,338.455
473.15,348.981,226.832
474.94,352.497,351.769
476.73,356.012,476.707
474.465,473.924,223.297
476.255,477.44,348.235
478.045,480.955,473.173
475.78,598.868,219.763
477.57,602.383,344.7
479.36,605.899,469.638
598.13,347.616,225.079
599.92,351.132,350.017
601.71,354.647,474.955
599.445,472.56,221.545
601.235,476.075,346.483
603.025,479.59,471.42
600.76,597.503,218.01
602.55,601.018,342.948
604.34,604.534,467.886
723.11,346.251,223.327
724.9,349.767,348.265
726.69,353.282,473.202
724.425,471.195,219.792
726.215,474.71,344.73
728.005,478.226,469.668
725.74,596.138,216.258
727.53,599.653,341.196
729.32,603.169,466.133
473.344,349.731,349.26
474.396,346.732,474.219
475.448,343.733,599.179
475.354,474.679,352.242
476.407,471.68,477.201
477.459,468.681,602.161
477.365,599.628,355.224
478.418,596.628,480.183
479.47,593.629,605.143
598.323,347.746,348.16
599.375,344.747,473.119
600.428,341.748,598.079
600.334,472.694,351.142
601.386,469.695,476.101
602.439,466.696,601.061
602.345,597.642,354.124
603.397,594.643,479.083
604.45,591.644,604.043
723.302,345.761,347.059
724.355,342.762,472.019
725.407,339.762,596.979
725.313,470.709,350.041
726.366,467.71,475.001
727.418,464.711,599.961
727.324,595.657,353.023
728.377,592.658,477.983
729.429,589.659,602.943
474.778,350.041,476.298
477.206,349.342,601.273
479.634,348.642,726.247
476.726,475.024,476.96
479.154,474.325,601.935
481.582,473.625,726.909
478.674,600.007,477.622
481.102,599.308,602.596
483.529,598.608,727.571
599.739,348.106,473.86
602.167,347.407,598.835
604.595,346.707,723.809
601.687,473.09,474.522
604.115,472.39,599.496
606.543,471.69,724.471
603.635,598.073,475.184
606.063,597.373,600.158
608.491,596.674,725.132
724.701,346.172,471.422
727.128,345.472,596.396
729.556,344.773,721.371
726.648,471.155,472.083
729.076,470.455,597.058
731.504,469.756,722.032
728.596,596.138,472.745
731.024,595.438,597.72
733.452,594.739,722.694
473.486,351.16,598.091
473.109,353.674,723.065
472.733,356.188,848.039
474.483,476.131,595.58
474.107,478.645,720.554
473.731,481.159,845.528
475.481,601.102,593.069
475.105,603.616,718.043
474.728,606.13,843.017
598.481,350.17,598.487
598.105,352.684,723.461
597.729,355.198,848.435
599.479,475.141,595.976
599.102,477.655,720.95
598.726,480.169,845.924
600.476,600.112,593.465
600.1,602.626,718.439
599.724,605.14,843.413
723.477,349.18,598.883
723.1,351.694,723.857
722.724,354.208,848.831
724.474,474.151,596.372
724.098,476.665,721.346
723.722,479.179,846.32
725.472,599.122,593.861
725.096,601.636,718.835
724.719,604.15,843.809
475.805,474.601,100.266
473.5,472.992,225.234
471.195,471.383,350.203
478.197,599.567,101.919
475.892,597.958,226.888
473.587,596.349,351.856
480.589,724.533,103.573
478.284,722.924,228.541
475.979,721.315,353.509
600.761,472.179,102.54
598.456,470.57,227.508
596.151,468.961,352.476
603.153,597.145,104.193
600.847,595.536,229.161
598.542,593.927,354.13
605.544,722.112,105.846
603.239,720.502,230.815
600.934,718.893,355.783
725.716,469.757,104.813
723.411,468.148,229.782
721.106,466.539,354.75
728.108,594.724,106.467
725.803,593.114,231.435
723.498,591.505,356.403
730.5,719.69,108.12
728.195,718.081,233.088
725.89,716.471,358.057
474.401,476.965,224.832
474.138,480.704,349.776
473.874,484.443,474.72
473.92,601.908,221.092
473.656,605.647,346.036
473.393,609.386,470.98
473.438,726.851,217.352
473.174,730.59,342.296
472.911,734.329,467.24
599.4,477.454,225.081
599.137,481.193,350.025
598.873,484.932,474.969
598.919,602.397,221.341
598.655,606.136,346.285
598.391,609.875,471.229
598.437,727.341,217.601
598.173,731.079,342.545
597.91,734.818,467.489
724.399,477.944,225.33
724.136,481.683,350.274
723.872,485.421,475.218
723.917,602.887,221.59
723.654,606.626,346.534
723.39,610.365,471.478
723.436,727.83,217.85
723.172,731.569,342.794
722.909,735.308,467.738
473.788,474.708,351.989
477.298,472.195,476.915
480.808,469.681,601.84
472.853,599.679,354.53
476.363,597.165,479.455
479.873,594.652,604.381
471.918,724.649,357.07
475.428,722.136,481.996
478.937,719.623,606.921
598.735,475.714,348.499
602.245,473.201,473.425
605.755,470.687,598.35
597.8,600.685,351.04
601.31,598.171,475.965
604.82,595.658,600.89
596.865,725.655,353.58
600.375,723.142,478.505
603.885,720.629,603.431
723.683,476.72,345.009
727.192,474.207,469.934
730.702,471.693,594.86
722.747,601.691,347.549
726.257,599.177,472.475
729.767,596.664,597.4
721.812,726.661,350.09
725.322,724.148,475.015
728.832,721.635,599.941
473.06,474.491,474.058
472.132,477.98,599.006
471.205,481.469,723.954
471.466,599.432,470.557
470.539,602.921,595.505
469.611,606.41,720.453
469.872,724.373,467.056
468.945,727.862,592.004
468.018,731.351,716.952
598.046,476.11,474.94
597.119,479.599,599.888
596.191,483.088,724.836
596.452,601.051,471.44
595.525,604.54,596.388
594.598,608.029,721.335
594.859,725.992,467.939
593.931,729.481,592.887
593.004,732.97,717.835
723.032,477.729,475.823
722.105,481.218,600.771
721.178,484.707,725.719
721.439,602.67,472.322
720.511,606.159,597.27
719.584,609.648,722.218
719.845,727.611,468.821
718.918,731.1,593.769
717.99,734.589,718.717
474.248,474.47,599.294
477.63,470.829,724.195
481.012,467.189,849.096
471.766,599.39,603.002
475.148,595.75,727.903
478.529,592.109,852.805
469.284,724.31,606.71
472.666,720.67,731.612
476.047,717.029,856.513
599.178,477.05,595.987
602.56,473.41,720.888
605.941,469.769,845.789
596.696,601.971,599.695
600.078,598.33,724.596
603.459,594.689,849.497
594.214,726.891,603.403
597.595,723.25,728.305
600.977,719.61,853.206
724.108,479.631,592.68
727.489,475.99,717.581
730.871,472.35,842.482
721.626,604.551,596.388
725.007,600.91,721.289
728.389,597.27,846.19
719.143,729.471,600.096
722.525,725.831,724.997
725.907,722.19,849.899
476.977,598.961,98.8296
476.704,598.747,223.829
476.432,598.532,348.829
475.296,723.95,99.0403
475.024,723.735,224.04
474.752,723.521,349.039
473.616,848.938,99.251
473.344,848.724,224.25
473.072,848.509,349.25
601.965,600.641,99.1048
601.693,600.426,224.104
601.42,600.212,349.104
600.285,725.629,99.3155
600.013,725.415,224.315
599.74,725.201,349.315
598.605,850.618,99.5261
598.332,850.404,224.526
598.06,850.189,349.525
726.953,602.321,99.38
726.681,602.106,224.38
726.409,601.892,349.379
725.273,727.309,99.5907
725.001,727.095,224.59
724.729,726.88,349.59
723.593,852.298,99.8013
723.321,852.083,224.801
723.048,851.869,349.8
475.379,599.22,225.047
472.271,600.347,350.003
469.164,601.474,474.959
479.002,724.163,224.01
475.895,725.29,348.966
472.787,726.417,473.923
482.626,849.106,222.973
479.518,850.233,347.93
476.411,851.36,472.886
600.288,595.624,228.185
597.18,596.751,353.142
594.073,597.878,478.098
603.911,720.567,227.149
600.804,721.694,352.105
597.696,722.821,477.061
607.535,845.51,226.112
604.427,846.637,351.068
601.32,847.764,476.025
725.197,592.027,231.324
722.089,593.154,356.28
718.982,594.281,481.237
728.82,716.97,230.287
725.713,718.097,355.244
722.605,719.224,480.2
732.444,841.913,229.251
729.336,843.04,354.207
726.229,844.167,479.163
476.43,600.213,348.43
476.91,596.56,473.375
477.39,592.907,598.321
474.555,725.145,352.089
475.035,721.492,477.035
475.515,717.839,601.981
472.68,850.077,355.749
473.16,846.424,480.695
473.64,842.772,605.64
601.415,602.1,348.005
601.895,598.448,472.95
602.375,594.795,597.896
599.54,727.033,351.664
600.02,723.38,476.61
600.5,719.727,601.556
597.665,851.965,355.324
598.145,848.312,480.27
598.625,844.66,605.215
726.4,603.988,347.58
726.88,600.336,472.525
727.36,596.683,597.471
724.525,728.921,351.239
725.005,725.268,476.185
725.485,721.615,601.131
722.65,853.853,354.899
723.13,850.2,479.845
723.61,846.547,604.79
475.644,601.502,474.605
475.473,598.613,599.572
475.301,595.724,724.538
477.377,726.457,477.496
477.206,723.568,602.463
477.035,720.679,727.429
479.11,851.412,480.387
478.939,848.523,605.354
478.768,845.634,730.32
600.632,599.766,474.736
600.46,596.877,599.703
600.289,593.988,724.669
602.365,724.72,477.627
602.194,721.831,602.594
602.022,718.942,727.56
604.098,849.675,480.518
603.927,846.786,605.485
603.756,843.897,730.451
725.62,598.029,474.867
725.448,595.14,599.834
725.277,592.251,724.8
727.353,722.983,477.758
727.182,720.095,602.725
727.01,717.206,727.691
729.086,847.938,480.65
728.915,845.049,605.616
728.744,842.16,730.582
473.001,598.853,601.478
474.558,598.668,726.468
476.114,598.483,851.458
470.611,723.83,601.693
472.168,723.645,726.683
473.724,723.46,851.673
468.221,848.807,601.908
469.778,848.622,726.898
471.334,848.437,851.888
597.968,601.246,599.925
599.525,601.061,724.915
601.082,600.875,849.905
595.578,726.223,600.14
597.135,726.038,725.13
598.692,725.852,850.12
593.188,851.2,600.355
594.745,851.014,725.345
596.302,850.829,850.335
722.936,603.638,598.372
724.492,603.453,723.362
726.049,603.268,848.352
720.546,728.615,598.587
722.102,728.43,723.577
723.659,728.245,848.567
718.156,853.592,598.802
719.712,853.407,723.792
721.269,853.222,848.782
599.263,99.8363,98.6381
597.995,96.6243,223.59
596.726,93.4123,348.543
598.73,224.794,101.845
597.461,221.582,226.797
596.193,218.37,351.749
598.196,349.752,105.052
596.928,346.54,230.004
595.66,343.328,354.956
724.255,100.337,99.9197
722.987,97.1248,224.872
721.719,93.9128,349.824
723.722,225.294,103.126
722.454,222.083,228.079
721.185,218.871,353.031
723.189,350.252,106.333
721.921,347.04,231.285
720.652,343.828,356.238
849.248,100.837,101.201
847.979,97.6253,226.154
846.711,94.4133,351.106
848.715,225.795,104.408
847.446,222.583,229.36
846.178,219.371,354.313
848.181,350.753,107.615
846.913,347.541,232.567
845.645,344.329,357.519
598.178,98.9641,226.857
598.469,97.829,351.852
598.76,96.6939,476.846
597.198,223.955,227.995
597.489,222.82,352.989
597.78,221.685,477.984
596.219,348.946,229.132
596.509,347.811,354.127
596.8,346.676,479.121
723.174,99.9466,226.576
723.465,98.8115,351.57
723.756,97.6764,476.565
722.194,224.938,227.713
722.485,223.803,352.707
722.776,222.667,477.702
721.214,349.929,228.85
721.505,348.793,353.845
721.796,347.658,478.839
848.17,100.929,226.294
848.461,99.7941,351.288
848.751,98.6589,476.283
847.19,225.92,227.431
847.481,224.785,352.426
847.772,223.65,477.42
846.21,350.911,228.569
846.501,349.776,353.563
846.792,348.641,478.558
601.541,100.482,351.491
598.188,100.076,476.446
594.836,99.6706,601.4
599.072,225.457,351.831
595.719,225.051,476.785
592.367,224.646,601.739
596.603,350.432,352.17
593.251,350.026,477.125
589.898,349.621,602.079
726.471,102.94,354.851
723.119,102.535,479.806
719.766,102.129,604.76
724.003,227.916,355.191
720.65,227.51,480.145
717.297,227.104,605.099
721.534,352.891,355.53
718.181,352.485,480.484
714.829,352.08,605.439
851.402,105.399,358.211
848.049,104.994,483.165
844.697,104.588,608.12
848.933,230.374,358.551
845.581,229.969,483.505
842.228,229.563,608.459
846.464,355.349,358.89
843.112,354.944,483.844
839.759,354.538,608.799
600.059,98.4988,474.903
600.352,95.9084,599.876
600.645,93.318,724.849
596.808,223.43,477.5
597.101,220.839,602.473
597.394,218.249,727.446
593.558,348.36,480.097
593.851,345.77,605.07
594.144,343.179,730.043
725.016,101.755,474.678
725.309,99.1643,599.65
725.602,96.5739,724.623
721.766,226.685,477.275
722.059,224.095,602.248
722.352,221.505,727.22
718.515,351.616,479.872
718.808,349.026,604.845
719.101,346.435,729.817
849.973,105.011,474.452
850.267,102.42,599.425
850.56,99.8297,724.398
846.723,229.941,477.049
847.016,227.351,602.022
847.309,224.76,726.995
843.473,354.872,479.646
843.766,352.282,604.619
844.059,349.691,729.592
598.17,100.592,601.052
595.22,97.4447,725.978
592.271,94.2972,850.903
601.351,225.51,604.275
598.402,222.363,729.2
595.452,219.215,854.126
604.532,350.428,607.497
601.583,347.281,732.423
598.633,344.133,857.348
723.094,97.3371,603.919
720.145,94.1895,728.845
717.196,91.042,853.771
726.275,222.255,607.142
723.326,219.108,732.067
720.377,215.96,856.993
729.456,347.173,610.364
726.507,344.025,735.29
723.558,340.878,860.216
848.019,94.0819,606.787
845.07,90.9343,731.712
842.121,87.7868,856.638
851.2,219,610.009
848.251,215.852,734.935
845.302,212.705,859.86
854.381,343.918,613.232
851.432,340.77,738.157
848.483,337.623,863.083
600.563,225.852,98.2459
598.506,224.646,223.223
596.45,223.439,348.2
603.622,350.809,99.5029
601.566,349.602,224.48
599.509,348.395,349.457
606.681,475.765,100.76
604.625,474.558,225.737
602.569,473.351,350.714
725.508,222.773,100.272
723.452,221.566,225.249
721.396,220.359,350.227
728.568,347.729,101.529
726.511,346.523,226.506
724.455,345.316,351.484
731.627,472.686,102.786
729.571,471.479,227.763
727.514,470.272,352.74
850.454,219.694,102.298
848.398,218.487,227.275
846.341,217.28,352.253
853.513,344.65,103.555
851.457,343.443,228.532
849.401,342.236,353.51
856.573,469.606,104.812
854.516,468.399,229.789
852.46,467.193,354.767
598.061,223.526,226.628
597.12,223.09,351.624
596.179,222.654,476.62
595.505,348.499,227.045
594.565,348.063,352.041
593.624,347.627,477.036
592.95,473.472,227.462
592.009,473.036,352.457
591.069,472.6,477.453
723.031,226.078,227.578
722.09,225.642,352.573
721.15,225.206,477.569
720.476,351.051,227.994
719.535,350.615,352.99
718.594,350.179,477.986
717.92,476.024,228.411
716.98,475.588,353.407
716.039,475.152,478.402
848.001,228.63,228.527
847.061,228.194,353.523
846.12,227.758,478.518
845.446,353.603,228.944
844.505,353.167,353.939
843.565,352.731,478.935
842.891,478.576,229.36
841.95,478.14,354.356
841.009,477.704,479.352
600.921,225.461,348.143
603.731,222.67,473.081
606.542,219.879,598.018
602.488,350.421,350.9
605.299,347.63,475.837
608.109,344.839,600.774
604.056,475.381,353.656
606.867,472.59,478.593
609.677,469.799,603.531
725.879,223.956,345.299
728.69,221.165,470.236
731.5,218.374,595.173
727.447,348.916,348.055
730.257,346.125,472.993
733.068,343.334,597.93
729.015,473.876,350.812
731.825,471.085,475.749
734.636,468.294,600.686
850.838,222.451,342.454
853.648,219.66,467.392
856.459,216.869,592.329
852.406,347.411,345.211
855.216,344.62,470.148
858.027,341.829,595.085
853.973,472.371,347.967
856.784,469.58,472.904
859.594,466.789,597.842
599.503,223.48,473.563
597.763,220.848,598.524
596.023,218.216,723.484
596.267,348.411,476.15
594.527,345.779,601.11
592.786,343.147,726.07
593.03,473.343,478.737
591.29,470.71,603.697
589.55,468.078,728.657
724.449,226.68,475.371
722.709,224.047,600.331
720.969,221.415,725.291
721.213,351.611,477.957
719.473,348.979,602.918
717.732,346.347,727.878
717.976,476.542,480.544
716.236,473.91,605.504
714.496,471.278,730.464
849.395,229.879,477.178
847.655,227.247,602.138
845.915,224.615,727.098
846.159,354.811,479.765
844.418,352.178,604.725
842.678,349.546,729.685
842.922,479.742,482.351
841.182,477.11,607.311
839.442,474.477,732.272
599.369,225.48,600.319
595.909,222.423,725.234
592.449,219.367,850.149
599.844,350.441,603.39
596.384,347.385,728.305
592.924,344.328,853.22
600.319,475.403,606.461
596.859,472.346,731.376
593.399,469.29,856.291
724.32,224.92,603.767
720.86,221.864,728.682
717.4,218.807,853.596
724.795,349.882,606.838
721.335,346.825,731.753
717.875,343.768,856.667
725.27,474.843,609.909
721.81,471.786,734.823
718.35,468.73,859.738
849.271,224.36,607.214
845.811,221.304,732.129
842.351,218.247,857.044
849.746,349.322,610.285
846.286,346.265,735.2
842.826,343.209,860.115
850.221,474.283,613.356
846.761,471.227,738.271
843.301,468.17,863.186
599.52,349.477,98.4597
598.435,346.299,223.415
597.35,343.12,348.369
601.005,474.428,101.651
599.92,471.249,226.606
598.835,468.071,351.561
602.489,599.378,104.842
601.404,596.2,229.797
600.32,593.021,354.752
724.506,347.966,99.5062
723.422,344.787,224.461
722.337,341.608,349.416
725.991,472.916,102.698
724.906,469.738,227.653
723.822,466.559,352.607
727.476,597.867,105.889
726.391,594.688,230.844
725.306,591.509,355.799
849.493,346.454,100.553
848.408,343.275,225.508
847.323,340.097,350.463
850.977,471.404,103.744
849.893,468.226,228.699
848.808,465.047,353.654
852.462,596.355,106.936
851.377,593.176,231.89
850.293,589.998,356.845
600.818,350.321,226.24
598.346,350.244,351.216
595.873,350.167,476.191
603.959,475.281,226.38
601.486,475.204,351.355
599.014,475.127,476.331
607.1,600.242,226.519
604.627,600.165,351.494
602.155,600.088,476.47
725.754,347.178,228.71
723.282,347.101,353.686
720.809,347.024,478.661
728.895,472.138,228.849
726.423,472.061,353.825
723.95,471.984,478.801
732.036,597.099,228.989
729.563,597.022,353.964
727.091,596.945,478.94
850.69,344.035,231.18
848.218,343.958,356.156
845.745,343.881,481.131
853.831,468.995,231.319
851.359,468.918,356.295
848.886,468.841,481.27
856.972,593.956,231.459
854.499,593.879,356.434
852.027,593.802,481.41
599.042,349.586,349.534
596.271,350.224,474.501
593.5,350.862,599.469
599.182,474.584,348.898
596.411,475.222,473.866
593.64,475.861,598.834
599.322,599.582,348.263
596.551,600.221,473.231
593.78,600.859,598.198
724.011,349.46,352.305
721.24,350.098,477.273
718.469,350.736,602.241
724.151,474.458,351.67
721.38,475.096,476.637
718.609,475.735,601.605
724.291,599.456,351.034
721.52,600.095,476.002
718.749,600.733,600.97
848.98,349.334,355.077
846.209,349.972,480.044
843.438,350.61,605.012
849.12,474.332,354.441
846.349,474.97,479.409
843.578,475.609,604.377
849.26,599.33,353.806
846.489,599.968,478.774
843.718,600.607,603.741
598.4,349.869,474.919
595.086,349.68,599.875
591.772,349.49,724.831
600.889,474.844,475.174
597.575,474.655,600.13
594.261,474.465,725.086
603.378,599.819,475.43
600.064,599.63,600.386
596.75,599.44,725.342
723.331,347.375,478.229
720.017,347.185,603.184
716.703,346.996,728.14
725.82,472.349,478.484
722.506,472.16,603.44
719.192,471.971,728.396
728.309,597.324,478.74
724.995,597.135,603.696
721.681,596.945,728.651
848.263,344.88,481.538
844.949,344.69,606.494
841.634,344.501,731.45
850.752,469.855,481.794
847.438,469.665,606.75
844.123,469.476,731.706
853.241,594.83,482.049
849.926,594.64,607.005
846.612,594.451,731.961
601.521,351.267,598.561
604.086,347.794,723.486
606.651,344.322,848.412
603.787,476.199,601.987
606.352,472.727,726.913
608.917,469.254,851.838
606.053,601.132,605.413
608.618,597.659,730.339
611.182,594.187,855.264
726.474,349.073,595.935
729.039,345.6,720.86
731.604,342.127,845.785
728.74,474.005,599.361
731.305,470.533,724.286
733.87,467.06,849.212
731.006,598.938,602.787
733.571,595.465,727.712
736.136,591.992,852.638
851.428,346.878,593.308
853.992,343.406,718.234
856.557,339.933,843.159
853.693,471.811,596.734
856.258,468.338,721.66
858.823,464.866,846.585
855.959,596.743,600.161
858.524,593.271,725.086
861.089,589.798,850.012
598.919,475.839,98.587
602.285,478.952,223.503
605.651,482.064,348.419
596.709,600.782,95.5333
600.075,603.895,220.449
603.441,607.008,345.365
594.499,725.726,92.4796
597.865,728.838,217.396
601.231,731.951,342.311
723.854,477.966,95.1678
727.22,481.078,220.084
730.586,484.191,345
721.644,602.909,92.1141
725.01,606.021,217.03
728.376,609.134,341.946
719.434,727.852,89.0604
722.8,730.964,213.976
726.166,734.077,338.892
848.789,480.092,91.7485
852.155,483.204,216.664
855.521,486.317,341.58
846.579,605.035,88.6948
849.945,608.148,213.611
853.311,611.26,338.527
844.369,729.978,85.6411
847.735,733.091,210.557
851.101,736.203,335.473
598.253,475.038,224.944
601.9,476.11,349.886
605.548,477.182,474.828
601.549,599.989,223.775
605.197,601.061,348.718
608.844,602.133,473.66
604.846,724.941,222.607
608.493,726.012,347.55
612.14,727.084,472.492
723.156,471.71,221.326
726.804,472.781,346.268
730.451,473.853,471.21
726.453,596.661,220.158
730.1,597.733,345.1
733.747,598.804,470.042
729.749,721.612,218.99
733.396,722.684,343.932
737.044,723.755,468.874
848.06,468.381,217.708
851.707,469.453,342.65
855.354,470.524,467.593
851.356,593.332,216.54
855.003,594.404,341.482
858.651,595.476,466.425
854.652,718.283,215.372
858.3,719.355,340.314
861.947,720.427,465.256
600.929,473.337,349.099
602.653,474.739,474.079
604.377,476.14,599.059
597.185,598.274,347.75
598.909,599.675,472.73
600.633,601.076,597.71
593.441,723.211,346.401
595.165,724.612,471.381
596.889,726.013,596.361
725.861,477.062,347.334
727.585,478.463,472.314
729.309,479.864,597.294
722.117,601.999,345.985
723.841,603.4,470.965
725.565,604.801,595.945
718.373,726.936,344.636
720.097,728.337,469.616
721.821,729.738,594.596
850.793,480.787,345.569
852.517,482.188,470.549
854.241,483.589,595.529
847.049,605.724,344.22
848.773,607.125,469.2
850.497,608.526,594.18
843.305,730.66,342.871
845.029,732.061,467.851
846.753,733.463,592.831
598.771,476.52,473.695
600.191,479.241,598.657
601.61,481.962,723.619
602.422,601.436,470.933
603.841,604.157,595.895
605.261,606.878,720.858
606.072,726.352,468.172
607.492,729.073,593.134
608.911,731.794,718.096
723.71,472.839,472.355
725.13,475.56,597.318
726.549,478.281,722.28
727.36,597.755,469.594
728.78,600.476,594.556
730.2,603.197,719.519
731.011,722.671,466.832
732.43,725.392,591.795
733.85,728.113,716.757
848.649,469.158,471.016
850.068,471.879,595.979
851.488,474.6,720.941
852.299,594.075,468.255
853.719,596.796,593.217
855.138,599.517,718.179
855.95,718.991,465.493
857.369,721.712,590.456
858.789,724.433,715.418
601.953,476.317,600.438
603.195,473.495,725.4
604.437,470.673,850.362
604.685,601.256,603.232
605.927,598.434,728.194
607.169,595.612,853.156
607.418,726.195,606.027
608.66,723.373,730.989
609.902,720.551,855.951
726.917,473.613,599.135
728.159,470.791,724.097
729.401,467.969,849.059
729.649,598.552,601.929
730.891,595.73,726.891
732.133,592.908,851.853
732.382,723.491,604.724
733.624,720.669,729.686
734.866,717.847,854.648
851.881,470.909,597.832
853.123,468.087,722.794
854.365,465.265,847.756
854.613,595.848,600.626
855.855,593.026,725.588
857.097,590.204,850.55
857.346,720.787,603.421
858.588,717.965,728.383
859.83,715.143,853.344
600.056,600.516,98.0305
598.139,600.057,223.015
596.221,599.599,347.999
600.817,725.513,98.5007
598.9,725.054,223.485
596.982,724.596,348.47
601.578,850.51,98.971
599.66,850.051,223.955
597.743,849.592,348.94
725.039,599.748,99.9453
723.122,599.289,224.93
721.204,598.831,349.914
725.8,724.745,100.416
723.882,724.286,225.4
721.965,723.828,350.384
726.561,849.742,100.886
724.643,849.283,225.87
722.726,848.825,350.855
850.022,598.98,101.86
848.105,598.522,226.845
846.187,598.063,351.829
850.783,723.977,102.33
848.865,723.518,227.315
846.948,723.06,352.299
851.544,848.974,102.801
849.626,848.515,227.785
847.709,848.057,352.77
600.162,600.959,223.483
603.784,602.104,348.425
607.406,603.25,473.367
599.167,725.95,222.366
602.789,727.095,347.308
606.411,728.241,472.25
598.172,850.941,221.249
601.794,852.086,346.191
605.416,853.232,471.133
725.106,601.921,219.852
728.728,603.066,344.795
732.349,604.212,469.737
724.111,726.912,218.735
727.732,728.058,343.677
731.354,729.203,468.62
723.116,851.903,217.618
726.737,853.049,342.56
730.359,854.194,467.503
850.049,602.883,216.222
853.671,604.029,341.164
857.293,605.174,466.106
849.054,727.874,215.105
852.676,729.02,340.047
856.298,730.165,464.989
848.059,852.865,213.988
851.681,854.011,338.93
855.303,855.156,463.872
599.164,600.089,351.688
597.757,596.525,476.629
596.351,592.961,601.57
599.685,725.037,355.258
598.279,721.473,480.199
596.873,717.909,605.14
600.207,849.985,358.828
598.801,846.421,483.769
597.394,842.857,608.71
724.155,599.527,353.079
722.748,595.963,478.02
721.342,592.399,602.961
724.676,724.475,356.649
723.27,720.911,481.59
721.864,717.347,606.531
725.198,849.423,360.219
723.792,845.859,485.16
722.385,842.295,610.101
849.146,598.965,354.47
847.739,595.401,479.411
846.333,591.838,604.352
849.667,723.913,358.04
848.261,720.349,482.981
846.855,716.786,607.922
850.189,848.861,361.61
848.783,845.297,486.551
847.376,841.733,611.492
598.891,601.273,474.413
602.07,601.04,599.372
605.249,600.807,724.332
596.696,726.253,474.701
599.875,726.02,599.661
603.054,725.788,724.62
594.5,851.234,474.99
597.679,851.001,599.949
600.858,850.768,724.909
723.831,603.475,471.238
727.01,603.242,596.198
730.19,603.009,721.157
721.636,728.455,471.527
724.815,728.222,596.486
727.994,727.99,721.446
719.44,853.436,471.815
722.62,853.203,596.775
725.799,852.97,721.734
848.772,605.677,468.064
851.951,605.444,593.023
855.13,605.211,717.982
846.576,730.657,468.352
849.755,730.425,593.312
852.934,730.192,718.271
844.381,855.638,468.641
847.56,855.405,593.6
850.739,855.172,718.56
598.189,601.998,600.812
601.319,602.968,725.769
604.448,603.939,850.726
597.199,726.99,599.866
600.328,727.961,724.823
603.458,728.931,849.78
596.208,851.983,598.92
599.337,852.953,723.877
602.467,853.924,848.834
723.146,602.965,597.675
726.276,603.935,722.632
729.405,604.905,847.589
722.156,727.957,596.729
725.285,728.928,721.686
728.414,729.898,846.643
721.165,852.95,595.783
724.294,853.92,720.74
727.424,854.89,845.697
848.103,603.931,594.538
851.233,604.902,719.495
854.362,605.872,844.452
847.112,728.924,593.592
850.242,729.894,718.549
853.371,730.865,843.506
846.122,853.916,592.646
849.251,854.887,717.603
852.381,855.857,842.561
