27,125,pa2-unknown-i-output1.txt
204.566,195.825,199.649
404.547,398.558,190.614
98.2895,101.245,101.477
94.973,100.672,226.432
91.6566,100.099,351.386
97.281,226.24,102.023
93.9646,225.667,226.978
90.6481,225.094,351.933
96.2726,351.234,102.569
92.9561,350.661,227.524
89.6397,350.089,352.479
223.241,102.238,104.798
219.925,101.666,229.753
216.609,101.093,354.707
222.233,227.233,105.344
218.917,226.66,230.299
215.6,226.087,355.253
221.225,352.228,105.89
217.908,351.655,230.845
214.592,351.082,355.8
348.193,103.232,108.119
344.877,102.659,233.073
341.56,102.086,358.028
347.185,228.227,108.665
343.868,227.654,233.62
340.552,227.081,358.574
346.176,353.222,109.211
342.86,352.649,234.166
339.544,352.076,359.121
101.815,101.515,223.551
104.021,99.3004,348.512
106.227,97.0862,473.472
98.1731,226.441,225.828
100.379,224.227,350.789
102.585,222.012,475.75
94.5316,351.367,228.106
96.7377,349.153,353.067
98.9437,346.939,478.028
226.742,105.195,221.41
228.948,102.981,346.371
231.154,100.767,471.332
223.101,230.121,223.688
225.307,227.907,348.649
227.513,225.693,473.61
219.459,355.047,225.966
221.665,352.833,350.927
223.871,350.619,475.888
351.67,108.876,219.27
353.876,106.661,344.231
356.082,104.447,469.192
348.028,233.802,221.548
350.234,231.588,346.509
352.44,229.373,471.47
344.387,358.728,223.826
346.593,356.514,348.787
348.799,354.3,473.748
99.8664,98.5139,349.585
102.174,100.729,474.544
104.481,102.945,599.503
103.221,223.448,347.308
105.528,225.664,472.267
107.835,227.879,597.227
106.575,348.382,345.031
108.882,350.598,469.991
111.19,352.813,594.95
224.8,95.1186,347.339
227.107,97.334,472.298
229.415,99.5494,597.257
228.155,220.053,345.062
230.462,222.268,470.021
232.769,224.484,594.98
231.509,344.987,342.785
233.816,347.202,467.744
236.123,349.418,592.703
349.734,91.7233,345.092
352.041,93.9387,470.051
354.348,96.1541,595.01
353.088,216.657,342.815
355.395,218.873,467.774
357.703,221.088,592.733
356.443,341.592,340.538
358.75,343.807,465.497
361.057,346.023,590.456
100.993,99.738,476.151
104.431,96.9472,601.072
107.869,94.1564,725.994
100.829,224.707,478.947
104.267,221.916,603.869
107.705,219.125,728.79
100.664,349.675,481.743
104.102,346.884,606.665
107.54,344.094,731.587
225.946,99.9795,472.717
229.384,97.1887,597.639
232.822,94.3979,722.56
225.781,224.948,475.514
229.219,222.157,600.435
232.657,219.367,725.357
225.617,349.917,478.31
229.055,347.126,603.232
232.493,344.335,728.153
350.899,100.221,469.284
354.337,97.4302,594.205
357.775,94.6395,719.127
350.734,225.19,472.08
354.172,222.399,597.002
357.61,219.608,721.923
350.569,350.158,474.877
354.007,347.367,599.798
357.445,344.577,724.72
98.4263,99.4074,598.717
98.3021,98.1247,723.71
98.1779,96.842,848.704
99.8817,224.392,600.001
99.7575,223.11,724.994
99.6333,221.827,849.988
101.337,349.377,601.285
101.213,348.095,726.278
101.089,346.812,851.272
223.418,97.9508,598.826
223.294,96.6682,723.82
223.169,95.3855,848.813
224.873,222.936,600.11
224.749,221.653,725.104
224.625,220.37,850.097
226.329,347.921,601.394
226.204,346.638,726.388
226.08,345.355,851.381
348.409,96.4943,598.935
348.285,95.2116,723.929
348.161,93.9289,848.922
349.865,221.479,600.219
349.74,220.197,725.213
349.616,218.914,850.206
351.32,346.464,601.503
351.196,345.181,726.497
351.072,343.899,851.49
100.96,224.458,101.697
101.144,224.733,226.696
101.329,225.007,351.696
102.506,349.448,101.42
102.691,349.723,226.42
102.876,349.998,351.419
104.053,474.439,101.143
104.238,474.713,226.143
104.423,474.988,351.142
225.95,222.911,101.515
226.135,223.186,226.515
226.32,223.46,351.514
227.497,347.901,101.239
227.682,348.176,226.238
227.866,348.45,351.238
229.043,472.891,100.962
229.228,473.166,225.961
229.413,473.441,350.961
350.94,221.364,101.334
351.125,221.639,226.333
351.31,221.913,351.333
352.487,346.354,101.057
352.672,346.629,226.057
352.857,346.903,351.056
354.034,471.344,100.78
354.219,471.619,225.78
354.403,471.893,350.779
99.8517,223.464,224.953
96.7623,222.282,349.909
93.6729,221.101,474.865
97.7407,348.441,226.082
94.6513,347.26,351.038
91.5619,346.078,475.994
95.6297,473.418,227.211
92.5403,472.237,352.168
89.4509,471.055,477.124
224.796,225.546,228.061
221.706,224.365,353.018
218.617,223.183,477.974
222.685,350.523,229.191
219.595,349.342,354.147
216.506,348.161,479.103
220.574,475.5,230.32
217.484,474.319,355.276
214.395,473.138,480.233
349.74,227.628,231.17
346.65,226.447,356.126
343.561,225.266,481.083
347.629,352.606,232.3
344.539,351.424,357.256
341.45,350.243,482.212
345.518,477.583,233.429
342.428,476.401,358.385
339.339,475.22,483.341
100.133,223.629,351.015
99.9956,225.125,476.006
99.8579,226.622,600.997
96.9168,348.579,349.516
96.7791,350.075,474.507
96.6414,351.571,599.497
93.7003,473.528,348.016
93.5626,475.025,473.007
93.4249,476.521,597.998
225.092,226.847,351.114
224.954,228.343,476.105
224.816,229.84,601.096
221.875,351.796,349.615
221.738,353.293,474.606
221.6,354.789,599.597
218.659,476.746,348.115
218.521,478.242,473.106
218.383,479.739,598.097
350.05,230.065,351.213
349.913,231.561,476.204
349.775,233.057,601.195
346.834,355.014,349.714
346.696,356.511,474.705
346.558,358.007,599.696
343.617,479.964,348.214
343.48,481.46,473.205
343.342,482.957,598.196
100.44,224.043,473.146
102.528,224.583,598.127
104.616,225.124,723.108
99.2461,349.037,472.625
101.334,349.577,597.607
103.421,350.117,722.588
98.0518,474.03,472.105
100.139,474.57,597.086
102.227,475.11,722.068
225.417,225.229,471.053
227.505,225.769,596.034
229.592,226.309,721.016
224.223,350.222,470.533
226.311,350.762,595.514
228.398,351.302,720.495
223.029,475.215,470.012
225.116,475.755,594.994
227.204,476.295,719.975
350.394,226.414,468.96
352.482,226.954,593.942
354.569,227.494,718.923
349.2,351.407,468.44
351.287,351.947,593.421
353.375,352.488,718.403
348.006,476.401,467.92
350.093,476.941,592.901
352.181,477.481,717.882
98.3298,226.822,600.212
97.5718,225.096,725.198
96.8138,223.369,850.184
101.41,351.772,601.957
100.652,350.046,726.943
99.8942,348.319,851.929
104.491,476.722,603.701
103.733,474.995,728.687
102.975,473.269,853.673
223.29,223.731,600.928
222.532,222.005,725.913
221.774,220.279,850.899
226.37,348.681,602.672
225.612,346.955,727.658
224.854,345.229,852.644
229.45,473.631,604.417
228.692,471.905,729.402
227.934,470.179,854.388
348.249,220.641,601.643
347.491,218.914,726.629
346.733,217.188,851.614
351.33,345.591,603.387
350.572,343.864,728.373
349.814,342.138,853.359
354.41,470.54,605.132
353.652,468.814,730.118
352.894,467.088,855.103
101.975,350.716,98.9735
99.3219,347.645,223.908
96.6688,344.574,348.842
98.4002,475.629,101.968
95.7472,472.558,226.902
93.0941,469.486,351.836
94.8255,600.542,104.963
92.1724,597.471,229.897
89.5193,594.399,354.831
226.896,354.225,101.713
224.243,351.154,226.647
221.59,348.083,351.581
223.321,479.138,104.707
220.668,476.067,229.641
218.015,472.996,354.575
219.746,604.051,107.702
217.093,600.98,232.636
214.44,597.909,357.57
351.816,357.734,104.452
349.163,354.663,229.386
346.51,351.592,354.32
348.242,482.647,107.446
345.589,479.576,232.38
342.935,476.505,357.314
344.667,607.56,110.441
342.014,604.489,235.375
339.361,601.418,360.309
98.886,351.253,226.437
100.97,353.055,351.407
103.055,354.858,476.377
97.8104,476.236,224.653
99.8948,478.038,349.622
101.979,479.84,474.592
96.7348,601.218,222.868
98.8192,603.021,347.838
100.904,604.823,472.807
223.864,352.299,224.338
225.948,354.101,349.307
228.033,355.903,474.277
222.788,477.281,222.553
224.873,479.084,347.523
226.957,480.886,472.492
221.713,602.264,220.769
223.797,604.066,345.738
225.882,605.869,470.708
348.842,353.344,222.238
350.926,355.147,347.208
353.011,356.949,472.177
347.766,478.327,220.454
349.851,480.129,345.423
351.935,481.932,470.393
346.691,603.31,218.669
348.775,605.112,343.639
350.86,606.914,468.608
99.4771,350.779,348.669
99.0847,350.225,473.667
98.6923,349.671,598.666
96.9514,475.752,349.215
96.5591,475.198,474.213
96.1667,474.644,599.212
94.4258,600.725,349.761
94.0334,600.171,474.759
93.6411,599.617,599.758
224.451,353.303,349.073
224.059,352.748,474.071
223.666,352.194,599.069
221.925,478.276,349.619
221.533,477.722,474.617
221.141,477.168,599.615
219.4,603.249,350.165
219.007,602.695,475.163
218.615,602.141,600.161
349.425,355.826,349.476
349.032,355.272,474.474
348.64,354.718,599.473
346.899,480.8,350.022
346.507,480.246,475.02
346.114,479.692,600.019
344.374,605.773,350.568
343.981,605.219,475.566
343.589,604.665,600.565
101.666,349.314,475.526
102.688,348.21,600.517
103.71,347.105,725.508
102.761,474.305,476.621
103.783,473.2,601.612
104.805,472.096,726.603
103.857,599.295,477.717
104.879,598.191,602.708
105.901,597.086,727.699
226.657,348.228,474.494
227.679,347.124,599.485
228.701,346.019,724.476
227.753,473.218,475.59
228.774,472.114,600.581
229.796,471.009,725.572
228.848,598.209,476.685
229.87,597.104,601.676
230.892,596,726.667
351.648,347.142,473.463
352.67,346.037,598.454
353.692,344.933,723.445
352.744,472.132,474.558
353.765,471.028,599.549
354.787,469.923,724.54
353.839,597.122,475.654
354.861,596.018,600.645
355.883,594.914,725.636
98.6382,348.734,601.083
95.9788,351.497,726.024
93.3194,354.26,850.965
97.8324,473.7,598.302
95.173,476.463,723.243
92.5137,479.226,848.185
97.0266,598.667,595.521
94.3673,601.43,720.463
91.7079,604.193,845.404
223.607,349.598,603.724
220.948,352.361,728.665
218.289,355.124,853.606
222.802,474.565,600.943
220.142,477.328,725.884
217.483,480.091,850.825
221.996,599.531,598.162
219.336,602.294,723.104
216.677,605.057,848.045
348.576,350.463,606.365
345.917,353.226,731.306
343.258,355.989,856.247
347.771,475.429,603.584
345.111,478.192,728.525
342.452,480.955,853.466
346.965,600.396,600.803
344.305,603.159,725.744
341.646,605.922,850.686
98.4511,476.291,100.426
96.0978,478.96,225.376
93.7444,481.629,350.325
99.4785,601.259,97.7764
97.1252,603.928,222.726
94.7718,606.597,347.675
100.506,726.226,95.1264
98.1526,728.895,220.076
95.7992,731.564,345.025
223.425,475.314,102.801
221.071,477.983,227.75
218.718,480.652,352.7
224.452,600.282,100.151
222.099,602.951,225.1
219.745,605.619,350.05
225.48,725.249,97.501
223.126,727.918,222.45
220.773,730.587,347.4
348.398,474.337,105.176
346.045,477.006,230.125
343.692,479.675,355.074
349.426,599.304,102.526
347.072,601.973,227.475
344.719,604.642,352.424
350.453,724.272,99.8757
348.1,726.941,224.825
345.746,729.61,349.774
101.798,473.593,224.796
103.19,472.702,349.785
104.583,471.81,474.774
105.316,598.541,225.648
106.709,597.649,350.637
108.101,596.758,475.626
108.835,723.488,226.5
110.227,722.597,351.489
111.62,721.706,476.478
226.74,470.084,223.379
228.133,469.193,348.368
229.525,468.302,473.357
230.259,595.032,224.231
231.652,594.141,349.22
233.044,593.249,474.209
233.778,719.98,225.083
235.17,719.088,350.072
236.563,718.197,475.061
351.683,466.576,221.962
353.076,465.684,346.951
354.468,464.793,471.94
355.202,591.523,222.814
356.594,590.632,347.803
357.987,589.74,472.792
358.72,716.471,223.666
360.113,715.579,348.655
361.505,714.688,473.644
99.3894,475.639,349.14
96.0428,476.094,474.094
92.6962,476.548,599.049
95.9504,600.591,348.594
92.6038,601.045,473.548
89.2572,601.499,598.502
92.5114,725.542,348.047
89.1648,725.997,473.002
85.8182,726.451,597.956
224.297,479.092,352.473
220.951,479.546,477.427
217.604,480,602.382
220.858,604.043,351.927
217.512,604.498,476.881
214.165,604.952,601.835
217.419,728.995,351.38
214.073,729.449,476.335
210.726,729.903,601.289
349.205,482.544,355.806
345.859,482.998,480.76
342.512,483.453,605.714
345.766,607.496,355.259
342.42,607.95,480.214
339.073,608.404,605.168
342.327,732.447,354.713
338.981,732.901,479.667
335.634,733.356,604.622
99.876,474.532,473.062
102.076,476.527,598.026
104.275,478.521,722.991
103.015,599.476,471.012
105.215,601.471,595.977
107.414,603.465,720.942
106.154,724.42,468.963
108.353,726.414,593.928
110.553,728.409,718.892
224.817,471.358,470.913
227.017,473.353,595.878
229.217,475.347,720.842
227.956,596.302,468.864
230.156,598.296,593.828
232.356,600.291,718.793
231.095,721.246,466.814
233.295,723.24,591.779
235.494,725.235,716.744
349.758,468.184,468.764
351.958,470.179,593.729
354.158,472.173,718.694
352.897,593.128,466.715
355.097,595.122,591.68
357.297,597.117,716.644
356.036,718.072,464.666
358.236,720.066,589.63
360.436,722.061,714.595
101.874,473.176,598.366
99.4142,473.456,723.341
96.9544,473.737,848.317
98.921,598.14,598.027
96.4612,598.421,723.002
94.0013,598.702,847.978
95.9679,723.105,597.688
93.5081,723.386,722.663
91.0483,723.667,847.639
226.815,476.135,600.818
224.355,476.416,725.794
221.895,476.696,850.769
223.862,601.099,600.479
221.402,601.38,725.455
218.942,601.661,850.43
220.909,726.064,600.14
218.449,726.345,725.116
215.989,726.626,850.091
351.756,479.094,603.271
349.296,479.375,728.246
346.836,479.656,853.222
348.803,604.059,602.932
346.343,604.339,727.907
343.883,604.62,852.883
345.85,729.023,602.593
343.39,729.304,727.568
340.93,729.585,852.544
101.158,598.312,101.097
100.183,596.874,226.085
99.2069,595.437,351.073
103.264,723.285,102.551
102.288,721.848,227.539
101.312,720.41,352.527
105.369,848.259,104.004
104.394,846.822,228.992
103.418,845.384,353.98
226.137,596.195,102.048
225.161,594.758,227.036
224.185,593.32,352.024
228.242,721.169,103.502
227.267,719.731,228.49
226.291,718.294,353.478
230.348,846.143,104.956
229.372,844.705,229.944
228.396,843.268,354.932
351.115,594.078,103
350.14,592.641,227.988
349.164,591.203,352.976
353.221,719.052,104.453
352.245,717.615,229.441
351.269,716.177,354.429
355.326,844.026,105.907
354.35,842.589,230.895
353.375,841.151,355.883
98.8962,598.459,224.892
99.7462,596.554,349.874
100.596,594.649,474.857
97.968,723.441,226.803
98.8179,721.536,351.785
99.6679,719.631,476.768
97.0397,848.423,228.714
97.8897,846.518,353.697
98.7397,844.613,478.679
223.89,599.4,224.056
224.74,597.495,349.038
225.59,595.59,474.021
222.962,724.382,225.967
223.812,722.477,350.95
224.662,720.572,475.932
222.033,849.364,227.878
222.883,847.459,352.861
223.733,845.554,477.844
348.884,600.341,223.22
349.734,598.436,348.203
350.584,596.531,473.185
347.955,725.323,225.131
348.805,723.418,350.114
349.655,721.513,475.097
347.027,850.305,227.043
347.877,848.4,352.025
348.727,846.495,477.008
99.3698,598.242,348.903
97.614,596.842,473.883
95.8583,595.442,598.862
96.3495,723.198,350.26
94.5937,721.798,475.24
92.8379,720.398,600.219
93.3291,848.154,351.617
91.5733,846.754,476.596
89.8176,845.355,601.576
224.321,601.242,350.692
222.565,599.843,475.672
220.809,598.443,600.651
221.301,726.199,352.049
219.545,724.799,477.029
217.789,723.399,602.008
218.28,851.155,353.406
216.525,849.755,478.385
214.769,848.355,603.365
349.272,604.243,352.481
347.516,602.844,477.461
345.761,601.444,602.44
346.252,729.199,353.838
344.496,727.8,478.818
342.74,726.4,603.797
343.231,854.155,355.195
341.476,852.756,480.174
339.72,851.356,605.154
99.5644,600.617,476.533
100.078,600.404,601.531
100.591,600.192,726.53
99.8965,725.616,476.744
100.41,725.404,601.742
100.923,725.191,726.741
100.229,850.616,476.955
100.742,850.403,601.954
101.255,850.191,726.952
224.563,600.286,476.019
225.076,600.073,601.017
225.59,599.861,726.016
224.895,725.285,476.23
225.408,725.073,601.228
225.922,724.86,726.227
225.227,850.284,476.441
225.74,850.072,601.439
226.254,849.86,726.438
349.561,599.954,475.505
350.075,599.742,600.503
350.588,599.53,725.502
349.893,724.954,475.716
350.407,724.741,600.714
350.92,724.529,725.713
350.226,849.953,475.927
350.739,849.741,600.925
351.252,849.528,725.924
98.8757,601.605,601.432
102.256,599.192,726.363
105.635,596.779,851.294
102.613,726.528,603.744
105.993,724.115,728.675
109.373,721.701,853.606
106.35,851.45,606.056
109.73,849.037,730.987
113.11,846.624,855.918
223.774,597.932,597.982
227.154,595.519,722.913
230.534,593.106,847.844
227.511,722.855,600.294
230.891,720.442,725.225
234.271,718.029,850.156
231.249,847.778,602.606
234.628,845.365,727.537
238.008,842.951,852.468
348.673,594.26,594.532
352.052,591.846,719.463
355.432,589.433,844.394
352.41,719.182,596.844
355.79,716.769,721.775
359.169,714.356,846.706
356.147,844.105,599.156
359.527,841.692,724.087
362.907,839.279,849.018
223.116,101.487,101.12
222.375,100.412,226.113
221.633,99.3372,351.106
219.676,226.435,102.174
218.934,225.36,227.167
218.193,224.285,352.16
216.235,351.383,103.228
215.494,350.308,228.221
214.752,349.234,353.214
348.067,104.921,101.89
347.325,103.846,226.884
346.584,102.771,351.877
344.626,229.869,102.944
343.885,228.794,227.938
343.143,227.72,352.931
341.185,354.817,103.998
340.444,353.743,228.992
339.703,352.668,353.985
473.017,108.355,102.661
472.276,107.28,227.654
471.534,106.205,352.647
469.576,233.303,103.715
468.835,232.229,228.708
468.094,231.154,353.701
466.136,358.252,104.769
465.394,357.177,229.762
464.653,356.102,354.755
224.928,98.7921,226.489
224.367,101.693,351.455
223.806,104.593,476.42
225.756,223.756,223.593
225.195,226.656,348.558
224.634,229.557,473.523
226.585,348.719,220.696
226.024,351.62,345.661
225.462,354.52,470.626
349.924,97.977,227.07
349.363,100.877,352.035
348.802,103.778,477
350.752,222.941,224.173
350.191,225.841,349.138
349.63,228.742,474.103
351.581,347.904,221.276
351.02,350.805,346.241
350.458,353.705,471.206
474.92,97.1619,227.65
474.359,100.062,352.615
473.798,102.963,477.58
475.748,222.126,224.753
475.187,225.026,349.718
474.626,227.926,474.683
476.577,347.089,221.856
476.016,349.99,346.822
475.454,352.89,471.787
224.663,99.0226,350.541
223.403,100.601,475.525
222.143,102.18,600.509
222.387,223.992,348.94
221.127,225.57,473.924
219.867,227.149,598.907
220.111,348.961,347.339
218.851,350.539,472.322
217.59,352.118,597.306
349.636,101.315,351.773
348.376,102.893,476.756
347.116,104.472,601.74
347.36,226.284,350.171
346.1,227.862,475.155
344.839,229.441,600.138
345.084,351.253,348.57
343.823,352.831,473.553
342.563,354.41,598.537
474.609,103.607,353.004
473.349,105.185,477.987
472.089,106.764,602.971
472.333,228.576,351.402
471.073,230.154,476.386
469.812,231.733,601.37
470.056,353.545,349.801
468.796,355.123,474.784
467.536,356.702,599.768
224.639,98.5744,473.391
226.452,102.201,598.326
228.265,105.828,723.26
224.237,223.521,469.77
226.05,227.148,594.704
227.863,230.775,719.638
223.835,348.468,466.149
225.648,352.095,591.083
227.462,355.722,716.017
349.625,98.9235,471.567
351.438,102.55,596.501
353.251,106.177,721.436
349.223,223.87,467.946
351.036,227.497,592.88
352.85,231.124,717.814
348.821,348.817,464.325
350.635,352.444,589.259
352.448,356.071,714.193
474.611,99.2725,469.743
476.424,102.899,594.677
478.238,106.526,719.612
474.209,224.219,466.122
476.023,227.846,591.056
477.836,231.473,715.99
473.808,349.166,462.501
475.621,352.793,587.435
477.434,356.42,712.369
226.463,100.81,600.574
227.565,104.256,725.522
228.667,107.702,850.469
230.14,225.708,597.097
231.243,229.154,722.045
232.345,232.599,846.992
233.818,350.605,593.62
234.92,354.051,718.568
236.022,357.497,843.516
351.404,97.1035,599.574
352.506,100.549,724.522
353.608,103.995,849.469
355.081,222.001,596.097
356.184,225.447,721.045
357.286,228.893,845.992
358.759,346.899,592.62
359.861,350.344,717.568
360.964,353.79,842.515
476.345,93.3969,598.574
477.447,96.8428,723.522
478.55,100.289,848.469
480.022,218.294,595.097
481.125,221.74,720.045
482.227,225.186,844.992
483.7,343.192,591.62
484.802,346.638,716.568
485.905,350.084,841.515
224.92,223.996,100.291
225.138,227.584,225.239
225.355,231.171,350.187
225.643,348.943,96.7021
225.861,352.53,221.65
226.078,356.118,346.599
226.367,473.889,93.1134
226.584,477.477,218.062
226.801,481.064,343.01
349.918,223.267,100.095
350.135,226.855,225.043
350.352,230.442,349.991
350.641,348.214,96.5058
350.858,351.801,221.454
351.075,355.389,346.402
351.364,473.16,92.9171
351.581,476.748,217.865
351.799,480.335,342.814
474.916,222.538,99.8982
475.133,226.126,224.847
475.35,229.713,349.795
475.639,347.485,96.3095
475.856,351.072,221.258
476.073,354.66,346.206
476.362,472.431,92.7208
476.579,476.019,217.669
476.796,479.606,342.617
224.689,223.288,226.231
223.173,224.035,351.22
221.658,224.783,476.209
221.32,348.24,225.443
219.804,348.987,350.432
218.288,349.735,475.421
217.95,473.192,224.655
216.435,473.939,349.644
214.919,474.687,474.633
349.635,226.667,227.726
348.119,227.414,352.715
346.603,228.161,477.704
346.265,351.619,226.938
344.749,352.366,351.927
343.234,353.113,476.916
342.896,476.571,226.151
341.38,477.318,351.139
339.864,478.066,476.128
474.58,230.045,229.222
473.064,230.793,354.21
471.548,231.54,479.199
471.211,354.997,228.434
469.695,355.745,353.422
468.179,356.492,478.411
467.841,479.95,227.646
466.325,480.697,352.634
464.809,481.444,477.623
225.056,225.844,350.491
221.812,228.927,475.411
218.568,232.01,600.331
225.745,350.805,347.425
222.501,353.888,472.345
219.257,356.971,597.265
226.433,475.765,344.359
223.189,478.848,469.279
219.945,481.931,594.199
350.012,225.236,353.751
346.768,228.319,478.671
343.524,231.402,603.591
350.701,350.196,350.685
347.457,353.279,475.605
344.213,356.362,600.525
351.389,475.157,347.619
348.145,478.24,472.539
344.901,481.323,597.459
474.968,224.627,357.012
471.724,227.71,481.931
468.48,230.793,606.851
475.657,349.588,353.945
472.413,352.671,478.865
469.169,355.754,603.785
476.345,474.548,350.879
473.101,477.631,475.799
469.857,480.714,600.719
226.73,224.284,475.409
225.069,226.252,600.383
223.408,228.221,725.356
229.641,349.235,473.48
227.981,351.204,598.453
226.32,353.172,723.427
232.553,474.186,471.55
230.892,476.155,596.524
229.231,478.123,721.497
351.685,221.399,477.115
350.024,223.367,602.089
348.363,225.336,727.062
354.596,346.35,475.186
352.936,348.318,600.16
351.275,350.287,725.133
357.508,471.301,473.257
355.847,473.269,598.23
354.186,475.238,723.204
476.64,218.513,478.822
474.979,220.482,603.795
473.318,222.45,728.769
479.552,343.464,476.892
477.891,345.433,601.866
476.23,347.401,726.839
482.463,468.416,474.963
480.802,470.384,599.936
479.141,472.353,724.91
226.903,225.845,598.041
226.479,222.211,722.988
226.055,218.577,847.934
223.471,350.746,601.662
223.046,347.112,726.609
222.622,343.478,851.555
220.038,475.646,605.283
219.614,472.012,730.23
219.19,468.378,855.176
351.855,229.264,598.565
351.431,225.63,723.511
351.007,221.996,848.458
348.423,354.164,602.186
347.999,350.53,727.132
347.574,346.896,852.079
344.99,479.065,605.807
344.566,475.431,730.753
344.142,471.797,855.7
476.807,232.683,599.088
476.383,229.049,724.035
475.959,225.415,848.981
473.375,357.583,602.709
472.951,353.949,727.656
472.527,350.315,852.602
469.942,482.484,606.33
469.518,478.85,731.277
469.094,475.216,856.223
223.581,350.223,101.402
220.992,347.939,226.354
218.403,345.655,351.307
221.704,475.189,103.648
219.115,472.905,228.6
216.525,470.62,353.552
219.827,600.155,105.893
217.237,597.87,230.845
214.648,595.586,355.798
348.54,352.053,104.025
345.951,349.769,228.977
343.362,347.485,353.93
346.663,477.019,106.271
344.074,474.735,231.223
341.484,472.45,356.175
344.786,601.985,108.516
342.197,599.7,233.468
339.607,597.416,358.421
473.499,353.883,106.648
470.91,351.599,231.6
468.321,349.315,356.553
471.622,478.849,108.893
469.033,476.565,233.846
466.443,474.28,358.798
469.745,603.815,111.139
467.156,601.53,236.091
464.566,599.246,361.044
223.747,348.699,225.76
224.947,349.696,350.75
226.148,350.693,475.74
223.795,473.695,224.762
224.996,474.692,349.752
226.196,475.689,474.742
223.844,598.691,223.764
225.044,599.688,348.754
226.245,600.685,473.745
348.741,348.641,224.559
349.941,349.638,349.55
351.142,350.635,474.54
348.79,473.637,223.562
349.99,474.634,348.552
351.191,475.631,473.542
348.838,598.633,222.564
350.039,599.63,347.554
351.239,600.627,472.545
473.735,348.582,223.359
474.936,349.58,348.35
476.136,350.577,473.34
473.784,473.578,222.362
474.984,474.576,347.352
476.185,475.573,472.342
473.832,598.574,221.364
475.033,599.572,346.354
476.233,600.569,471.345
226.39,350.143,348.095
228.003,348.575,473.074
229.615,347.006,598.054
222.79,475.081,349.709
224.403,473.512,474.688
226.015,471.944,599.668
219.19,600.018,351.323
220.803,598.45,476.302
222.415,596.882,601.282
351.328,353.763,346.528
352.941,352.195,471.508
354.553,350.627,596.488
347.728,478.701,348.142
349.34,477.133,473.122
350.953,475.565,598.102
344.128,603.639,349.756
345.74,602.07,474.736
347.353,600.502,599.716
476.266,357.384,344.961
477.878,355.815,469.941
479.491,354.247,594.921
472.666,482.321,346.576
474.278,480.753,471.555
475.891,479.185,596.535
469.066,607.259,348.19
470.678,605.691,473.169
472.291,604.123,598.149
223.43,351.872,474.981
225.958,348.638,599.914
228.486,345.405,724.846
226.669,476.79,478.148
229.197,473.556,603.081
231.725,470.323,728.014
229.908,601.707,481.316
232.436,598.474,606.248
234.963,595.241,731.181
348.363,348.699,472.371
350.89,345.465,597.304
353.418,342.232,722.236
351.601,473.616,475.538
354.129,470.383,600.471
356.657,467.15,725.404
354.84,598.534,478.706
357.368,595.301,603.638
359.896,592.068,728.571
473.295,345.526,469.761
475.823,342.292,594.694
478.351,339.059,719.626
476.534,470.443,472.928
479.062,467.21,597.861
481.59,463.977,722.794
479.773,595.361,476.096
482.301,592.128,601.028
484.828,588.895,725.961
225.692,348.026,600.134
222.635,347.172,725.093
219.578,346.318,850.053
223.203,472.998,600.927
220.146,472.145,725.886
217.089,471.291,850.846
220.713,597.971,601.72
217.656,597.117,726.679
214.599,596.264,851.639
350.63,350.495,603.207
347.573,349.641,728.167
344.516,348.787,853.126
348.14,475.468,604
345.083,474.614,728.96
342.027,473.76,853.919
345.651,600.44,604.793
342.594,599.586,729.753
339.537,598.733,854.712
475.568,352.964,606.28
472.511,352.11,731.24
469.454,351.256,856.2
473.078,477.937,607.073
470.021,477.083,732.033
466.964,476.229,856.993
470.589,602.909,607.866
467.532,602.056,732.826
464.475,601.202,857.786
223.97,474.796,98.1937
226.08,472.371,223.152
228.19,469.945,348.111
224.668,599.771,100.608
226.778,597.345,225.566
228.888,594.92,350.525
225.366,724.745,103.021
227.476,722.32,227.98
229.586,719.895,352.939
348.95,474.139,96.0707
351.06,471.714,221.029
353.17,469.288,345.988
349.649,599.114,98.4845
351.758,596.688,223.443
353.868,594.263,348.402
350.347,724.088,100.898
352.456,721.663,225.857
354.566,719.238,350.816
473.931,473.482,93.9477
476.041,471.057,218.906
478.15,468.631,343.865
474.629,598.457,96.3616
476.739,596.031,221.32
478.848,593.606,346.279
475.327,723.431,98.7754
477.437,721.006,223.734
479.546,718.581,348.693
225.373,474.01,226.43
223.045,476.663,351.38
220.718,479.315,476.33
225.864,598.981,223.786
223.537,601.634,348.737
221.21,604.286,473.687
226.356,723.952,221.143
224.029,726.605,346.093
221.702,729.257,471.043
350.35,473.568,228.767
348.023,476.22,353.717
345.696,478.873,478.668
350.842,598.539,226.123
348.514,601.191,351.074
346.187,603.844,476.024
351.333,723.51,223.48
349.006,726.162,348.43
346.679,728.815,473.38
475.327,473.126,231.104
473,475.778,356.054
470.673,478.431,481.005
475.819,598.097,228.461
473.492,600.749,353.411
471.165,603.402,478.361
476.311,723.068,225.817
473.984,725.72,350.767
471.656,728.373,475.717
223.853,473.61,351.173
221.034,471.342,476.12
218.214,469.074,601.068
220.976,598.558,353.376
218.157,596.289,478.324
215.337,594.021,603.271
218.099,723.505,355.579
215.28,721.237,480.527
212.46,718.969,605.474
348.788,476.436,354.043
345.969,474.168,478.991
343.149,471.9,603.939
345.911,601.384,356.247
343.092,599.116,481.194
340.272,596.847,606.142
343.034,726.331,358.45
340.215,724.063,483.398
337.395,721.795,608.345
473.724,479.263,356.914
470.904,476.994,481.862
468.084,474.726,606.809
470.846,604.21,359.117
468.027,601.942,484.065
465.207,599.674,609.013
467.969,729.157,361.321
465.15,726.889,486.268
462.33,724.621,611.216
224.538,473.328,475.036
224.16,476.497,599.995
223.782,479.665,724.954
223.398,598.283,471.864
223.02,601.451,596.824
222.641,604.619,721.783
222.257,723.238,468.693
221.879,726.406,593.652
221.501,729.574,718.611
349.533,474.478,475.385
349.154,477.646,600.344
348.776,480.815,725.304
348.392,599.433,472.213
348.014,602.601,597.173
347.636,605.769,722.132
347.252,724.387,469.042
346.873,727.555,594.001
346.495,730.724,718.961
474.527,475.628,475.734
474.149,478.796,600.693
473.77,481.964,725.653
473.386,600.583,472.563
473.008,603.751,597.522
472.63,606.919,722.481
472.246,725.537,469.391
471.868,728.705,594.35
471.489,731.873,719.31
223.186,475.621,598.553
223.183,477.422,723.54
223.18,479.223,848.527
220.439,600.578,596.752
220.435,602.379,721.739
220.432,604.18,846.726
217.691,725.535,594.952
217.688,727.336,719.939
217.685,729.136,844.926
348.156,478.368,598.516
348.153,480.169,723.503
348.149,481.97,848.49
345.408,603.325,596.716
345.405,605.126,721.703
345.402,606.927,846.69
342.661,728.282,594.915
342.658,730.083,719.902
342.655,731.884,844.889
473.126,481.116,598.48
473.122,482.916,723.467
473.119,484.717,848.454
470.378,606.072,596.679
470.375,607.873,721.666
470.372,609.674,846.653
467.631,731.029,594.879
467.628,732.83,719.866
467.624,734.631,844.853
223.998,599.838,100.102
225.098,601.947,225.079
226.197,604.055,350.056
221.823,724.802,98.0123
222.922,726.91,222.99
224.022,729.019,347.967
219.648,849.765,95.923
220.747,851.874,220.9
221.847,853.983,345.878
348.974,601.994,98.9658
350.074,604.103,223.943
351.173,606.212,348.921
346.799,726.958,96.8764
347.899,729.067,221.854
348.998,731.175,346.831
344.624,851.921,94.7871
345.724,854.03,219.764
346.823,856.139,344.742
473.951,604.151,97.8298
475.05,606.259,222.807
476.15,608.368,347.785
471.775,729.114,95.7405
472.875,731.223,220.718
473.975,733.332,345.695
469.6,854.078,93.6512
470.7,856.187,218.629
471.799,858.295,343.606
226.654,601.683,226.123
228.226,604.803,351.074
229.799,607.923,476.025
227.82,726.638,222.988
229.392,729.758,347.939
230.965,732.878,472.891
228.986,851.593,219.853
230.559,854.713,344.805
232.131,857.833,469.756
351.638,600.477,224.58
353.211,603.597,349.531
354.783,606.717,474.483
352.805,725.433,221.446
354.377,728.553,346.397
355.95,731.673,471.348
353.971,850.388,218.311
355.543,853.508,343.262
357.116,856.628,468.213
476.623,599.272,223.038
478.196,602.392,347.989
479.768,605.512,472.94
477.789,724.227,219.903
479.362,727.347,344.854
480.934,730.467,469.805
478.956,849.183,216.768
480.528,852.303,341.719
482.1,855.423,466.67
224.611,601.066,348.991
222.717,600.652,473.976
220.823,600.237,598.961
226.424,726.052,349.433
224.53,725.638,474.418
222.636,725.223,599.403
228.236,851.038,349.875
226.343,850.624,474.86
224.449,850.209,599.845
349.583,599.247,350.878
347.69,598.833,475.863
345.796,598.418,600.848
351.396,724.233,351.32
349.502,723.819,476.305
347.609,723.404,601.29
353.209,849.219,351.763
351.315,848.805,476.747
349.421,848.39,601.732
474.556,597.428,352.766
472.662,597.013,477.751
470.768,596.599,602.736
476.369,722.414,353.208
474.475,721.999,478.193
472.581,721.585,603.178
478.181,847.4,353.65
476.288,846.985,478.635
474.394,846.571,603.62
226.327,600.055,474.001
223.228,603.699,598.91
220.129,607.344,723.818
229.193,724.971,470.427
226.095,728.615,595.336
222.996,732.26,720.244
232.06,849.887,466.854
228.962,853.531,591.762
225.863,857.176,716.671
351.255,597.279,477.181
348.157,600.923,602.09
345.058,604.568,726.998
354.122,722.195,473.608
351.024,725.839,598.516
347.925,729.484,723.424
356.989,847.111,470.034
353.89,850.755,594.942
350.792,854.4,719.851
476.184,594.502,480.362
473.085,598.147,605.27
469.987,601.792,730.178
479.051,719.418,476.788
475.952,723.063,601.696
472.854,726.708,726.605
481.918,844.334,473.214
478.819,847.979,598.122
475.72,851.624,723.031
224.409,601.813,599.067
223.191,598.657,724.021
221.972,595.5,848.976
223.555,726.77,602.215
222.336,723.614,727.17
221.117,720.458,852.124
222.701,851.728,605.363
221.482,848.572,730.318
220.263,845.415,855.272
349.401,602.636,600.307
348.182,599.48,725.261
346.963,596.324,850.216
348.546,727.594,603.455
347.327,724.438,728.409
346.109,721.281,853.364
347.692,852.551,606.603
346.473,849.395,731.557
345.254,846.239,856.512
474.392,603.46,601.547
473.173,600.303,726.501
471.954,597.147,851.456
473.537,728.417,604.695
472.318,725.261,729.649
471.1,722.105,854.604
472.683,853.375,607.843
471.464,850.218,732.797
470.245,847.062,857.752
350.857,98.289,101.075
348.455,99.7629,226.043
346.053,101.237,351.011
350.538,223.28,99.5944
348.136,224.754,224.563
345.733,226.228,349.531
350.218,348.271,98.1141
347.816,349.745,223.082
345.414,351.218,348.051
475.834,98.6368,103.473
473.431,100.111,228.441
471.029,101.585,353.409
475.514,223.628,101.993
473.112,225.101,226.961
470.71,226.575,351.929
475.195,348.618,100.512
472.793,350.092,225.48
470.391,351.566,350.449
600.81,98.9846,105.871
598.408,100.458,230.839
596.006,101.932,355.807
600.491,223.975,104.391
598.089,225.449,229.359
595.686,226.923,354.327
600.171,348.966,102.91
597.769,350.44,227.879
595.367,351.914,352.847
348.53,100.51,225.813
344.999,98.7481,350.751
341.469,96.9863,475.689
350.945,225.473,227.644
347.414,223.711,352.582
343.883,221.95,477.519
353.359,350.437,229.474
349.828,348.675,354.412
346.298,346.913,479.35
473.457,98.045,229.309
469.926,96.2832,354.247
466.395,94.5214,479.184
475.871,223.008,231.14
472.341,221.246,356.077
468.81,219.485,481.015
478.286,347.972,232.97
474.755,346.21,357.908
471.224,344.448,482.845
598.384,95.5801,232.805
594.853,93.8182,357.742
591.322,92.0564,482.68
600.798,220.543,234.635
597.267,218.782,359.573
593.737,217.02,484.511
603.213,345.507,236.466
599.682,343.745,361.403
596.151,341.983,486.341
348.563,100.832,351.879
345.644,99.9132,476.841
342.725,98.9943,601.804
350.165,225.818,352.835
347.247,224.899,477.798
344.328,223.98,602.76
351.768,350.804,353.792
348.849,349.885,478.754
345.93,348.966,603.717
473.518,99.2078,354.785
470.6,98.2888,479.748
467.681,97.3699,604.71
475.121,224.194,355.742
472.202,223.275,480.704
469.284,222.356,605.667
476.723,349.18,356.699
473.805,348.261,481.661
470.886,347.342,606.624
598.474,97.5834,357.692
595.555,96.6644,482.655
592.637,95.7455,607.617
600.077,222.569,358.649
597.158,221.65,483.611
594.239,220.732,608.574
601.679,347.556,359.605
598.76,346.637,484.568
595.842,345.718,609.53
349.491,99.7524,475.07
348.914,99.479,600.069
348.337,99.2056,725.067
350.622,224.747,475.349
350.046,224.474,600.347
349.469,224.2,725.346
351.754,349.742,475.627
351.177,349.468,600.626
350.6,349.195,725.624
474.485,98.6197,475.645
473.908,98.3463,600.643
473.331,98.0729,725.641
475.616,223.614,475.923
475.039,223.341,600.922
474.462,223.067,725.92
476.747,348.609,476.202
476.171,348.335,601.2
475.594,348.062,726.199
599.478,97.487,476.219
598.901,97.2136,601.217
598.324,96.9402,726.216
600.61,222.482,476.498
600.033,222.208,601.496
599.456,221.935,726.494
601.741,347.476,476.776
601.164,347.203,601.775
600.587,346.929,726.773
349.056,99.3987,601.139
349.076,98.878,726.138
349.095,98.3574,851.137
352.402,224.353,601.659
352.422,223.832,726.658
352.441,223.311,851.657
355.748,349.307,602.179
355.768,348.786,727.178
355.787,348.266,852.177
474.012,96.0528,601.105
474.031,95.5321,726.104
474.051,95.0115,851.103
477.358,221.007,601.625
477.377,220.486,726.624
477.397,219.966,851.623
480.704,345.961,602.145
480.723,345.44,727.144
480.743,344.92,852.143
598.967,92.7069,601.072
598.986,92.1862,726.071
599.006,91.6656,851.07
602.313,217.661,601.592
602.332,217.14,726.591
602.352,216.62,851.59
605.659,342.615,602.112
605.678,342.094,727.111
605.698,341.574,852.11
351.219,225.294,101.073
348.874,223.061,226.031
346.528,220.828,350.989
353.233,350.258,103.344
350.887,348.024,228.302
348.541,345.791,353.26
355.246,475.221,105.615
352.9,472.987,230.573
350.554,470.754,355.531
476.181,223.239,103.382
473.836,221.006,228.34
471.49,218.773,353.298
478.194,348.202,105.653
475.849,345.969,230.611
473.503,343.736,355.569
480.208,473.166,107.924
477.862,470.932,232.882
475.516,468.699,357.84
601.143,221.184,105.691
598.797,218.951,230.649
596.452,216.717,355.607
603.156,346.147,107.962
600.81,343.914,232.92
598.465,341.681,357.878
605.169,471.11,110.233
602.824,468.877,235.191
600.478,466.644,360.149
348.263,223.306,223.786
346.91,226.171,348.746
345.557,229.036,473.706
350.407,348.255,220.945
349.055,351.12,345.904
347.702,353.985,470.864
352.552,473.204,218.103
351.2,476.069,343.063
349.847,478.934,468.023
473.237,221.192,225.187
471.884,224.057,350.147
470.532,226.922,475.107
475.382,346.141,222.346
474.029,349.007,347.306
472.676,351.872,472.265
477.526,471.091,219.504
476.174,473.956,344.464
474.821,476.821,469.424
598.211,219.079,226.589
596.859,221.944,351.548
595.506,224.809,476.508
600.356,344.028,223.747
599.003,346.893,348.707
597.651,349.758,473.667
602.501,468.977,220.905
601.148,471.843,345.865
599.795,474.708,470.825
351.762,224.503,350.859
352.357,227.19,475.829
352.953,229.878,600.798
354.07,349.453,348.161
354.666,352.14,473.131
355.261,354.827,598.101
356.379,474.402,345.464
356.974,477.09,470.433
357.57,479.777,595.403
476.739,222.182,350.313
477.335,224.87,475.283
477.93,227.557,600.253
479.048,347.132,347.616
479.643,349.819,472.585
480.239,352.506,597.555
481.356,472.082,344.918
481.952,474.769,469.888
482.547,477.456,594.857
601.716,219.862,349.768
602.312,222.549,474.737
602.908,225.236,599.707
604.025,344.811,347.07
604.62,347.499,472.04
605.216,350.186,597.009
606.333,469.761,344.372
606.929,472.448,469.342
607.524,475.135,594.312
349.675,226.807,473.263
346.576,224.011,598.193
343.477,221.215,723.123
352.974,351.731,476.141
349.875,348.934,601.071
346.776,346.138,726.001
356.273,476.654,479.019
353.174,473.858,603.949
350.075,471.061,728.879
474.593,223.439,476.286
471.494,220.642,601.216
468.395,217.846,726.147
477.892,348.362,479.164
474.793,345.566,604.094
471.694,342.769,729.025
481.191,473.285,482.042
478.092,470.489,606.972
474.993,467.693,731.903
599.511,220.07,479.309
596.412,217.274,604.24
593.313,214.478,729.17
602.81,344.994,482.187
599.711,342.197,607.118
596.612,339.401,732.048
606.109,469.917,485.065
603.01,467.121,609.996
599.911,464.324,734.926
349.859,226.512,601.165
346.993,222.858,726.078
344.126,219.205,850.992
347.751,351.442,604.77
344.884,347.788,729.684
342.018,344.135,854.598
345.642,476.372,608.376
342.776,472.719,733.289
339.909,469.065,858.203
474.808,228.536,604.091
471.942,224.883,729.005
469.075,221.229,853.919
472.7,353.466,607.697
469.834,349.813,732.61
466.967,346.159,857.524
470.592,478.396,611.302
467.725,474.743,736.216
464.859,471.09,861.13
599.758,230.56,607.018
596.891,226.907,731.931
594.025,223.253,856.845
597.649,355.49,610.623
594.783,351.837,735.537
591.916,348.184,860.451
595.541,480.421,614.229
592.674,476.767,739.142
589.808,473.114,864.056
349.617,349.673,99.5055
350.306,352.407,224.474
350.994,355.142,349.442
349.462,474.643,96.7722
350.15,477.377,221.74
350.838,480.112,346.709
349.306,599.613,94.0388
349.994,602.347,219.007
350.682,605.082,343.975
474.615,349.814,98.8142
475.304,352.548,223.782
475.992,355.282,348.751
474.46,474.784,96.0808
475.148,477.518,221.049
475.836,480.252,346.017
474.304,599.754,93.3474
474.992,602.488,218.316
475.68,605.222,343.284
599.613,349.954,98.1229
600.302,352.689,223.091
600.99,355.423,348.059
599.458,474.924,95.3895
600.146,477.659,220.358
600.834,480.393,345.326
599.302,599.894,92.6561
599.99,602.629,217.624
600.678,605.363,342.592
349.529,350.04,223.065
347.561,351.967,348.034
345.593,353.894,473.004
351.77,475.006,221.173
349.802,476.933,346.143
347.834,478.859,471.113
354.011,599.972,219.282
352.043,601.898,344.252
350.075,603.825,469.221
474.494,347.83,225.067
472.526,349.756,350.036
470.558,351.683,475.006
476.735,472.795,223.175
474.767,474.722,348.145
472.799,476.649,473.115
478.976,597.761,221.284
477.008,599.688,346.254
475.04,601.614,471.223
599.458,345.619,227.069
597.49,347.546,352.038
595.522,349.472,477.008
601.699,470.585,225.177
599.731,472.511,350.147
597.763,474.438,475.117
603.94,595.55,223.286
601.972,597.477,348.256
600.004,599.403,473.225
348.172,351.946,348.813
345.933,348.732,473.752
343.695,345.517,598.69
346.6,476.896,352
344.362,473.681,476.938
342.123,470.467,601.877
345.028,601.845,355.186
342.79,598.631,480.125
340.551,595.416,605.064
473.142,353.46,351.091
470.903,350.246,476.03
468.665,347.031,600.968
471.57,478.41,354.278
469.332,475.195,479.216
467.093,471.981,604.155
469.999,603.359,357.464
467.76,600.145,482.403
465.521,596.93,607.342
598.112,354.974,353.369
595.873,351.759,478.308
593.635,348.545,603.246
596.54,479.923,356.556
594.302,476.709,481.494
592.063,473.494,606.433
594.969,604.873,359.742
592.73,601.658,484.681
590.491,598.444,609.62
350.604,350.852,476.674
353.184,353.246,601.624
355.763,355.641,726.575
348.27,475.808,474.327
350.849,478.203,599.278
353.429,480.597,724.228
345.935,600.764,471.981
348.515,603.159,596.931
351.094,605.553,721.881
475.556,353.137,474.051
478.135,355.531,599.001
480.715,357.926,723.951
473.221,478.093,471.704
475.801,480.488,596.654
478.38,482.882,721.605
470.887,603.049,469.357
473.466,605.444,594.308
476.046,607.838,719.258
600.507,355.422,471.427
603.087,357.816,596.378
605.666,360.211,721.328
598.173,480.378,469.081
600.752,482.773,594.031
603.332,485.167,718.982
595.839,605.334,466.734
598.418,607.729,591.684
600.997,610.123,716.635
351.764,348.871,601.678
352.094,349.561,726.676
352.425,350.252,851.673
352.932,473.863,600.985
353.262,474.554,725.982
353.592,475.244,850.98
354.099,598.856,600.291
354.429,599.546,725.289
354.76,600.237,850.287
476.758,347.702,601.354
477.089,348.392,726.352
477.419,349.082,851.35
477.926,472.694,600.661
478.256,473.385,725.659
478.586,474.075,850.656
479.093,597.687,599.968
479.424,598.377,724.965
479.754,599.068,849.963
601.752,346.532,601.031
602.083,347.223,726.028
602.413,347.913,851.026
602.92,471.525,600.337
603.25,472.215,725.335
603.58,472.906,850.333
604.087,596.517,599.644
604.418,597.208,724.642
604.748,597.898,849.639
351.335,475.749,99.5797
351.315,473.73,224.563
351.295,471.71,349.547
348.046,600.689,101.598
348.026,598.67,226.582
348.006,596.651,351.565
344.757,725.63,103.616
344.736,723.61,228.6
344.716,721.591,353.584
476.292,479.038,99.653
476.272,477.018,224.637
476.252,474.999,349.62
473.003,603.978,101.671
472.983,601.959,226.655
472.962,599.939,351.639
469.713,728.918,103.689
469.693,726.899,228.673
469.673,724.88,353.657
601.249,482.326,99.7263
601.229,480.307,224.71
601.208,478.287,349.694
597.959,607.267,101.745
597.939,605.247,226.728
597.919,603.228,351.712
594.67,732.207,103.763
594.65,730.188,228.746
594.63,728.168,353.73
350.964,476.651,224.755
353.009,478.544,349.724
355.053,480.438,474.693
350.413,601.635,222.871
352.457,603.529,347.839
354.502,605.422,472.808
349.862,726.62,220.986
351.906,728.513,345.955
353.95,730.407,470.924
475.946,477.171,222.703
477.991,479.065,347.672
480.035,480.958,472.641
475.395,602.156,220.818
477.439,604.049,345.787
479.484,605.942,470.756
474.844,727.14,218.934
476.888,729.034,343.903
478.932,730.927,468.871
600.928,477.691,220.65
602.973,479.585,345.619
605.017,481.478,470.588
600.377,602.676,218.766
602.421,604.569,343.735
604.466,606.463,468.704
599.826,727.661,216.881
601.87,729.554,341.85
603.914,731.447,466.819
349.031,474.884,351.167
348.183,473.149,476.152
347.335,471.413,601.137
351.714,599.843,352.921
350.867,598.108,477.906
350.019,596.372,602.891
354.398,724.802,354.674
353.55,723.067,479.659
352.702,721.331,604.644
473.999,472.189,351.977
473.151,470.454,476.963
472.303,468.718,601.948
476.683,597.148,353.731
475.835,595.412,478.716
474.987,593.677,603.701
479.366,722.107,355.484
478.519,720.371,480.469
477.671,718.636,605.454
598.967,469.494,352.788
598.119,467.758,477.773
597.271,466.023,602.758
601.651,594.453,354.541
600.803,592.717,479.526
599.955,590.982,604.511
604.335,719.411,356.295
603.487,717.676,481.28
602.639,715.94,606.265
348.077,475.914,475.807
347.825,474.013,600.792
347.574,472.112,725.778
346.517,600.89,477.705
346.266,598.989,602.69
346.015,597.088,727.675
344.958,725.865,479.602
344.707,723.965,604.588
344.455,722.064,729.573
473.067,477.469,476.082
472.815,475.568,601.067
472.564,473.667,726.053
471.507,602.445,477.98
471.256,600.544,602.965
471.005,598.643,727.95
469.948,727.421,479.877
469.697,725.52,604.863
469.445,723.619,729.848
598.057,479.025,476.357
597.805,477.124,601.342
597.554,475.223,726.328
596.497,604,478.255
596.246,602.099,603.24
595.995,600.198,728.225
594.938,728.976,480.152
594.687,727.075,605.138
594.435,725.174,730.123
350.483,473.506,600.879
347.287,477.016,725.789
344.091,480.525,850.699
348.349,598.437,597.315
345.153,601.947,722.225
341.956,605.456,847.134
346.214,723.368,593.75
343.018,726.877,718.66
339.822,730.387,843.57
475.424,475.731,604.014
472.228,479.24,728.924
469.032,482.749,853.833
473.29,600.661,600.449
470.094,604.171,725.359
466.897,607.68,850.269
471.155,725.592,596.885
467.959,729.102,721.795
464.763,732.611,846.705
600.365,477.955,607.148
597.169,481.464,732.058
593.973,484.973,856.968
598.231,602.886,603.584
595.034,606.395,728.494
591.838,609.904,853.404
596.096,727.817,600.02
592.9,731.326,724.929
589.704,734.835,849.839
351.663,598.018,100.315
354.724,596.176,225.264
357.784,594.334,350.213
354.729,722.968,102.082
357.79,721.126,227.031
360.851,719.284,351.98
357.796,847.918,103.849
360.856,846.076,228.798
363.917,844.234,353.747
476.588,594.996,97.2109
479.649,593.154,222.16
482.709,591.313,347.109
479.654,719.946,98.9775
482.715,718.104,223.926
485.775,716.263,348.875
482.72,844.896,100.744
485.781,843.054,225.693
488.842,841.212,350.642
601.513,591.974,94.1063
604.574,590.133,219.055
607.634,588.291,344.004
604.579,716.924,95.8729
607.64,715.083,220.822
610.7,713.241,345.771
607.645,841.874,97.6396
610.706,840.033,222.589
613.767,838.191,347.538
350.849,600.521,226.604
352.62,601.473,351.588
354.391,602.424,476.571
348.868,725.502,225.68
350.639,726.453,350.664
352.41,727.405,475.648
346.887,850.483,224.757
348.658,851.434,349.741
350.429,852.386,474.724
475.821,602.489,224.818
477.592,603.44,349.802
479.362,604.392,474.786
473.84,727.469,223.895
475.611,728.421,348.879
477.382,729.373,473.862
471.859,852.45,222.971
473.63,853.402,347.955
475.401,854.354,472.939
600.793,604.456,223.033
602.563,605.408,348.016
604.334,606.359,473
598.812,729.437,222.109
600.583,730.389,347.093
602.353,731.34,472.077
596.831,854.418,221.186
598.602,855.369,346.169
600.372,856.321,471.153
351.835,601.37,348.374
354.486,603.829,473.321
357.138,606.288,598.269
351.66,726.346,345.918
354.311,728.805,470.866
356.963,731.263,595.813
351.484,851.322,343.462
354.136,853.78,468.41
356.787,856.239,593.358
476.806,601.493,345.719
479.458,603.952,470.667
482.11,606.411,595.614
476.631,726.469,343.263
479.283,728.928,468.211
481.934,731.386,593.159
476.456,851.445,340.808
479.108,853.903,465.755
481.759,856.362,590.703
601.778,601.616,343.065
604.43,604.075,468.012
607.081,606.534,592.96
601.603,726.592,340.609
604.255,729.051,465.557
606.906,731.509,590.504
601.428,851.568,338.153
604.079,854.026,463.101
606.731,856.485,588.049
351.724,599.13,475.676
351.939,596.783,600.653
352.153,594.436,725.631
351.873,724.108,478.022
352.087,721.761,603
352.302,719.414,727.978
352.021,849.085,480.368
352.236,846.739,605.346
352.45,844.392,730.324
476.724,598.985,475.459
476.938,596.638,600.436
477.153,594.292,725.414
476.873,723.963,477.805
477.087,721.616,602.783
477.301,719.27,727.761
477.021,848.941,480.151
477.236,846.594,605.129
477.45,844.247,730.107
601.724,598.84,475.241
601.938,596.494,600.219
602.152,594.147,725.197
601.872,723.818,477.588
602.087,721.472,602.566
602.301,719.125,727.543
602.021,848.796,479.934
602.235,846.45,604.912
602.45,844.103,729.89
350.237,600.644,598.671
352.086,597.951,723.628
353.934,595.257,848.586
351.573,725.609,601.345
353.421,722.915,726.303
355.269,720.221,851.26
352.908,850.573,604.019
354.756,847.879,728.977
356.605,845.186,853.934
475.217,599.349,596.795
477.065,596.655,721.752
478.913,593.962,846.709
476.552,724.313,599.469
478.4,721.62,724.426
480.248,718.926,849.383
477.887,849.278,602.143
479.736,846.584,727.1
481.584,843.89,852.058
600.196,598.054,594.918
602.044,595.36,719.876
603.892,592.666,844.833
601.531,723.018,597.592
603.379,720.324,722.55
605.228,717.63,847.507
602.867,847.982,600.267
604.715,845.288,725.224
606.563,842.595,850.181
475.483,98.0334,99.9903
473.083,95.6073,224.944
470.683,93.1812,349.897
477.562,222.992,102.456
475.162,220.566,227.41
472.762,218.14,352.363
479.641,347.95,104.923
477.241,345.524,229.876
474.841,343.098,354.829
600.443,95.9082,102.349
598.043,93.4821,227.303
595.643,91.056,352.256
602.522,220.867,104.815
600.122,218.44,229.769
597.722,216.014,354.722
604.6,345.825,107.281
602.2,343.399,232.235
599.8,340.973,357.188
725.403,93.783,104.708
723.003,91.3569,229.661
720.603,88.9307,354.615
727.481,218.741,107.174
725.081,216.315,232.128
722.681,213.889,357.081
729.56,343.7,109.64
727.16,341.274,234.594
724.76,338.847,359.547
474.051,100.49,226.677
473.407,101.623,351.671
472.763,102.756,476.664
474.598,225.484,225.547
473.954,226.617,350.54
473.31,227.75,475.534
475.145,350.477,224.417
474.501,351.611,349.41
473.857,352.744,474.403
599.049,99.9492,227.326
598.405,101.082,352.32
597.76,102.215,477.313
599.595,224.943,226.196
598.951,226.076,351.189
598.307,227.209,476.183
600.142,349.937,225.066
599.498,351.07,350.059
598.854,352.203,475.052
724.046,99.4084,227.975
723.402,100.542,352.969
722.758,101.675,477.962
724.592,224.402,226.845
723.948,225.535,351.838
723.304,226.668,476.832
725.139,349.396,225.715
724.495,350.529,350.708
723.851,351.662,475.701
474.496,100.574,348.257
474.64,102.076,473.248
474.783,103.578,598.239
477.795,225.521,346.752
477.938,227.023,471.743
478.081,228.525,596.734
481.093,350.468,345.247
481.236,351.97,470.238
481.379,353.473,595.228
599.453,97.2737,348.154
599.596,98.7758,473.145
599.739,100.278,598.136
602.751,222.221,346.649
602.894,223.723,471.639
603.037,225.225,596.63
606.05,347.169,345.143
606.193,348.671,470.134
606.336,350.173,595.125
724.409,93.9739,348.051
724.552,95.476,473.041
724.695,96.9781,598.032
727.708,218.921,346.545
727.851,220.423,471.536
727.994,221.926,596.527
731.006,343.869,345.04
731.149,345.371,470.031
731.292,346.873,595.022
474.39,99.7599,475.929
477.739,101.271,600.875
481.088,102.782,725.821
472.826,224.741,474.46
476.175,226.253,599.406
479.524,227.764,724.352
471.262,349.723,472.99
474.611,351.234,597.936
477.96,352.745,722.882
599.335,101.284,472.562
602.684,102.795,597.508
606.033,104.306,722.454
597.771,226.266,471.092
601.12,227.777,596.038
604.469,229.288,720.984
596.207,351.247,469.622
599.556,352.758,594.568
602.905,354.27,719.514
724.281,102.808,469.195
727.63,104.319,594.14
730.979,105.831,719.086
722.716,227.79,467.725
726.065,229.301,592.671
729.414,230.812,717.617
721.152,352.771,466.255
724.501,354.283,591.201
727.85,355.794,716.147
474.195,98.3977,599.583
471.946,97.2416,724.557
469.698,96.0855,849.532
471.525,223.364,600.691
469.277,222.208,725.665
467.028,221.052,850.64
468.856,348.331,601.799
466.607,347.175,726.773
464.358,346.019,851.748
599.146,101.047,601.856
596.897,99.8906,726.83
594.649,98.7346,851.805
596.476,226.013,602.964
594.228,224.857,727.938
591.979,223.701,852.913
593.807,350.98,604.072
591.558,349.824,729.046
589.31,348.668,854.02
724.097,103.696,604.128
721.849,102.54,729.103
719.6,101.384,854.077
721.428,228.662,605.236
719.179,227.506,730.211
716.931,226.35,855.185
718.758,353.629,606.344
716.51,352.473,731.319
714.261,351.317,856.293
474.658,223.518,99.1764
473.509,222.979,224.17
472.36,222.44,349.163
476.009,348.509,99.7276
474.86,347.97,224.721
473.711,347.431,349.715
477.359,473.501,100.279
476.21,472.962,225.272
475.061,472.423,350.266
599.646,222.162,100.32
598.497,221.623,225.313
597.348,221.084,350.307
600.996,347.153,100.871
599.847,346.615,225.864
598.698,346.076,350.858
602.347,472.145,101.422
601.198,471.606,226.416
600.049,471.067,351.409
724.633,220.806,101.463
723.484,220.268,226.456
722.335,219.729,351.45
725.984,345.798,102.014
724.835,345.259,227.008
723.686,344.72,352.001
727.334,470.789,102.565
726.185,470.251,227.559
725.036,469.712,352.552
473.309,223.477,223.06
473.388,219.944,348.01
473.467,216.411,472.96
472.021,348.42,226.594
472.099,344.887,351.544
472.178,341.354,476.494
470.732,473.364,230.127
470.81,469.831,355.077
470.889,466.298,480.027
598.303,224.767,223.018
598.381,221.235,347.968
598.46,217.702,472.918
597.014,349.711,226.551
597.093,346.178,351.501
597.171,342.645,476.451
595.725,474.654,230.085
595.804,471.121,355.035
595.883,467.588,479.985
723.296,226.058,222.975
723.375,222.525,347.925
723.454,218.992,472.875
722.007,351.001,226.509
722.086,347.468,351.459
722.165,343.936,476.409
720.718,475.945,230.043
720.797,472.412,354.993
720.876,468.879,479.943
476.635,226.095,349.206
476.789,226.981,474.203
476.943,227.867,599.199
477.156,351.091,348.319
477.311,351.977,473.316
477.465,352.863,598.313
477.678,476.087,347.433
477.832,476.973,472.429
477.987,477.859,597.426
601.634,225.573,349.055
601.788,226.459,474.052
601.942,227.345,599.049
602.155,350.568,348.169
602.31,351.454,473.166
602.464,352.34,598.162
602.677,475.564,347.282
602.831,476.45,472.279
602.985,477.336,597.276
726.632,225.05,348.905
726.787,225.936,473.902
726.941,226.822,598.898
727.154,350.046,348.018
727.308,350.932,473.015
727.463,351.818,598.012
727.676,475.041,347.132
727.83,475.927,472.128
727.984,476.813,597.125
476.499,224.714,476.369
475.111,224.475,601.361
473.722,224.237,726.353
476.717,349.713,476.61
475.328,349.475,601.602
473.939,349.237,726.594
476.934,474.713,476.85
475.545,474.475,601.842
474.157,474.237,726.834
601.491,224.494,477.757
600.103,224.255,602.75
598.714,224.017,727.742
601.709,349.493,477.998
600.32,349.255,602.99
598.931,349.017,727.982
601.926,474.493,478.239
600.537,474.255,603.231
599.149,474.017,728.223
726.483,224.274,479.146
725.095,224.035,604.138
723.706,223.797,729.13
726.701,349.273,479.386
725.312,349.035,604.378
723.924,348.797,729.37
726.918,474.273,479.627
725.53,474.035,604.619
724.141,473.797,729.611
475.833,224.304,601.679
476.9,227.099,726.643
477.967,229.894,851.608
472.894,349.239,598.91
473.961,352.034,723.874
475.028,354.829,848.838
469.955,474.174,596.141
471.022,476.969,721.105
472.089,479.764,846.069
600.794,227.219,600.547
601.861,230.014,725.511
602.928,232.809,850.475
597.855,352.154,597.778
598.922,354.949,722.742
599.989,357.743,847.706
594.916,477.088,595.008
595.983,479.883,719.973
597.05,482.678,844.937
725.755,230.133,599.414
726.822,232.928,724.379
727.889,235.723,849.343
722.816,355.068,596.645
723.883,357.863,721.609
724.95,360.658,846.574
719.877,480.003,593.876
720.944,482.798,718.84
722.011,485.593,843.804
476.04,348.568,98.6516
476.377,346.418,223.633
476.714,344.268,348.614
476.462,473.549,100.801
476.798,471.399,225.782
477.135,469.248,350.763
476.883,598.53,102.95
477.219,596.38,227.931
477.556,594.229,352.912
601.039,348.153,98.3077
601.376,346.003,223.289
601.713,343.852,348.27
601.46,473.134,100.457
601.797,470.984,225.438
602.134,468.833,350.419
601.882,598.115,102.606
602.218,595.964,227.587
602.555,593.814,352.568
726.038,347.738,97.9638
726.375,345.588,222.945
726.711,343.437,347.926
726.459,472.719,100.113
726.796,470.568,225.094
727.133,468.418,350.075
726.88,597.7,102.262
727.217,595.549,227.243
727.554,593.399,352.224
475.256,351.781,224.867
473.705,348.105,349.803
472.155,344.429,474.739
478.666,476.679,228.584
477.115,473.003,353.52
475.565,469.327,478.457
482.076,601.578,232.301
480.526,597.901,357.238
478.975,594.225,482.174
600.199,348.327,226.315
598.649,344.65,351.252
597.098,340.974,476.188
603.61,473.225,230.033
602.059,469.549,354.969
600.509,465.872,479.906
607.02,598.123,233.75
605.469,594.447,358.687
603.919,590.77,483.623
725.143,344.872,227.764
723.593,341.196,352.701
722.042,337.52,477.637
728.554,469.77,231.482
727.003,466.094,356.418
725.453,462.418,481.355
731.964,594.668,235.199
730.413,590.992,360.136
728.863,587.316,485.072
474.113,351.943,348.122
471.944,352.314,473.102
469.775,352.686,598.083
473.736,476.942,347.744
471.567,477.313,472.724
469.398,477.685,597.705
473.359,601.94,347.365
471.19,602.312,472.346
469.021,602.684,597.327
599.094,352.326,350.29
596.925,352.698,475.27
594.756,353.07,600.251
598.717,477.325,349.911
596.548,477.697,474.892
594.379,478.068,599.873
598.34,602.324,349.533
596.171,602.696,474.514
594.002,603.067,599.494
724.074,352.71,352.457
721.905,353.082,477.438
719.737,353.453,602.419
723.697,477.709,352.079
721.528,478.08,477.06
719.359,478.452,602.04
723.32,602.708,351.701
721.151,603.079,476.682
718.982,603.451,601.662
473.644,350.176,475.501
476.228,348.435,600.462
478.812,346.694,725.424
473.951,475.164,477.237
476.535,473.423,602.198
479.118,471.681,727.159
474.258,600.152,478.972
476.841,598.41,603.933
479.425,596.669,728.894
598.617,349.906,472.914
601.201,348.164,597.875
603.785,346.423,722.836
598.924,474.893,474.649
601.508,473.152,599.61
604.091,471.411,724.571
599.231,599.881,476.384
601.814,598.14,601.345
604.398,596.398,726.306
723.59,349.635,470.326
726.174,347.894,595.287
728.758,346.152,720.248
723.897,474.623,472.061
726.481,472.881,597.022
729.064,471.14,721.983
724.203,599.61,473.796
726.787,597.869,598.758
729.371,596.128,723.719
473.053,350.886,598.062
472.642,352.245,723.054
472.23,353.605,848.046
476.095,475.841,596.713
475.684,477.201,721.705
475.272,478.56,846.697
479.138,600.797,595.364
478.726,602.157,720.356
478.315,603.516,845.348
598.015,347.848,598.506
597.604,349.207,723.498
597.192,350.567,848.49
601.058,472.804,597.157
600.646,474.163,722.149
600.235,475.523,847.141
604.1,597.759,595.808
603.689,599.119,720.8
603.277,600.478,845.792
722.978,344.81,598.951
722.566,346.17,723.943
722.155,347.529,848.935
726.02,469.766,597.602
725.609,471.125,722.594
725.197,472.485,847.586
729.062,594.722,596.253
728.651,596.081,721.245
728.239,597.441,846.237
475.031,474.605,101.261
476.664,471.98,226.223
478.297,469.355,351.185
473.237,599.564,103.91
474.87,596.939,228.872
476.503,594.314,353.833
471.444,724.523,106.558
473.077,721.898,231.52
474.71,719.273,356.482
600.007,476.433,99.6662
601.64,473.808,224.628
603.273,471.182,349.59
598.214,601.392,102.315
599.847,598.767,227.277
601.48,596.141,352.238
596.42,726.351,104.963
598.053,723.726,229.925
599.686,721.1,354.887
724.984,478.26,98.0713
726.617,475.635,223.033
728.25,473.01,347.995
723.19,603.219,100.72
724.823,600.594,225.682
726.456,597.969,350.643
721.396,728.178,103.368
723.03,725.553,228.33
724.663,722.928,353.292
476.995,474.269,224.524
479.448,473.692,349.499
481.901,473.115,474.473
475.555,599.259,225.129
478.008,598.682,350.104
480.461,598.105,475.079
474.114,724.249,225.735
476.567,723.672,350.71
479.02,723.095,475.684
601.963,475.721,222.078
604.416,475.144,347.052
606.869,474.567,472.027
600.522,600.711,222.683
602.975,600.134,347.658
605.428,599.557,472.632
599.082,725.701,223.289
601.535,725.124,348.263
603.988,724.547,473.238
726.93,477.173,219.632
729.383,476.596,344.606
731.836,476.018,469.581
725.49,602.163,220.237
727.943,601.586,345.212
730.396,601.009,470.186
724.05,727.153,220.843
726.503,726.576,345.817
728.956,725.999,470.792
475.497,473.572,349.141
477.51,471.849,474.113
479.524,470.127,599.085
474.126,598.553,350.886
476.14,596.83,475.858
478.153,595.107,600.83
472.755,723.533,352.631
474.769,721.81,477.603
476.783,720.087,602.575
600.473,474.971,347.146
602.487,473.248,472.118
604.5,471.525,597.09
599.102,599.951,348.892
601.116,598.228,473.864
603.13,596.505,598.835
597.732,724.931,350.637
599.745,723.209,475.609
601.759,721.486,600.581
725.449,476.369,345.152
727.463,474.646,470.124
729.477,472.923,595.096
724.079,601.35,346.897
726.092,599.627,471.869
728.106,597.904,596.841
722.708,726.33,348.642
724.722,724.607,473.614
726.735,722.884,598.586
475.083,474.428,473.369
474.536,477.969,598.317
473.989,481.511,723.266
473.976,599.372,469.822
473.429,602.914,594.771
472.882,606.456,719.72
472.868,724.317,466.276
472.321,727.859,591.224
471.775,731.401,716.173
600.077,475.55,473.884
599.53,479.092,598.833
598.983,482.634,723.781
598.97,600.495,470.338
598.423,604.037,595.286
597.876,607.578,720.235
597.862,725.44,466.791
597.315,728.981,591.74
596.768,732.523,716.688
725.071,476.673,474.4
724.524,480.214,599.348
723.977,483.756,724.297
723.964,601.617,470.853
723.417,605.159,595.802
722.87,608.701,720.75
722.856,726.562,467.307
722.309,730.104,592.255
721.762,733.646,717.204
473.139,476.809,599.459
475.377,478.895,724.422
477.615,480.982,849.384
470.17,601.757,597.426
472.408,603.844,722.389
474.646,605.93,847.351
467.201,726.706,595.393
469.439,728.792,720.356
471.677,730.878,845.319
598.084,479.741,597.173
600.322,481.827,722.135
602.559,483.913,847.098
595.115,604.689,595.14
597.353,606.775,720.103
599.59,608.861,845.065
592.146,729.637,593.107
594.384,731.724,718.07
596.621,733.81,843.032
723.029,482.673,594.886
725.266,484.759,719.849
727.504,486.845,844.812
720.06,607.621,592.854
722.297,609.707,717.816
724.535,611.793,842.779
717.091,732.569,590.821
719.328,734.655,715.784
721.566,736.741,840.746
473.316,599.776,100.519
471.43,600.99,225.498
469.543,602.204,350.478
469.921,724.724,99.2535
468.035,725.938,224.233
466.148,727.152,349.213
466.526,849.671,97.9884
464.64,850.885,222.968
462.753,852.099,347.948
598.256,603.19,102.371
596.37,604.404,227.351
594.483,605.618,352.331
594.861,728.137,101.106
592.974,729.351,226.086
591.088,730.566,351.066
591.466,853.085,99.8411
589.579,854.299,224.821
587.693,855.513,349.801
723.196,606.604,104.224
721.309,607.818,229.204
719.423,609.032,354.184
719.801,731.551,102.959
717.914,732.765,227.939
716.028,733.979,352.919
716.405,856.499,101.694
714.519,857.713,226.674
712.632,858.927,351.654
474.23,598.864,223.922
474.743,599.726,348.918
475.256,600.588,473.914
471.699,723.835,223.071
472.212,724.697,348.067
472.725,725.559,473.063
469.168,848.807,222.22
469.681,849.669,347.216
470.194,850.531,472.212
599.203,601.391,223.392
599.716,602.253,348.388
600.23,603.115,473.384
596.672,726.363,222.54
597.185,727.225,347.536
597.699,728.086,472.532
594.141,851.334,221.689
594.654,852.196,346.685
595.168,853.058,471.681
724.176,603.919,222.861
724.69,604.78,347.857
725.203,605.642,472.853
721.645,728.89,222.01
722.159,729.752,347.006
722.672,730.614,472.002
719.114,853.862,221.159
719.628,854.723,346.154
720.141,855.585,471.15
474.329,598.176,350.636
471.688,601.874,475.553
469.047,605.571,600.471
473.838,723.12,346.927
471.197,726.818,471.845
468.556,730.515,596.762
473.347,848.064,343.219
470.706,851.762,468.136
468.065,855.459,593.054
599.301,598.745,353.262
596.659,602.443,478.179
594.018,606.14,603.096
598.81,723.689,349.553
596.168,727.387,474.47
593.527,731.084,599.388
598.319,848.633,345.844
595.677,852.331,470.762
593.036,856.028,595.679
724.272,599.314,355.887
721.63,603.012,480.805
718.989,606.709,605.722
723.781,724.258,352.179
721.139,727.956,477.096
718.498,731.653,602.013
723.29,849.202,348.47
720.648,852.9,473.387
718.007,856.597,598.305
475.407,599.007,473.271
473.114,601.342,598.228
470.82,603.677,723.186
472.272,723.945,470.879
469.978,726.28,595.836
467.685,728.615,720.793
469.137,848.883,468.487
466.843,851.218,593.444
464.549,853.553,718.401
600.347,602.185,475.505
598.053,604.52,600.462
595.76,606.855,725.419
597.212,727.123,473.113
594.918,729.458,598.07
592.624,731.793,723.027
594.076,852.061,470.721
591.783,854.396,595.678
589.489,856.731,720.635
725.287,605.364,477.739
722.993,607.699,602.696
720.699,610.034,727.653
722.151,730.301,475.347
719.858,732.636,600.304
717.564,734.971,725.261
719.016,855.239,472.955
716.722,857.574,597.912
714.429,859.909,722.869
475.606,599.533,600.068
474.45,601.523,725.047
473.293,603.514,850.026
478.855,724.475,598.108
477.699,726.466,723.087
476.542,728.456,848.066
482.104,849.418,596.148
480.948,851.408,721.127
479.791,853.399,846.106
600.558,596.303,601.275
599.402,598.293,726.254
598.246,600.283,851.233
603.807,721.245,599.316
602.651,723.235,724.294
601.495,725.226,849.273
607.056,846.187,597.356
605.9,848.178,722.335
604.744,850.168,847.313
725.511,593.072,602.483
724.354,595.063,727.462
723.198,597.053,852.44
728.76,718.015,600.523
727.603,720.005,725.502
726.447,721.996,850.481
732.009,842.957,598.563
730.852,844.948,723.542
729.696,846.938,848.521
598.663,98.0657,101.294
601.725,100.007,226.241
604.787,101.949,351.188
596.531,223.033,99.4038
599.593,224.975,224.351
602.655,226.917,349.299
594.4,348.001,97.514
597.461,349.942,222.461
600.523,351.884,347.409
723.607,100.15,98.1994
726.669,102.092,223.147
729.731,104.034,348.094
721.476,225.118,96.3096
724.538,227.06,221.257
727.599,229.001,346.204
719.344,350.085,94.4197
722.406,352.027,219.367
725.468,353.969,344.315
848.552,102.235,95.1051
851.614,104.177,220.053
854.676,106.118,345
846.42,227.202,93.2153
849.482,229.144,218.163
852.544,231.086,343.11
844.288,352.17,91.3255
847.35,354.112,216.273
850.412,356.053,341.22
600.731,99.7113,225.541
597.53,99.4515,350.5
594.33,99.1917,475.458
598.649,224.694,225.747
595.448,224.434,350.706
592.248,224.174,475.665
596.567,349.676,225.954
593.367,349.416,350.913
590.166,349.157,475.871
725.673,101.787,228.745
722.472,101.527,353.704
719.271,101.268,478.663
723.591,226.77,228.952
720.39,226.51,353.911
717.189,226.25,478.869
721.509,351.752,229.158
718.308,351.492,354.117
715.108,351.233,479.076
850.614,103.863,231.95
847.414,103.603,356.909
844.213,103.344,481.867
848.532,228.846,232.156
845.332,228.586,357.115
842.131,228.326,482.074
846.451,353.828,232.363
843.25,353.568,357.322
840.049,353.309,482.28
600.347,101.862,351.85
599.119,98.9685,476.81
597.89,96.0746,601.771
598.782,226.82,354.728
597.553,223.926,479.689
596.324,221.032,604.649
597.217,351.777,357.607
595.988,348.883,482.567
594.759,345.989,607.528
725.332,103.399,353.114
724.103,100.505,478.075
722.874,97.6112,603.035
723.766,228.356,355.993
722.537,225.462,480.953
721.308,222.568,605.914
722.201,353.313,358.871
720.972,350.419,483.832
719.743,347.525,608.792
850.316,104.936,354.379
849.087,102.042,479.339
847.858,99.1479,604.3
848.75,229.893,357.258
847.521,226.999,482.218
846.293,224.105,607.178
847.185,354.85,360.136
845.956,351.956,485.096
844.727,349.062,610.057
600.277,99.9534,474.409
599.288,102.347,599.382
598.299,104.74,724.356
599.517,224.928,472.01
598.528,227.321,596.983
597.539,229.715,721.956
598.757,349.903,469.61
597.768,352.296,594.583
596.779,354.69,719.557
725.27,100.732,475.383
724.281,103.125,600.357
723.292,105.519,725.33
724.511,225.706,472.984
723.522,228.1,597.957
722.533,230.493,722.93
723.751,350.681,470.585
722.762,353.075,595.558
721.773,355.468,720.531
850.264,101.51,476.358
849.275,103.904,601.331
848.286,106.297,726.304
849.504,226.485,473.958
848.516,228.878,598.931
847.527,231.272,723.905
848.745,351.46,471.559
847.756,353.853,596.532
846.767,356.246,721.505
599.673,101.169,599.758
603.334,99.4439,724.692
606.995,97.7189,849.627
597.11,226.13,601.558
600.771,224.405,726.493
604.432,222.68,851.427
594.547,351.09,603.359
598.208,349.365,728.293
601.869,347.64,853.228
724.594,103.783,596.134
728.255,102.058,721.068
731.915,100.333,846.002
722.03,228.744,597.934
725.691,227.019,722.868
729.352,225.294,847.803
719.467,353.705,599.734
723.128,351.98,724.669
726.789,350.255,849.603
849.514,106.398,592.509
853.175,104.673,717.444
856.836,102.948,842.378
846.951,231.359,594.31
850.612,229.634,719.244
854.273,227.909,844.178
844.388,356.319,596.11
848.048,354.594,721.044
851.709,352.869,845.979
598.033,223.847,100.868
597.735,224.791,225.864
597.436,225.734,350.86
594.288,348.788,99.9164
593.989,349.731,224.912
593.69,350.674,349.909
590.542,473.728,98.9646
590.243,474.671,223.961
589.944,475.614,348.957
722.977,227.595,101.138
722.678,228.539,226.135
722.379,229.482,351.131
719.231,352.536,100.187
718.932,353.479,225.183
718.634,354.422,350.179
715.485,477.476,99.235
715.186,478.419,224.231
714.888,479.362,349.227
847.92,231.343,101.409
847.622,232.287,226.405
847.323,233.23,351.401
844.175,356.284,100.457
843.876,357.227,225.453
843.577,358.17,350.449
840.429,481.224,99.5054
840.13,482.167,224.501
839.831,483.11,349.498
599.104,223.587,223.761
599.52,221.43,348.742
599.935,219.272,473.722
597.707,348.56,225.923
598.123,346.403,350.903
598.538,344.246,475.884
596.31,473.534,228.085
596.726,471.377,353.065
597.141,469.219,478.046
724.096,224.991,223.37
724.511,222.834,348.351
724.926,220.676,473.331
722.699,349.964,225.532
723.114,347.807,350.512
723.53,345.65,475.493
721.302,474.938,227.693
721.717,472.781,352.674
722.133,470.623,477.655
849.087,226.395,222.979
849.503,224.237,347.959
849.918,222.08,472.94
847.69,351.368,225.14
848.106,349.211,350.121
848.521,347.054,475.102
846.293,476.342,227.302
846.709,474.184,352.283
847.124,472.027,477.264
600.967,224.086,350.318
604.064,225.53,475.271
607.161,226.974,600.224
599.144,349.065,348.919
602.241,350.509,473.872
605.339,351.953,598.826
597.321,474.044,347.52
600.418,475.488,472.473
603.516,476.932,597.427
725.915,225.874,347.2
729.012,227.318,472.153
732.11,228.761,597.107
724.092,350.853,345.801
727.19,352.297,470.754
730.287,353.74,595.708
722.27,475.832,344.402
725.367,477.275,469.356
728.464,478.719,594.309
850.864,227.661,344.082
853.961,229.105,469.036
857.058,230.549,593.989
849.041,352.64,342.683
852.138,354.084,467.637
855.235,355.528,592.59
847.218,477.619,341.285
850.315,479.063,466.238
853.412,480.507,591.191
598.939,223.646,476.174
600.54,222.073,601.154
602.141,220.501,726.133
596.183,348.605,477.781
597.785,347.033,602.761
599.386,345.46,727.741
593.428,473.564,479.389
595.029,471.992,604.369
596.63,470.419,729.349
723.898,226.421,474.608
725.499,224.849,599.588
727.101,223.276,724.568
721.143,351.381,476.215
722.744,349.808,601.195
724.345,348.236,726.175
718.387,476.34,477.823
719.988,474.767,602.803
721.59,473.195,727.783
848.858,229.197,473.042
850.459,227.624,598.022
852.06,226.052,723.002
846.102,354.156,474.649
847.703,352.584,599.629
849.304,351.011,724.609
843.347,479.116,476.257
844.948,477.543,601.237
846.549,475.971,726.217
599.912,223.546,599.836
601.461,222.266,724.82
603.01,220.986,849.804
597.712,348.52,601.144
599.261,347.24,726.127
600.81,345.959,851.111
595.511,473.494,602.451
597.061,472.214,727.435
598.61,470.933,852.419
724.883,225.763,598.31
726.432,224.482,723.294
727.981,223.202,848.277
722.683,350.736,599.617
724.232,349.456,724.601
725.781,348.176,849.585
720.482,475.71,600.925
722.032,474.43,725.909
723.581,473.149,850.892
849.854,227.979,596.783
851.403,226.698,721.767
852.952,225.418,846.751
847.654,352.953,598.091
849.203,351.672,723.075
850.752,350.392,848.059
845.453,477.926,599.398
847.003,476.646,724.382
848.552,475.366,849.366
600.459,349.54,100.2
598.911,348.39,225.185
597.364,347.24,350.17
602.797,474.512,101.379
601.25,473.362,226.364
599.703,472.212,351.349
605.136,599.485,102.558
603.589,598.335,227.543
602.042,597.185,352.528
725.427,347.186,101.725
723.88,346.036,226.71
722.333,344.886,351.695
727.766,472.159,102.904
726.219,471.009,227.889
724.672,469.859,352.874
730.105,597.132,104.083
728.558,595.982,229.068
727.011,594.832,354.053
850.396,344.833,103.25
848.849,343.683,228.235
847.302,342.533,353.221
852.735,469.806,104.429
851.187,468.656,229.414
849.64,467.506,354.399
855.073,594.778,105.608
853.526,593.628,230.593
851.979,592.478,355.578
601.428,351.664,226.844
599.324,352.545,351.823
597.22,353.426,476.802
598.856,476.635,225.92
596.752,477.515,350.899
594.647,478.396,475.878
596.284,601.605,224.996
594.179,602.485,349.975
592.075,603.366,474.955
726.384,354.252,228.93
724.28,355.133,353.909
722.175,356.013,478.888
723.812,479.222,228.006
721.708,480.103,352.985
719.603,480.983,477.964
721.24,604.192,227.082
719.135,605.073,352.061
717.031,605.954,477.04
851.34,356.839,231.016
849.236,357.72,355.995
847.131,358.601,480.974
848.768,481.809,230.092
846.663,482.69,355.071
844.559,483.571,480.05
846.196,606.779,229.168
844.091,607.66,354.147
841.987,608.541,479.126
600.44,351.546,349.127
596.84,349.314,474.055
593.241,347.082,598.983
599.355,476.522,351.328
595.756,474.29,476.257
592.156,472.058,601.185
598.27,601.498,353.53
594.671,599.266,478.458
591.071,597.034,603.386
725.384,352.567,352.745
721.784,350.335,477.674
718.184,348.103,602.602
724.299,477.542,354.947
720.699,475.311,479.875
717.099,473.079,604.803
723.214,602.518,357.148
719.614,600.287,482.076
716.015,598.055,607.005
850.327,353.587,356.364
846.727,351.356,481.292
843.128,349.124,606.22
849.242,478.563,358.565
845.643,476.331,483.493
842.043,474.1,608.421
848.157,603.539,360.766
844.558,601.307,485.695
840.958,599.076,610.623
601.904,349.427,475.896
604.172,352.87,600.828
606.441,356.313,725.76
600.186,474.369,472.484
602.455,477.812,597.416
604.723,481.255,722.348
598.469,599.311,469.072
600.737,602.754,594.004
603.006,606.197,718.936
726.871,351.082,473.582
729.14,354.525,598.514
731.408,357.968,723.445
725.154,476.023,470.169
727.422,479.466,595.101
729.691,482.909,720.033
723.437,600.965,466.757
725.705,604.408,591.689
727.974,607.851,716.621
851.839,352.736,471.267
854.107,356.179,596.199
856.376,359.622,721.131
850.122,477.678,467.855
852.39,481.121,592.787
854.658,484.564,717.719
848.404,602.619,464.443
850.673,606.063,589.375
852.941,609.506,714.307
600.983,351.1,598.932
603.917,350.678,723.897
606.85,350.257,848.862
600.496,476.098,599.365
603.43,475.676,724.33
606.363,475.255,849.295
600.009,601.096,599.798
602.943,600.675,724.763
605.876,600.253,849.728
725.947,351.597,596
728.881,351.175,720.965
731.815,350.754,845.93
725.46,476.595,596.433
728.394,476.173,721.398
731.328,475.752,846.363
724.973,601.593,596.866
727.907,601.172,721.831
730.841,600.75,846.796
850.912,352.094,593.068
853.846,351.672,718.033
856.78,351.251,842.998
850.425,477.092,593.501
853.359,476.67,718.466
856.293,476.249,843.431
849.938,602.09,593.934
852.872,601.669,718.899
855.806,601.247,843.864
599.44,473.212,98.9186
601.055,474.054,223.905
602.67,474.897,348.892
601.037,598.199,98.0554
602.653,599.041,223.042
604.268,599.884,348.029
602.635,723.185,97.1923
604.25,724.028,222.179
605.865,724.87,347.166
724.419,471.604,97.3143
726.035,472.446,222.301
727.65,473.288,347.288
726.017,596.59,96.4512
727.632,597.433,221.438
729.247,598.275,346.425
727.614,721.577,95.588
729.229,722.42,220.575
730.844,723.262,345.561
849.399,469.995,95.71
851.014,470.838,220.697
852.629,471.68,345.683
850.996,594.982,94.8469
852.611,595.825,219.834
854.226,596.667,344.82
852.593,719.969,93.9838
854.209,720.811,218.97
855.824,721.654,343.957
599.685,473.82,225.65
597.48,471.603,350.611
595.275,469.385,475.572
597.765,598.786,227.833
595.56,596.569,352.794
593.355,594.352,477.755
595.845,723.752,230.017
593.64,721.535,354.978
591.435,719.318,479.939
724.651,475.701,227.888
722.446,473.484,352.849
720.241,471.266,477.81
722.731,600.667,230.072
720.526,598.45,355.033
718.321,596.232,479.994
720.811,725.633,232.255
718.606,723.416,357.216
716.401,721.199,482.177
849.617,477.582,230.127
847.412,475.364,355.088
845.207,473.147,480.049
847.697,602.548,232.31
845.492,600.331,357.271
843.287,598.113,482.232
845.777,727.514,234.494
843.572,725.297,359.455
841.367,723.079,484.416
601.593,474.403,351.361
604.32,474.695,476.331
607.048,474.987,601.301
601.4,599.403,351.073
604.127,599.695,476.043
606.855,599.987,601.013
601.207,724.402,350.785
603.934,724.694,475.755
606.662,724.986,600.725
726.563,474.59,348.633
729.29,474.882,473.603
732.018,475.174,598.573
726.37,599.589,348.345
729.097,599.881,473.315
731.825,600.174,598.285
726.177,724.589,348.057
728.904,724.881,473.027
731.632,725.173,597.997
851.533,474.776,345.905
854.26,475.069,470.875
856.988,475.361,595.845
851.34,599.776,345.617
854.067,600.068,470.587
856.795,600.36,595.557
851.147,724.775,345.329
853.874,725.068,470.299
856.602,725.36,595.269
600.391,474.849,475.171
603.862,473.78,600.118
607.334,472.711,725.065
603.275,599.812,476.16
606.746,598.743,601.107
610.217,597.674,726.054
606.158,724.775,477.149
609.63,723.706,602.096
613.101,722.637,727.044
725.309,471.994,471.676
728.781,470.925,596.623
732.252,469.856,721.57
728.193,596.957,472.665
731.665,595.888,597.612
735.136,594.819,722.559
731.077,721.92,473.654
734.548,720.851,598.601
738.02,719.782,723.548
850.228,469.139,468.181
853.699,468.07,593.128
857.171,467.001,718.075
853.112,594.102,469.17
856.583,593.033,594.117
860.054,591.964,719.064
855.995,719.065,470.159
859.467,717.995,595.106
862.938,716.926,720.053
600.812,475.542,600.646
602.181,475.636,725.638
603.55,475.73,850.631
601.802,600.538,600.541
603.172,600.632,725.534
604.541,600.726,850.526
602.793,725.534,600.436
604.162,725.628,725.429
605.531,725.722,850.421
725.8,474.55,599.277
727.17,474.644,724.27
728.539,474.738,849.262
726.791,599.546,599.173
728.16,599.64,724.165
729.53,599.734,849.157
727.781,724.542,599.068
729.151,724.636,724.06
730.52,724.73,849.053
850.789,473.559,597.909
852.158,473.653,722.901
853.528,473.747,847.894
851.779,598.555,597.804
853.149,598.649,722.796
854.518,598.743,847.789
852.77,723.551,597.699
854.139,723.645,722.692
855.509,723.739,847.684
600.241,601.542,100.199
600.196,599.388,225.181
600.15,597.234,350.162
602.016,726.511,102.354
601.971,724.357,227.336
601.925,722.203,352.317
603.791,851.48,104.509
603.746,849.326,229.49
603.7,847.172,354.472
725.229,599.767,100.214
725.183,597.613,225.196
725.138,595.459,350.177
727.004,724.736,102.369
726.958,722.582,227.35
726.913,720.427,352.332
728.778,849.705,104.524
728.733,847.551,229.505
728.688,845.396,354.487
850.216,597.992,100.229
850.171,595.838,225.211
850.125,593.683,350.192
851.991,722.961,102.384
851.946,720.806,227.365
851.9,718.652,352.347
853.766,847.929,104.539
853.72,845.775,229.52
853.675,843.621,354.501
601.311,599.415,224.538
604.417,600.144,349.498
607.522,600.874,474.457
601.854,724.411,223.795
604.96,725.141,348.754
608.065,725.871,473.714
602.398,849.408,223.051
605.503,850.138,348.011
608.608,850.867,472.97
726.271,598.853,221.436
729.377,599.583,346.396
732.482,600.313,471.355
726.815,723.85,220.693
729.92,724.579,345.652
733.025,725.309,470.611
727.358,848.846,219.949
730.463,849.576,344.909
733.569,850.306,469.868
851.232,598.292,218.334
854.337,599.021,343.293
857.443,599.751,468.253
851.775,723.288,217.591
854.88,724.018,342.55
857.986,724.748,467.509
852.318,848.285,216.847
855.423,849.015,341.806
858.529,849.744,466.766
598.193,601.149,349.27
599.704,602.784,474.25
601.215,604.418,599.23
597.932,726.138,347.638
599.443,727.773,472.618
600.953,729.408,597.599
597.671,851.127,346.006
599.181,852.762,470.987
600.692,854.397,595.967
723.184,601.39,347.756
724.694,603.025,472.736
726.205,604.66,597.716
722.923,726.379,346.124
724.433,728.014,471.104
725.944,729.649,596.085
722.661,851.369,344.492
724.172,853.003,469.473
725.683,854.638,594.453
848.174,601.632,346.242
849.685,603.267,471.222
851.196,604.901,596.202
847.913,726.621,344.61
849.424,728.256,469.59
850.934,729.891,594.571
847.652,851.61,342.979
849.163,853.245,467.959
850.673,854.88,592.939
599.127,601.213,473.372
596.069,603.807,598.308
593.011,606.401,723.244
596.508,726.157,470.714
593.45,728.751,595.65
590.392,731.345,720.586
593.889,851.102,468.056
590.831,853.696,592.992
587.773,856.29,717.927
724.063,603.896,476.375
721.005,606.49,601.31
717.947,609.084,726.246
721.443,728.84,473.717
718.385,731.434,598.652
715.327,734.028,723.588
718.824,853.784,471.058
715.766,856.378,595.994
712.708,858.972,720.93
848.998,606.579,479.377
845.94,609.173,604.313
842.882,611.767,729.248
846.378,731.523,476.719
843.32,734.117,601.654
840.262,736.711,726.59
843.759,856.467,474.061
840.701,859.061,598.996
837.643,861.655,723.932
600.2,599.029,601.948
600.043,602.162,726.909
599.887,605.295,851.87
596.535,723.936,598.812
596.379,727.069,723.773
596.222,730.201,848.733
592.871,848.843,595.676
592.714,851.975,720.637
592.558,855.108,845.597
725.146,602.696,602.013
724.989,605.829,726.974
724.833,608.962,851.934
721.481,727.603,598.877
721.325,730.736,723.837
721.168,733.869,848.798
717.817,852.51,595.741
717.66,855.643,720.701
717.504,858.776,845.662
850.092,606.363,602.077
849.936,609.496,727.038
849.779,612.629,851.999
846.428,731.27,598.941
846.271,734.403,723.902
846.115,737.536,848.863
842.763,856.177,595.805
842.607,859.31,720.766
842.45,862.443,845.726
