15 PA3-F-Debug-Output.txt
20.8034   -5.09644   27.4116   20.6367   -4.77379   27.3705   0.365528
34.2991   5.66616   -20.8137   34.9091   5.68882   -21.1675   0.705536
19.2438   19.4212   25.5442   20.3307   21.1604   25.8093   2.06794
-4.03037   -18.7828   -4.07888   -4.2395   -16.4323   -5.37247   2.69112
-8.53941   0.587137   27.9722   -7.9087   0.681732   27.8391   0.651522
-1.21837   16.1304   6.44017   -1.63435   16.5623   6.22957   0.635519
-0.325517   -6.73769   43.8244   -0.149359   -6.33654   43.8067   0.438479
16.83   -3.02521   47.5156   17.4539   -3.73487   47.5495   0.945536
-3.67475   -3.64757   63.5099   -3.42286   -3.47805   63.0778   0.528085
-32.4656   -10.1999   -9.58343   -32.8746   -10.246   -7.49363   2.12996
-3.71024   -28.4584   -22.9497   -5.0988   -26.3035   -23.1671   2.57273
1.06831   -21.5201   -14.9943   -0.014018   -19.6593   -15.4969   2.21056
-0.293907   -8.32258   52.48   0.513315   -6.46602   52.651   2.03166
-12.7614   -27.8871   -13.0204   -13.1137   -26.609   -13.587   1.44179
12.9409   -6.57707   53.6674   12.7293   -6.19595   53.6823   0.436169
