15 PA3-E-Debug-Output.txt
-2.5232   -1.30992   -26.4043   -1.57069   -0.831974   -27.0935   1.26912
32.361   12.1131   -15.1066   34.6262   13.2503   -16.0741   2.71304
-23.2042   -34.5719   -21.0169   -23.3821   -32.2355   -21.4833   2.38917
-23.7728   -14.1552   -51.3234   -23.794   -13.8605   -48.497   2.84178
16.3901   4.55971   58.6208   16.4217   4.29746   63.0413   4.42842
-31.1029   -25.6109   -10.656   -30.3869   -24.5941   -11.5921   1.55653
20.1278   5.23481   -31.9841   21.8477   5.63844   -29.5901   2.97524
-9.65809   17.7727   11.9197   -8.39866   17.169   13.9485   2.463
-19.0483   15.5523   19.9833   -16.3705   16.067   21.0641   2.93316
7.56456   20.3296   42.8827   7.48995   20.8325   42.9619   0.514578
29.7936   -8.31111   -8.90189   30.2242   -8.76367   -8.72905   0.64813
-2.058   -19.653   -30.0214   -0.793376   -20.3042   -30.2387   1.43895
-21.6937   -7.36846   -3.63643   -21.4385   -7.43446   -3.9677   0.423325
-21.6882   -3.37707   -8.10939   -22.5998   -2.74942   -7.15187   1.46352
-40.1263   -20.172   -43.2922   -36.9407   -18.3501   -40.5954   4.55411
