15 PA3-A-Debug-output.txt
2.12748   -7.1613   55.0117   2.12812   -7.15464   55.0118   0.00669041
-6.68424   -24.907   -17.0633   -6.68481   -24.9063   -17.0638   0.00106123
-28.7704   -31.0358   -22.3118   -28.7701   -31.0351   -22.312   0.000845047
-29.655   -30.4661   -21.7473   -29.655   -30.4662   -21.7473   4.64027e-05
-29.655   -30.4661   -21.7473   12.0617   0.371518   63.0882   4.64027e-05
-29.655   -30.4661   -21.7473   36.4054   7.14591   -17.1985   4.64027e-05
-29.655   -30.4661   -21.7473   -2.63463   0.356524   -27.8281   4.64027e-05
-29.655   -30.4661   -21.7473   -3.10559   -10.2139   13.3818   4.64027e-05
-29.655   -30.4661   -21.7473   31.3124   10.5108   -26.142   4.64027e-05
-29.655   -30.4661   -21.7473   -7.64577   -7.24527   14.8897   4.64027e-05
-29.655   -30.4661   -21.7473   -31.3811   -23.8584   -11.5573   4.64027e-05
-29.655   -30.4661   -21.7473   11.5643   -15.4085   -13.3349   4.64027e-05
-29.655   -30.4661   -21.7473   37.887   11.3569   6.44413   4.64027e-05
-29.655   -30.4661   -21.7473   -15.7609   -15.9206   -47.6978   4.64027e-05
-29.655   -30.4661   -21.7473   23.1749   -12.5661   -20.7279   4.64027e-05
