15 PA3-C-Debug-Output.txt
-11.0714   -29.3375   -25.9836   -10.7124   -30.1173   -25.8761   0.86516
-17.3959   17.523   25.2399   -16.4552   17.3447   25.2027   0.958186
7.30064   -9.77504   -24.5765   6.88086   -9.03471   -23.4646   1.40024
23.2828   -2.17021   25.6799   24.005   -2.92357   25.9135   1.06939
-5.31644   -21.0535   -39.7155   -5.68515   -20.7491   -39.4263   0.558807
-11.4142   7.27814   -12.5409   -11.4674   7.45992   -12.494   0.195146
-11.4659   8.76291   -34.0991   -11.6129   8.42223   -33.9991   0.384287
36.4295   -2.67485   3.81518   36.5237   -2.75657   3.8038   0.125228
-28.7599   3.80849   -16.1477   -28.62   4.27602   -13.9998   2.20257
-32.9881   -13.4647   -9.68002   -34.5778   -13.5408   -8.05257   2.27625
22.4527   -16.1803   -14.6184   22.3368   -15.6214   -14.5765   0.572361
15.1852   -2.82464   55.551   16.0433   -4.28436   55.6833   1.69839
-12.9345   9.07941   16.2854   -11.7464   9.32194   16.4601   1.22517
-3.11574   -2.86247   61.4221   -4.01781   -3.61682   61.3435   1.17854
-29.746   1.74652   -15.3566   -29.97   2.58359   -13.5435   2.00949
