20 PA3-G-Unknown-output.txt
24.6161   20.774   15.9885   24.5064   20.6837   15.9467   0.148113
24.6161   20.774   15.9885   4.66416   -10.0414   18.2201   0.148113
24.6161   20.774   15.9885   27.8397   -5.09873   -28.2404   0.148113
24.6161   20.774   15.9885   25.486   -11.9648   -1.4082   0.148113
24.6161   20.774   15.9885   -38.1268   -21.506   -21.2572   0.148113
24.6161   20.774   15.9885   9.89585   -17.1002   -6.47013   0.148113
24.6161   20.774   15.9885   -28.8055   5.13686   -39.0497   0.148113
24.6161   20.774   15.9885   -27.3345   -6.08944   -11.0485   0.148113
24.6161   20.774   15.9885   -4.86155   6.94492   60.1085   0.148113
24.6161   20.774   15.9885   3.53356   18.2883   51.1952   0.148113
-28.5072   3.21354   -42.1794   -28.5065   3.21228   -42.178   0.00198019
-28.5072   3.21354   -42.1794   -16.0327   -11.683   -51.0253   0.00198019
-28.5072   3.21354   -42.1794   27.2667   13.2739   -30.3305   0.00198019
-28.5072   3.21354   -42.1794   -4.9527   1.20638   55.552   0.00198019
-28.5072   3.21354   -42.1794   0.787307   -6.18777   46.4729   0.00198019
-28.5072   3.21354   -42.1794   -5.64476   5.46834   57.9954   0.00198019
-28.5072   3.21354   -42.1794   29.226   21.4796   -15.332   0.00198019
-28.5072   3.21354   -42.1794   15.5509   5.08767   61.1332   0.00198019
-28.5072   3.21354   -42.1794   0.694069   16.5668   54.6604   0.00198019
-28.5072   3.21354   -42.1794   29.4107   -7.84218   9.3339   0.00198019
