20 PA3-H-Unknown-output.txt
-4.35373   -10.0748   10.8635   -4.08805   -9.35404   10.7615   0.774937
-4.35373   -10.0748   10.8635   -40.905   -17.2071   -33.6464   0.774937
2.48829   -16.2458   -23.9691   1.93982   -15.9342   -23.7217   0.677601
34.8584   15.3891   -4.83869   34.6853   15.2199   -4.84723   0.242155
34.8584   15.3891   -4.83869   8.06073   7.41417   62.5008   0.242155
34.8584   15.3891   -4.83869   -1.816   25.1374   18.0456   0.242155
34.8584   15.3891   -4.83869   -26.7951   -6.63595   -7.368   0.242155
34.8584   15.3891   -4.83869   20.9255   15.2228   40.5834   0.242155
34.8584   15.3891   -4.83869   -6.0005   -1.73628   62.2533   0.242155
34.8584   15.3891   -4.83869   -2.64267   -1.59886   -28.5812   0.242155
34.8584   15.3891   -4.83869   -45.0189   -13.184   -26.6106   0.242155
-29.8342   -30.615   -30.5042   -29.8273   -30.5994   -30.5011   0.0172935
-29.8342   -30.615   -30.5042   21.5015   -10.6086   -1.51972   0.0172935
-29.8342   -30.615   -30.5042   21.3138   21.9379   -26.9402   0.0172935
-29.8342   -30.615   -30.5042   15.1999   -2.95992   43.0709   0.0172935
-29.8342   -30.615   -30.5042   15.7976   -4.80994   -22.5567   0.0172935
-29.8342   -30.615   -30.5042   -40.0301   -6.6971   -13.6482   0.0172935
-29.8342   -30.615   -30.5042   4.08795   15.0362   62.2669   0.0172935
-29.8342   -30.615   -30.5042   -21.5316   -11.431   -50.2481   0.0172935
-29.8342   -30.615   -30.5042   -32.5148   4.29998   -14.9257   0.0172935
