15 PA3-B-Debug-output.txt
24.7391   -5.85716   13.9865   24.9782   -6.56373   14.1117   0.756342
24.7391   -5.85716   13.9865   4.89154   -8.92546   35.9938   0.756342
24.7391   -5.85716   13.9865   2.00927   -5.32472   -27.6381   0.756342
24.7391   -5.85716   13.9865   -31.6532   -22.6355   -47.541   0.756342
-21.1594   -27.6311   -12.1634   -21.12   -27.1344   -12.5907   0.656425
-21.1594   -27.6311   -12.1634   -25.1805   -33.1695   -21.192   0.656425
-21.1594   -27.6311   -12.1634   20.8088   23.117   -18.9793   0.656425
-21.1594   -27.6311   -12.1634   -40.9073   -15.4655   -35.5661   0.656425
-21.1594   -27.6311   -12.1634   -17.2416   -19.1914   -8.72451   0.656425
33.8258   9.33621   -22.378   33.5155   9.24698   -22.2322   0.354243
33.8258   9.33621   -22.378   13.5418   23.6508   -11.5498   0.354243
33.8258   9.33621   -22.378   7.60282   23.8392   4.5972   0.354243
33.8258   9.33621   -22.378   -9.53636   -30.7122   -27.8099   0.354243
33.8258   9.33621   -22.378   9.50238   7.034   60.0985   0.354243
33.8258   9.33621   -22.378   -7.43519   9.20874   43.441   0.354243
