15 PA3-D-Debug-output.txt
-5.67695   -0.708821   62.1987   -8.08502   -0.766626   62.1213   2.41001
2.68305   13.9808   -4.51834   2.2003   14.4818   -4.81055   0.754618
-6.57867   -2.92543   -41.4814   -6.49879   -2.86901   -41.5752   0.135454
-6.57867   -2.92543   -41.4814   11.4951   25.988   -1.64698   0.135454
-6.57867   -2.92543   -41.4814   36.409   6.46931   -10.1387   0.135454
-4.47328   11.7389   61.9238   -4.47062   11.7379   61.9183   0.00623323
-4.47328   11.7389   61.9238   -34.8921   -1.74938   -44.0846   0.00623323
-4.47328   11.7389   61.9238   22.7521   -1.15023   26.5931   0.00623323
-4.47328   11.7389   61.9238   -11.9012   6.22569   28.9531   0.00623323
-4.47328   11.7389   61.9238   -4.81534   -19.9896   -11.2699   0.00623323
-4.47328   11.7389   61.9238   -33.8062   -29.0489   -20.4237   0.00623323
-4.47328   11.7389   61.9238   -36.8686   4.80711   -30.3086   0.00623323
-4.47328   11.7389   61.9238   -18.859   -28.6414   -42.912   0.00623323
-4.47328   11.7389   61.9238   0.298603   23.4112   13.818   0.00623323
-4.47328   11.7389   61.9238   29.059   -5.47617   -25.5931   0.00623323
