20 PA3-J-Unknown-output.txt
21.6164   9.98965   56.4668   18.8379   9.50863   56.1218   2.84084
4.8329   24.2628   8.61659   5.09856   23.8944   8.70172   0.462145
4.8329   24.2628   8.61659   -43.2015   -18.2189   -12.7062   0.462145
4.8329   24.2628   8.61659   2.57771   18.8503   -1.904   0.462145
-37.6782   -12.7585   -42.5401   -38.0122   -12.8668   -42.7422   0.405094
-35.4245   -2.29639   -11.7068   -35.4687   -2.26105   -11.6213   0.102514
-35.4245   -2.29639   -11.7068   -40.1882   -1.83287   -34.1417   0.102514
-35.4245   -2.29639   -11.7068   0.154996   10.3907   64.1165   0.102514
-35.4245   -2.29639   -11.7068   -8.75301   -3.42392   34.1554   0.102514
-35.4245   -2.29639   -11.7068   -13.4619   15.1347   37.406   0.102514
-35.4245   -2.29639   -11.7068   -40.7355   -28.1971   -17.4066   0.102514
-35.4245   -2.29639   -11.7068   18.1399   -11.825   5.62238   0.102514
-35.4245   -2.29639   -11.7068   -46.895   -8.69692   -22.681   0.102514
-35.4245   -2.29639   -11.7068   3.50567   22.5448   20.5953   0.102514
-35.4245   -2.29639   -11.7068   22.6552   -16.3888   -5.59505   0.102514
-35.4245   -2.29639   -11.7068   34.4974   -2.80905   9.81113   0.102514
-35.4245   -2.29639   -11.7068   -8.60464   -25.8233   -36.3159   0.102514
-35.4245   -2.29639   -11.7068   32.3103   -4.05139   10.3621   0.102514
-35.4245   -2.29639   -11.7068   -17.3038   -32.4027   -13.3618   0.102514
-35.4245   -2.29639   -11.7068   -9.76589   -21.5995   -41.1357   0.102514
