200 PA4-D-Debug-Output.txt
-5.48444   12.2243  51.3374  -9.06595   13.6656  51.7824  3.85857
-1.25097   -18.1581  -35.1157  -0.966935   -18.1659  -35.4116  0.393124
-7.08085   -24.7189  -16.2841  -6.84991   -24.3708  -16.1814  0.11009
38.7215   0.960951  -11.4936  37.3293   1.22451  -10.923  1.51682
-11.7892   -1.1931  12.3202  -13.2575   -1.69664  13.688  1.99409
-1.28465   5.18845  63.3655  -0.39666   5.15463  62.3538  1.05162
-26.0523   11.5632  -24.484  -25.5139   10.1327  -24.1892  1.46272
-43.5851   -5.08571  -23.9532  -43.3473   -4.76711  -23.3729  0.020987
19.881   -17.5476  -11.7488  19.9067   -17.9465  -11.9961  0.460885
-7.22924   3.98189  33.964  -10.7089   3.74697  34.7351  3.55126
-13.5574   -25.7372  -41.3458  -12.9966   -26.951  -42.7056  1.90068
-0.880192   -6.06991  56.8381  -1.09905   -7.20636  56.3045  1.11791
32.4208   -4.994  10.4566  32.7529   -4.37865  10.0947  0.498482
5.57857   -6.12893  -23.7223  5.81683   -5.89637  -23.5907  0.0526645
-2.11544   -7.30267  -35.5278  -3.16398   -7.44676  -35.5896  1.02799
31.3056   -6.16354  8.87953  31.8212   -5.94161  8.67665  0.0355477
21.2912   16.1872  39.6342  18.5647   13.9644  39.2864  3.50515
27.2027   -6.8161  -24.821  27.5683   -6.89006  -25.4238  0.620589
-39.4211   -20.2924  -34.0615  -40.9468   -20.8839  -34.2308  1.58458
-30.7996   -29.7615  -32.5698  -30.8985   -31.6811  -32.9363  1.82946
26.3426   6.93587  30.2244  23.25   6.67985  29.1591  3.27262
-36.8431   0.470963  -14.6597  -35.0165   -0.133148  -15.5777  2.03264
-7.50371   -4.5046  23.609  -9.52076   -5.6988  24.3705  2.42832
27.1318   23.286  -0.249889  25.924   21.5795  -0.459984  2.07946
26.5172   1.38854  27.2301  24.22   2.59576  26.0603  2.81554
-36.8601   -21.895  -14.9593  -36.6016   -21.6978  -14.4463  0.0334315
24.7851   -2.33811  -27.0768  24.7471   -2.6678  -27.92  0.854177
-37.4544   4.62772  -29.4103  -36.9959   4.746  -28.8207  0.355825
1.36383   -6.76062  48.9745  2.30417   -7.00895  49.1071  0.148228
1.62746   -6.81812  -26.831  1.65376   -6.59163  -26.513  0.178777
-25.2346   -31.1632  -34.1298  -25.5127   -33.0767  -34.8289  2.04981
-1.41017   4.76724  -22.6214  -1.28368   4.45056  -21.92  0.661003
-15.6035   16.5102  19.8342  -18.1975   16.9884  17.9524  3.23949
-16.7689   -3.40987  1.53714  -17.4291   -2.99835  2.6065  1.1776
20.8477   -16.1428  -6.25108  21.1441   -16.0732  -6.3492  0.0703693
-32.4097   8.77546  -24.238  -31.5177   8.07157  -23.7344  1.0675
-1.87981   16.406  53.7684  -2.49546   18.5175  54.4849  2.12931
34.1948   -3.11542  -20.6688  33.8649   -2.67402  -20.5696  0.474049
-1.27696   -12.814  -36.3555  -1.36315   -12.5257  -36.1157  0.151173
-37.0155   -15.5839  -42.2248  -38.7674   -15.6484  -43.1884  1.94727
21.7702   -9.56976  4.00246  22.5217   -10.1895  4.22465  0.824861
24.0723   -1.02801  31.4058  21.7666   0.506521  30.7738  2.81035
21.2736   -6.22141  16.6422  21.9511   -6.22999  16.6086  0.160473
-42.3386   -17.7503  -28.2348  -43.5261   -17.9619  -28.2607  1.16009
-37.2882   -6.95884  -42.228  -38.3712   -6.13531  -43.0119  1.47146
-39.4408   -19.7228  -16.956  -39.6857   -20.0106  -17.3231  0.16648
18.8717   20.6691  34.169  17.3632   17.8703  33.8812  3.12944
-43.3595   -8.88585  -21.0168  -43.1101   -8.6631  -20.441  0.0930956
-23.028   -20.8409  -7.06636  -22.6804   -19.8961  -8.18493  1.41164
38.1442   11.262  -3.61744  36.266   10.0611  -3.40162  2.23491
13.185   17.5474  -30.1213  12.5591   17.4713  -30.9048  0.985628
10.8085   22.2339  33.6035  11.7045   21.8153  33.653  0.475982
6.45018   17.6051  -5.51208  5.17956   18.1284  -6.40476  1.61508
16.6022   25.8117  9.78659  16.5997   24.0345  9.39914  1.73227
-22.4495   1.44473  -45.2924  -22.3593   2.37158  -45.5482  0.809699
17.128   -8.53545  -21.8812  16.7398   -8.92214  -22.6463  0.921582
-6.58518   2.16499  40.4526  -10.5303   1.46077  40.9539  4.02498
-8.17369   19.0269  14.3084  -9.23401   19.4037  12.4748  2.13999
-15.0138   -31.8801  -27.3373  -14.4751   -32.7442  -27.0788  0.993903
31.6268   -8.39652  -11.2706  32.1201   -8.35231  -11.3923  0.267754
25.1507   15.2424  25.4428  22.8318   13.6849  24.384  2.96536
14.2819   19.8532  55.9667  13.1672   16.9781  55.5814  2.98622
20.0297   -10.9034  -21.4853  20.1653   -10.8129  -22.7593  1.14774
20.4969   -4.24113  31.0459  20.0752   -2.50631  30.7704  1.67473
5.44221   17.1109  -4.04175  4.20697   17.5362  -5.01662  1.61208
-35.5434   4.78906  -33.6648  -35.4844   5.23951  -33.1889  0.116766
-8.46703   -10.437  4.46466  -8.44881   -11.4638  5.34081  1.22976
-12.3152   23.1819  20.7224  -11.8856   24.1506  20.4952  0.802762
16.6464   -10.4254  -20.0749  16.5086   -11.2048  -21.0665  1.25517
-34.3617   -27.866  -22.3893  -34.6186   -29.1501  -22.7683  1.15466
24.1366   11.5214  36.2671  20.9405   10.0819  35.5044  3.5748
-14.8984   15.0203  19.4079  -17.4841   14.0904  17.2392  3.49824
38.0685   10.3845  -6.50501  36.2205   9.33088  -6.17196  2.15062
17.2475   -14.5776  -16.6601  17.2513   -15.3978  -17.5097  1.13813
22.009   -7.41259  11.0649  22.7686   -7.83338  11.1502  0.624889
-6.8522   3.81881  52.1365  -11.3702   3.35026  51.905  4.54317
-8.36943   7.89414  -9.89451  -7.6506   7.37938  -9.67783  0.71755
34.8339   15.6828  -8.20304  33.3928   14.3082  -8.49652  2.00205
30.2888   -1.11503  -26.791  30.3425   -0.695167  -26.6808  0.257848
-19.0301   2.17689  -8.64125  -18.2601   1.86576  -8.52575  0.599405
-12.179   9.20971  -30.7008  -12.6343   8.11545  -30.2531  1.21622
2.87024   0.646659  -22.9292  2.97914   0.716611  -22.3939  0.388411
-20.91   -0.39783  -46.4098  -20.7297   0.42983  -46.7983  0.787367
14.9767   -12.5075  -18.2953  15.2711   -12.9453  -19.2105  0.997806
-38.1299   -21.4241  -35.632  -39.8701   -22.1548  -35.9133  1.8575
-10.4208   -30.0784  -27.1282  -9.79359   -30.6323  -27.106  0.769325
5.65261   -7.07443  35.0225  6.4421   -6.78871  35.0979  0.137396
-22.1165   10.702  -19.2154  -22.26   8.85219  -21.0581  2.60317
-3.7111   -22.928  -34.266  -2.93453   -23.4666  -34.6515  0.980716
-8.62473   -5.33536  -44.6539  -8.37716   -4.87603  -44.6451  0.327289
-19.5169   12.3784  -27.4687  -19.4857   10.6929  -27.2131  1.64983
35.2018   15.0311  -6.76009  33.7144   13.6745  -7.08362  2.0272
35.2873   -3.7953  8.02539  35.0463   -2.97154  7.54467  0.831054
-2.81525   -1.00959  -28.9694  -2.98239   -0.949641  -28.5197  0.329359
5.88718   19.111  61.4849  6.99511   18.9812  61.5775  0.104122
7.18592   18.3135  -6.47566  6.02781   18.8149  -7.2999  1.48161
-30.1544   -28.9116  -35.4598  -31.2812   -30.5834  -35.9605  2.06277
14.2655   22.0265  35.2858  14.4577   20.6743  35.7946  1.25185
-35.7559   -0.176193  -40.6903  -36.1078   0.699073  -40.7503  0.720541
-5.87822   -21.4558  -12.1979  -5.74492   -21.2764  -12.2544  0.110434
20.9714   18.1222  34.6247  18.4741   16.0995  33.9737  3.2516
0.152063   -7.20347  -28.778  0.00356596   -7.02316  -28.3787  0.310671
33.0164   -6.31721  5.79677  33.0014   -5.51771  5.64968  0.615364
-7.9763   7.99857  -6.25773  -7.93956   7.84235  -5.87982  0.184106
-12.291   7.93064  -15.4086  -11.7682   6.8265  -15.7139  1.1582
-9.0375   17.3366  39.1283  -8.91774   18.0306  40.2462  0.972134
-4.88265   12.8222  57.8553  -7.70094   15.11  58.166  3.64134
-20.048   -8.53126  -48.9453  -19.6098   -8.00036  -50.6301  1.93274
-18.3054   -15.4124  -48.3194  -17.9917   -15.9012  -50.3722  2.12724
-11.2801   24.447  25.5908  -10.4902   24.5349  25.9451  0.204202
18.7031   25.4774  -21.314  19.2268   23.865  -21.2748  1.65913
-21.0395   5.7204  -41.4809  -20.8924   5.80438  -41.7833  0.275596
9.3218   23.203  26.3013  8.90735   22.5644  26.3047  0.63046
-6.01254   -9.44322  10.9899  -6.38824   -10.8121  11.4961  1.47287
10.3029   -11.2552  8.75286  10.9329   -11.3287  8.86552  0.248237
31.5701   -7.67489  -0.44143  31.3462   -6.96921  -0.756561  0.664162
22.0638   18.5723  29.2169  19.8924   16.4936  28.5906  3.0399
2.77445   0.659536  -22.9661  2.88699   0.733718  -22.4389  0.378517
-26.1394   -31.4203  -33.1734  -26.4064   -33.2157  -33.7637  1.90044
-2.797   -20.6974  -13.883  -2.42628   -20.612  -14.057  0.0365961
17.8231   22.5339  25.7375  17.4123   20.3952  25.3611  2.11226
-1.19319   -18.038  -9.25015  -0.728079   -18.3348  -8.89572  0.480378
34.6086   11.8149  -18.0957  33.087   11.3807  -17.748  1.61856
14.7976   -8.96195  -21.6324  15.1077   -9.26555  -22.1721  1.39085
-18.4733   -3.2439  -1.24789  -18.7659   -2.80427  -0.76944  0.622976
-7.0742   4.70116  36.411  -10.7585   4.20887  37.0136  3.74897
-9.14164   11.0433  36.1829  -11.3699   9.53647  37.4698  2.91638
-42.6261   -14.5288  -20.7676  -42.8382   -14.3512  -20.0761  0.353433
23.3433   -15.5453  -12.8076  23.0523   -16.2291  -13.0285  0.624982
17.1787   -6.81917  19.1394  17.8846   -6.85345  19.1364  0.197727
2.60376   21.0762  37.6219  3.48823   20.9164  37.7868  0.24509
16.8193   -3.65201  55.333  14.7198   -0.802211  55.1778  3.47698
10.0693   21.2168  44.4766  11.0413   21.1958  44.6086  0.276231
-5.79732   19.334  40.1571  -5.00782   19.5719  40.6483  0.136801
33.7215   13.2576  11.3072  31.9642   12.7435  10.2066  2.11025
-15.0656   21.7898  25.2141  -16.7556   22.7306  24.6356  2.01881
-15.1429   21.2285  24.1282  -16.538   22.8534  23.9112  2.0683
-1.14629   15.0249  2.51912  -1.3037   16.0828  2.21706  0.969198
-22.6973   11.9465  -29.7259  -22.3515   10.9803  -29.1004  1.07986
3.32985   -9.35144  19.1431  3.95138   -8.95313  19.1593  0.267316
-11.7018   7.45174  18.4462  -14.6291   6.9677  18.1393  2.98291
-6.96988   13.448  9.5265  -7.88661   15.0604  8.70707  1.95447
17.2765   5.83199  -23.3815  16.3134   5.3726  -24.2629  1.37288
-30.3161   -28.9021  -35.2545  -32.0999   -29.9604  -36.289  2.06157
-16.0336   -4.78853  2.22393  -16.5191   -4.96782  3.33843  1.08004
-19.1492   -29.8468  -37.7246  -18.6306   -31.4251  -38.7039  1.92196
-2.90953   16.6214  8.21389  -3.80219   18.0545  7.25082  1.8655
14.4569   22.5735  31.7033  14.9885   20.7764  31.921  1.69635
-0.902053   12.1034  -3.75017  -0.988964   12.4986  -3.65952  0.34403
30.0587   0.431289  -27.8157  30.0131   0.845586  -27.5534  0.379344
27.1374   -12.1405  -19.1701  27.6383   -12.2251  -19.3959  0.409942
-12.0433   23.2691  20.7093  -11.5835   24.1533  20.5381  0.711647
-2.75304   15.4261  6.17438  -3.52134   16.8473  5.72285  1.59669
10.0933   -7.13734  24.1371  10.841   -7.27476  24.2026  0.219571
30.1431   -10.697  -16.7543  30.2445   -10.5863  -16.9873  0.0419721
1.42589   1.66441  63.4922  2.56872   1.69942  62.4873  1.0162
21.888   7.53899  55.4941  17.2477   7.47495  55.0318  4.66318
-5.90998   13.0865  7.64095  -6.53565   14.4574  6.69556  1.69876
-5.4128   -8.82172  16.2886  -6.5121   -9.99759  16.9504  1.68439
1.53292   -12.432  3.51208  1.41875   -13.4695  3.86795  1.0881
-39.0852   -21.5474  -18.3472  -38.9837   -22.1228  -18.1202  0.344837
4.48634   23.939  8.92181  4.48772   24.2142  9.28831  0.105014
-5.15455   13.172  50.7868  -7.69186   15.3653  51.783  3.42772
-35.4028   4.46487  -34.7416  -35.3497   4.91478  -34.2578  0.142543
-14.2215   8.9304  -36.3161  -14.5661   8.30985  -35.6398  0.881732
-7.76736   -1.54205  26.9288  -10.6917   -1.99961  27.9805  3.11235
21.9499   3.19234  51.2145  17.8116   3.94008  50.1939  4.27559
21.6236   0.375195  45.8883  18.4523   2.1453  44.9464  3.72923
-6.27873   13.1271  8.16836  -6.81378   14.8044  7.28873  1.94108
-38.4121   -12.2409  -41.3992  -39.4922   -12.4224  -42.6559  1.57292
-9.94705   7.67536  27.8055  -12.2751   6.47391  28.0208  2.602
-36.0394   -16.1808  -10.0355  -35.0733   -15.5401  -10.4036  1.14682
5.11546   16.0877  63.1504  5.01383   15.9849  62.1845  0.96545
18.8567   1.72168  -23.7084  18.2299   1.64951  -24.5495  1.02114
-22.9002   12.0073  -29.2271  -22.5389   10.9264  -28.5819  1.19706
-39.2552   2.71487  -28.2467  -38.9093   2.93285  -27.6663  0.205723
-30.676   -27.7876  -36.9034  -31.7741   -29.5186  -37.769  2.21569
-36.5699   -15.4344  -10.0869  -35.398   -15.1432  -10.4345  1.07661
-16.3941   16.2221  21.0487  -19.327   15.6936  20.3962  3.05062
26.3777   -8.44565  5.43407  26.9466   -9.27114  5.6472  0.864122
-39.3541   -15.7382  -14.03  -38.9101   -15.4524  -13.5977  0.15721
28.7459   10.4757  20.8029  26.6602   9.38988  19.4392  2.69185
33.9093   -2.55443  -22.4019  33.4669   -2.01168  -21.5065  0.703816
-19.4283   -19.688  -47.1345  -19.0485   -20.0112  -49.1555  2.06489
-13.4247   23.2987  25.723  -14.0094   23.971  26.1054  0.8836
-24.9272   -21.3299  -7.22172  -24.6228   -20.3668  -8.36728  1.43521
21.7204   -8.46525  7.34418  22.4612   -9.03457  7.45448  0.732752
-2.07842   -18.7204  -36.1825  -1.46262   -18.6094  -36.3067  0.542857
27.1555   7.57951  -30.2102  27.3375   7.86644  -29.7985  0.427252
5.86179   20.9549  39.9506  6.69467   21.4002  40.1164  0.261513
25.6512   23.0556  7.61673  25.3947   21.107  7.08628  1.9533
-1.32727   14.9399  2.69434  -1.69638   15.9644  2.42967  1.01245
9.46578   -6.95669  59.0003  9.86334   -4.60155  59.259  2.17271
28.9805   -11.772  -15.473  29.4172   -11.7143  -15.4396  0.177233
-13.0136   1.122  -44.2119  -12.8466   1.11169  -44.6612  0.403953
-31.1311   -12.5462  -46.9038  -31.7564   -12.351  -49.001  2.19228
-9.29061   10.6013  34.9901  -11.9385   9.56353  35.1738  2.25217
-37.87   -20.1684  -15.069  -38.1311   -20.4321  -15.044  0.328365
28.0859   3.6353  24.1269  25.5616   4.01614  22.9791  2.7785
1.36688   23.6758  26.0831  1.11083   22.6525  26.0348  1.04074
