200 PA4-J-Unknown-Output.txt
-1.0141   -6.24382  37.3542  -1.02979   -6.291  37.3596  0.0500185
-6.45452   9.59315  49.6288  -6.35839   9.56342  49.6259  0.100662
16.5356   9.757  -23.9039  16.5507   9.76016  -23.901  0.0157159
-29.6725   -28.7107  -16.6783  -29.6627   -28.6871  -16.6869  0.026842
11.795   -9.88448  11.26  11.8065   -9.9365  11.2831  0.0580564
-41.919   -1.25156  -28.5657  -41.9647   -1.224  -28.5684  0.0534323
-8.99894   -28.9002  -28.9931  -9.01403   -28.8785  -28.9882  0.0268606
34.8111   15.3504  -7.30677  34.9331   15.4496  -7.29463  0.157695
0.108933   -11.5575  8.47437  0.116338   -11.4826  8.46388  0.0760104
-11.7292   -16.8106  -5.84759  -11.7287   -16.7744  -5.87857  0.0476781
17.7285   -12.1096  -18.8855  17.7087   -12.1642  -18.9512  0.0877243
-19.4044   -26.4154  -10.9015  -19.4078   -26.4032  -10.9124  0.0166418
-19.9629   11.8363  -22.2863  -19.9618   11.9534  -22.2914  0.117207
-3.71126   18.6224  42.4344  -3.7505   18.6933  42.4613  0.0853893
-12.2892   10.8809  18.1604  -12.2757   10.8833  18.1609  0.013739
-6.94264   15.2419  41.9944  -7.00247   15.254  42.0137  0.0640134
27.618   21.961  -18.2352  27.6729   22.0303  -18.2598  0.0917089
-33.5451   3.1332  -38.9504  -33.5515   3.14314  -38.9581  0.0141417
2.09581   -16.3113  -25.1259  1.98676   -16.2494  -25.0767  0.13473
-34.1016   4.86495  -36.4542  -34.1107   4.87595  -36.4597  0.0153331
-30.7211   -18.3696  -45.6881  -30.6953   -18.3578  -45.6589  0.0407069
1.77353   -4.53691  -26.1261  1.70911   -4.56893  -26.0421  0.110581
21.1858   2.90864  -27.305  21.1877   2.90966  -27.304  0.00245346
28.4166   20.7605  9.9035  28.4176   20.762  9.90413  0.00191361
13.3589   25.8781  -6.63836  13.3497   25.9284  -6.65737  0.0544819
22.7426   24.5808  -19.3147  22.7315   24.529  -19.3048  0.053873
-0.663764   18.3097  7.05002  -0.745959   18.3807  6.99636  0.121145
8.42827   -14.8447  -0.348449  8.4272   -14.8468  -0.347284  0.00263523
20.3845   -0.213234  51.6406  20.4288   -0.235285  51.6462  0.0498243
-28.5604   -12.0488  -47.7451  -28.5606   -12.0488  -47.7454  0.000361633
24.3371   24.4669  -7.2523  24.3211   24.4306  -7.25113  0.0396549
-11.3392   18.9325  16.4975  -11.2742   18.9129  16.5848  0.110613
-8.60611   -6.09557  15.29  -8.48742   -6.03406  15.2625  0.136486
8.44168   20.3673  -7.40542  8.36557   20.3961  -7.44204  0.0892408
-0.195783   -10.9863  12.9245  -0.190523   -10.8569  12.9077  0.130514
1.72673   18.9505  4.19366  1.75096   18.9364  4.21238  0.0336768
5.57318   -16.5585  -10.6071  5.58672   -16.5905  -10.6027  0.034961
4.87086   -11.2473  -23.781  4.91184   -11.2643  -23.8156  0.0562593
25.4607   -8.55162  5.78955  25.4555   -8.36889  5.72512  0.193821
-1.76525   -8.47592  -34.395  -1.79817   -8.48988  -34.3982  0.0359022
7.10419   -5.53636  -22.9891  7.10157   -5.53767  -22.982  0.00767589
20.8605   18.3439  34.5936  20.8472   18.3357  34.5908  0.0159074
-27.3112   10.9917  -23.3014  -27.3505   11.1016  -23.2742  0.119873
23.6817   -2.46999  27.1953  23.8213   -2.6528  27.256  0.237893
-11.7607   -25.481  -40.7882  -11.7973   -25.4256  -40.7282  0.0895141
-9.87246   -15.282  -3.70093  -9.87914   -15.1488  -3.78588  0.158114
-23.2025   6.23908  -41.1074  -23.1998   6.2698  -41.1403  0.0450672
-2.0795   2.40822  -25.5144  -2.12325   2.36913  -25.4837  0.0661932
1.50117   21.6896  8.1817  1.55005   21.6108  8.22549  0.102546
-4.00463   -3.17326  52.083  -4.04121   -3.20343  52.0912  0.0481238
-39.6384   -5.40691  -38.3614  -39.6469   -5.40468  -38.3664  0.010101
5.79752   24.5068  6.33403  5.83229   24.4586  6.34517  0.0604834
22.1534   -10.0955  2.6348  22.132   -10.0242  2.60607  0.0797484
-4.06571   5.35266  -23.524  -4.01274   5.41548  -23.5623  0.0906899
8.47796   19.8763  -8.1848  8.51307   19.863  -8.16792  0.0411574
-30.9657   -4.13908  -9.46978  -30.9667   -4.12643  -9.4435  0.0291763
36.3536   11.6285  -11.8158  36.3804   11.6326  -11.8192  0.0273454
-18.7835   -32.5757  -28.9952  -18.7839   -32.573  -28.9951  0.00274413
23.8291   6.34539  41.8568  23.9112   6.34844  41.8691  0.083096
-31.1163   9.43325  -29.3444  -31.0861   9.38568  -29.3389  0.0566443
20.1425   26.1161  -8.81879  20.0806   25.9539  -8.80788  0.173969
-13.3243   -2.65597  7.79524  -13.3358   -2.65803  7.79953  0.0123714
-17.9713   -5.12908  -0.922374  -17.9134   -5.11707  -0.957523  0.0688139
34.2756   12.1905  10.7808  34.3146   12.1975  10.8126  0.0507501
0.210259   24.1182  23.2978  0.199203   24.0022  23.292  0.11665
-17.666   -26.7657  -11.8556  -17.6661   -26.7654  -11.856  0.000462609
39.1008   1.79323  -10.4246  39.1251   1.79205  -10.4319  0.025411
-13.0995   10.8224  -25.3482  -13.1228   10.7849  -25.3415  0.0446875
12.4954   21.8861  41.571  12.4647   21.9948  41.5712  0.112977
-13.4772   6.7715  -12.4896  -13.472   6.7587  -12.4929  0.01422
-19.9375   -23.131  -8.46373  -19.9579   -23.0711  -8.5565  0.112309
-12.088   -0.908333  -44.8027  -12.0918   -0.911342  -44.7982  0.00660997
21.4737   -16.3935  -10.6777  21.5644   -16.5527  -10.6724  0.18334
-43.4068   -14.7575  -25.4283  -43.4023   -14.7563  -25.4286  0.00472316
18.2216   -17.109  -7.17238  18.2433   -17.2044  -7.16337  0.0982491
-6.30665   21.475  37.0396  -6.30913   21.4012  36.9886  0.089747
-8.62638   -20.009  -43.2804  -8.62781   -20.0076  -43.2786  0.00272088
-39.2613   -17.279  -14.744  -39.2855   -17.2902  -14.7249  0.0328291
5.25595   -8.0596  24.5871  5.23945   -8.00092  24.5756  0.0620384
11.8319   21.0544  -14.086  11.8497   21.047  -14.0797  0.0202413
34.4079   -4.9797  -9.51105  34.4381   -5.01105  -9.49918  0.0451168
32.3038   10.6763  -24.6356  32.3031   10.676  -24.6351  0.000894861
-42.4081   -13.0519  -18.7003  -42.3509   -13.0387  -18.7181  0.0613313
27.5813   23.0068  -5.51371  27.4818   22.8825  -5.52082  0.159375
-23.5766   10.8995  -32.7463  -23.6   11.0027  -32.7813  0.111475
-10.524   -9.65988  4.03068  -10.5288   -9.67276  4.03682  0.0150459
-15.2767   12.6769  23.4483  -15.2162   12.7207  23.4563  0.0751627
-16.0041   -24.4355  -43.2392  -16.0193   -24.3744  -43.1667  0.0960181
-7.04766   2.55387  34.1584  -7.10435   2.54981  34.1647  0.0571824
-21.4984   -13.8874  -48.7413  -21.4983   -13.8873  -48.7408  0.000494413
-7.52596   -1.30691  28.3173  -7.51302   -1.30526  28.3148  0.013263
29.977   -3.19159  14.5801  29.9944   -3.21983  14.6067  0.0425217
19.5422   26.2385  -5.36093  19.5531   26.3233  -5.37314  0.0863608
-1.95751   -7.99164  -32.4663  -1.87336   -7.9736  -32.5124  0.0976559
-25.4726   5.77266  -41.0451  -25.4725   5.7724  -41.0448  0.000395575
20.3806   4.48101  62.0783  20.4615   4.4611  62.1275  0.0968269
-24.1591   10.2525  -34.8934  -24.1538   10.2403  -34.8886  0.0141212
17.7623   -6.37712  23.1975  17.7406   -6.23952  23.183  0.140059
-4.13674   -5.79366  31.0161  -4.33263   -6.06171  31.0764  0.337438
19.6935   -3.32739  38.4642  19.7056   -3.34331  38.4685  0.0204712
3.68346   21.0725  37.4657  3.66313   21.205  37.4714  0.134107
-33.897   -26.8792  -18.8293  -34.0264   -27.0415  -18.7802  0.213309
20.9075   4.51957  -28.0791  20.867   4.49146  -28.1234  0.066323
6.61618   -9.24309  17.5981  6.57425   -9.10184  17.5536  0.15391
-14.8861   -8.143  1.52058  -14.8398   -8.10564  1.48935  0.067212
-10.5767   -19.6848  -8.63483  -10.5764   -19.7169  -8.58947  0.0555689
14.5884   23.9467  18.7183  14.5938   23.9723  18.7221  0.0264904
3.65314   -1.30106  -23.5478  3.60721   -1.34384  -23.4456  0.119998
39.6596   3.43798  4.49725  39.522   3.45074  4.49052  0.138287
-28.7691   -13.5286  -47.3633  -28.797   -13.5443  -47.4337  0.077276
6.34701   -7.47164  57.5915  6.33794   -7.3309  57.592  0.141039
37.7084   10.331  -8.29679  37.7174   10.3357  -8.29866  0.0102372
20.3286   -16.7187  -13.187  20.3487   -16.7564  -13.201  0.0449872
-10.6856   -20.0171  -44.0975  -10.6928   -20.0049  -44.0724  0.0288695
-21.3369   -30.5566  -36.6685  -21.3349   -30.5315  -36.6533  0.0293919
-5.44531   -1.22403  44.7801  -5.54425   -1.25922  44.7794  0.105014
24.0748   22.7866  -22.3884  24.1198   22.8549  -22.4324  0.0928512
29.3965   16.7546  13.9302  29.3638   16.7296  13.9062  0.0476213
39.935   2.65398  -2.54117  39.9677   2.63304  -2.53706  0.0390516
25.3856   -5.79545  14.3898  25.3181   -5.59609  14.3545  0.213409
-10.9492   -5.10269  -46.4627  -10.954   -5.10618  -46.4568  0.00843838
-33.5956   5.86713  -17.2807  -33.5973   5.87012  -17.2794  0.00365198
-41.461   -15.316  -30.2061  -41.3967   -15.3353  -30.1598  0.0815357
20.2917   25.158  -22.2896  20.3001   25.176  -22.2931  0.0201885
-14.577   3.86525  -1.57281  -14.4815   3.75877  -1.5768  0.143027
-39.7101   -11.7169  -13.5409  -39.6971   -11.715  -13.5498  0.0157939
-10.782   7.7746  24.3729  -10.7808   7.77512  24.3727  0.0013322
-19.2377   -7.12963  -2.77679  -19.2588   -7.13626  -2.74057  0.042399
17.816   -17.3796  -8.27111  17.8217   -17.4046  -8.26875  0.025743
-9.03869   -6.92205  11.5766  -9.00242   -6.87786  11.568  0.0578113
37.5201   12.1879  3.76785  37.5907   12.2235  3.76846  0.0790117
27.5455   13.6554  20.8526  27.5454   13.6553  20.8526  0.000136869
-29.3779   -26.4241  -13.0667  -29.4089   -26.4781  -13.0213  0.0770912
-29.1428   9.41058  -31.6274  -29.1594   9.46461  -31.6504  0.0610376
-1.61434   0.968147  -26.0803  -1.61474   0.967988  -26.08  0.000531487
-28.7928   -29.9805  -34.1914  -28.8057   -30.0129  -34.2049  0.0374146
15.2107   2.76996  -21.3435  15.2141   2.7694  -21.3345  0.00965968
23.7121   5.44516  42.2326  23.7564   5.43955  42.2396  0.0451231
-4.93988   -0.441902  -36.7559  -4.95097   -0.448141  -36.7534  0.0129725
16.8255   -5.17687  38.3006  16.8321   -5.19065  38.3013  0.0152853
-28.7497   -24.8287  -10.7306  -28.737   -24.8072  -10.7508  0.0320545
-41.3665   -14.9789  -30.2603  -41.2736   -15.0069  -30.1934  0.11788
25.8046   23.9687  -1.25253  25.8389   24.0359  -1.24657  0.0756814
-42.8298   -16.2606  -24.7689  -42.8815   -16.2855  -24.7606  0.0579984
21.1212   -6.81602  14.2248  21.1214   -6.81668  14.225  0.000705071
-6.31001   6.62735  62.4872  -6.25761   6.61044  62.4304  0.0791023
21.0645   -12.615  -1.62158  21.1189   -12.7067  -1.56191  0.122204
-16.063   10.6297  -33.2567  -16.0282   10.7265  -33.2838  0.106388
-2.00484   10.3017  -6.86927  -2.00634   10.3068  -6.87086  0.00555112
13.0572   -9.42339  12.2765  13.0209   -9.25948  12.2038  0.182925
-29.9739   8.94836  -32.4562  -29.9553   8.8878  -32.4303  0.0684161
2.5711   -11.0299  12.7725  2.56383   -10.9107  12.7592  0.120116
-35.1683   -10.619  -8.12536  -35.1804   -10.6205  -8.10089  0.0273499
10.0956   23.1272  25.5666  10.0983   23.2721  25.5834  0.145884
-6.84568   -10.928  -44.1142  -6.79496   -10.9318  -44.1669  0.0731964
-9.05094   2.56812  24.5701  -9.05887   2.56638  24.5723  0.00840484
-14.3206   0.777722  5.45814  -14.3276   0.781733  5.46099  0.00858442
9.95312   2.0392  63.1713  9.95323   2.03448  63.1154  0.0561667
-5.99216   8.68143  -6.80529  -5.98211   8.65265  -6.80305  0.03057
30.0273   -1.78296  16.8504  30.0065   -1.76672  16.8341  0.0310129
-28.4916   -27.6718  -38.7517  -28.5106   -27.7126  -38.7768  0.0514844
-1.70765   19.3924  9.33011  -1.67916   19.3618  9.3522  0.0473334
-3.01936   -4.7104  56.11  -2.98362   -4.67558  56.1096  0.0498962
39.0469   9.74542  2.96885  39.0273   9.74048  2.96733  0.0202362
28.8763   13.175  -27.1983  28.8595   13.1626  -27.1771  0.0296902
-4.83423   -4.16659  35.2417  -4.80046   -4.13546  35.2413  0.0459303
-4.11257   -3.84571  -39.0256  -4.17149   -3.87676  -38.9918  0.0746955
-9.04757   -17.9434  -44.113  -9.01654   -17.952  -44.1556  0.0533759
22.6819   -14.4866  -5.85065  22.7292   -14.5434  -5.82711  0.0775815
12.566   17.2316  -14.178  12.5572   17.2248  -14.1833  0.0122955
-1.85646   -5.31396  59.555  -1.99375   -5.56456  59.5505  0.285777
9.31801   -9.50398  -22.3031  9.31109   -9.48787  -22.2783  0.0303651
-27.9496   -18.5277  -7.21738  -27.9496   -18.5277  -7.21751  0.000136204
-30.095   -7.25306  -47.2068  -30.0846   -7.26199  -47.1675  0.0416392
28.3987   20.9862  9.64677  28.3553   20.9242  9.62079  0.079972
17.8658   13.9001  -30.616  17.8521   13.8889  -30.6416  0.0311595
-23.9032   5.11364  -13.9253  -23.8838   5.01077  -14.051  0.163539
10.2655   -16.2669  -9.7409  10.2616   -16.283  -9.74228  0.0166488
-7.1832   -20.695  -41.238  -7.14163   -20.7301  -41.2749  0.0657494
20.6445   -14.6454  -3.85909  20.6646   -14.6683  -3.83397  0.0394942
30.6258   -10.2089  -14.4012  30.6028   -10.1913  -14.4032  0.0290144
21.0715   5.29465  -28.7674  21.0874   5.30025  -28.7508  0.0237031
9.7991   -8.36518  17.7337  9.79585   -8.32034  17.72  0.0469867
-24.8457   -32.5264  -29.2515  -24.8272   -32.448  -29.2502  0.0805865
-22.2545   8.36814  -38.4905  -22.2521   8.31193  -38.4578  0.0650839
-7.21035   6.51046  38.6035  -7.30308   6.49103  38.6031  0.0947402
-8.55846   8.42864  -21.1267  -8.57793   8.40239  -21.1288  0.0327437
-25.603   -31.2035  -18.035  -25.5997   -31.1885  -18.0372  0.015506
14.0175   6.35148  62.952  14.014   6.35329  63.0028  0.0508944
25.7072   23.8053  -8.72706  25.6974   23.7826  -8.7264  0.0247756
6.14879   -12.3885  -22.0417  6.176   -12.4167  -22.1111  0.0796569
-28.223   -31.0326  -22.0229  -28.2951   -31.1821  -21.9849  0.170319
-3.82087   -4.25872  42.474  -3.94933   -4.35574  42.4598  0.161618
-11.445   12.1143  15.6354  -11.3811   12.0983  15.6762  0.0775061
1.71922   -18.8208  -22.0692  1.72652   -18.8253  -22.0721  0.00904834
10.6903   24.005  21.9185  10.6841   23.8939  21.9007  0.112659
-39.1948   2.10022  -31.1293  -39.2297   2.12481  -31.1414  0.0443995
0.104735   19.5076  44.2869  0.0958324   19.5434  44.3014  0.0396705
-12.9644   -30.9416  -29.2129  -12.9452   -30.9988  -29.2207  0.0608202
-12.3564   15.8117  16.8289  -12.3233   15.8184  16.8766  0.0584603
