200 PA4-H-Unknown-Output.txt
21.4666   -4.73269  24.824  21.4691   -4.73727  24.825  0.00530968
-6.77618   -25.802  -18.5025  -6.77251   -25.8069  -18.4999  0.00662792
-9.79636   -2.7011  16.381  -9.79333   -2.70051  16.3803  0.00316667
-5.91792   10.6548  57.5293  -5.92262   10.6571  57.5289  0.00526666
4.69191   14.0668  -6.35778  4.68914   14.0702  -6.36096  0.00543898
11.6081   13.6344  -11.4775  11.6075   13.6346  -11.4788  0.00149847
1.48784   -6.9424  53.8843  1.48635   -6.94658  53.884  0.00445291
-1.75905   -7.1593  -31.9827  -1.75774   -7.15902  -31.9834  0.00151549
-6.10697   11.1523  3.91563  -6.1057   11.1507  3.91635  0.00216488
22.9435   6.97094  -30.1001  22.9461   6.9709  -30.0946  0.00601567
-19.2156   7.16774  -15.4301  -19.2157   7.16804  -15.4298  0.000428019
21.4147   20.5135  25.3757  21.4142   20.5129  25.3756  0.000821639
-14.19   4.90207  -6.86608  -14.1884   4.89902  -6.86654  0.00346002
8.30157   -13.0256  4.35699  8.30166   -13.0252  4.35682  0.000450636
3.21165   -18.0171  -12.6456  3.21143   -18.0168  -12.6456  0.000404209
-15.8794   -11.2473  -48.5247  -15.879   -11.2471  -48.5215  0.00330927
-13.7202   -18.2352  -46.2455  -13.72   -18.2354  -46.2459  0.000453985
14.225   21.8229  46.4848  14.2272   21.828  46.4847  0.00552826
-9.62078   -2.98355  16.9187  -9.61772   -2.98296  16.918  0.00319066
0.0297378   17.494  56.5021  0.0261819   17.4999  56.503  0.00697148
-6.47712   3.52196  -32.6075  -6.47308   3.52358  -32.6075  0.00435259
25.1397   -8.23154  6.12465  25.1398   -8.23628  6.12632  0.00502353
-7.85451   -23.7797  -39.0019  -7.86137   -23.773  -38.996  0.011263
6.9115   22.0359  -2.41492  6.91037   22.0366  -2.41529  0.00139306
33.0593   7.29742  14.0968  33.0519   7.29568  14.0918  0.00912605
33.462   14.9379  9.7779  33.4655   14.9406  9.77997  0.0048669
14.0671   -9.11029  11.8442  14.0652   -9.10471  11.8418  0.00637111
-23.9405   10.3346  -34.6332  -23.9406   10.3352  -34.6333  0.000528235
-0.362018   -15.1531  -34.5376  -0.363817   -15.1533  -34.5372  0.00184747
-33.1666   -18.1177  -43.9893  -33.1669   -18.1183  -43.9903  0.00120958
-3.81216   -3.63564  57.8279  -3.81559   -3.6386  57.8283  0.00454205
17.6541   17.0947  56.7013  17.6452   17.0869  56.7002  0.0118592
17.9112   0.221463  62.4613  17.9158   0.217147  62.4671  0.00855918
-16.1852   4.24185  -42.9683  -16.1853   4.24178  -42.9681  0.000141992
-2.08727   -14.957  -3.16862  -2.0874   -14.9555  -3.16953  0.00180714
14.0347   -13.6094  -16.861  14.0341   -13.6117  -16.8629  0.00315909
-34.8019   -19.1103  -10.7608  -34.8033   -19.1111  -10.7594  0.00211738
-4.58914   15.7776  9.13462  -4.58839   15.7767  9.13545  0.00146233
-11.4837   6.87046  17.6641  -11.4922   6.86904  17.6629  0.00870622
22.5828   -3.89543  -25.7571  22.5829   -3.89535  -25.7569  0.000333191
-0.924262   -21.0157  -28.653  -0.921104   -21.0173  -28.6534  0.00355969
-32.4703   -25.9622  -15.1857  -32.4688   -25.9597  -15.1881  0.00376534
-12.001   19.0641  35.6668  -11.9996   19.0635  35.6653  0.00207847
11.926   25.5358  -6.2874  11.9272   25.5335  -6.28666  0.00269586
2.20236   -6.88116  -26.311  2.20665   -6.88044  -26.316  0.00661175
31.8435   1.07037  -25.7422  31.8489   1.07007  -25.7457  0.00647382
3.93529   12.9358  -6.94294  3.93812   12.9323  -6.93969  0.00556356
2.03287   -6.83623  44.0059  2.03335   -6.82808  44.0056  0.00817453
24.0639   2.87388  38.3488  24.0644   2.8738  38.3489  0.000578594
4.20845   -2.2852  63.3564  4.20846   -2.28528  63.3531  0.00325766
-28.1831   4.26019  -14.0272  -28.1829   4.26069  -14.025  0.00234335
20.6584   0.924813  -25.4341  20.6574   0.924439  -25.4349  0.00130389
17.1855   7.08896  63.104  17.1854   7.08913  63.1034  0.000680157
-6.1188   10.8625  48.6672  -6.11487   10.8613  48.666  0.00429659
19.146   -4.8747  31.2606  19.1456   -4.87358  31.2604  0.0012205
-1.09601   -10.7898  -35.4297  -1.09796   -10.79  -35.4288  0.00214437
19.041   -0.8718  58.5062  19.0354   -0.866737  58.5054  0.00764761
3.17697   -9.14497  20.4004  3.17533   -9.13842  20.3992  0.00685556
26.5881   7.71733  -30.2745  26.5879   7.71763  -30.272  0.0025206
-6.44969   3.05969  -35.1171  -6.45332   3.05774  -35.1162  0.00421272
-2.62626   -6.02928  -35.2934  -2.6264   -6.02933  -35.2935  0.000151549
-15.0764   -14.6514  -48.103  -15.0761   -14.652  -48.105  0.00205453
19.0029   -7.60405  13.1673  19.0028   -7.6031  13.1671  0.000979043
-11.4484   -29.7243  -32.0283  -11.4481   -29.7248  -32.0285  0.000641865
-19.3464   -20.3227  -6.94437  -19.3463   -20.3236  -6.9428  0.00178451
22.6633   14.0891  38.1331  22.6653   14.0902  38.1332  0.00232761
8.43018   -6.69071  34.9943  8.42925   -6.68248  34.9942  0.00828235
-12.1967   10.1257  -25.6367  -12.201   10.1195  -25.6353  0.00766046
-26.2627   2.1464  -44.109  -26.2632   2.14807  -44.1112  0.00280784
35.6491   14.0074  -11.289  35.6481   14.007  -11.2888  0.00110902
-17.7714   -1.09604  -1.29109  -17.7674   -1.09737  -1.2919  0.00428583
-0.721024   -21.4256  -22.7204  -0.723062   -21.4235  -22.7203  0.00291672
2.69946   -13.1061  1.05063  2.70107   -13.0946  1.04825  0.0118835
-3.95755   13.951  5.82271  -3.95333   13.9475  5.82463  0.00579888
-25.3007   -9.4082  -6.25267  -25.2995   -9.40852  -6.25658  0.00412018
-13.72   4.512  -3.26467  -13.7162   4.50778  -3.26483  0.00566465
17.5905   25.3307  -20.2614  17.5902   25.3329  -20.2613  0.00216015
-26.2871   -24.0849  -43.3629  -26.2875   -24.0873  -43.3664  0.00418535
16.2116   10.5625  -23.0135  16.2089   10.5619  -23.0141  0.00287557
-8.53018   2.73929  26.7266  -8.52905   2.73955  26.7263  0.00119465
25.1058   24.0405  2.62661  25.1056   24.04  2.62657  0.000526924
35.8987   -2.59941  9.0922  35.8964   -2.59752  9.09109  0.003199
-34.3975   -14.47  -8.131  -34.3978   -14.4702  -8.1296  0.00144562
-15.7281   20.4428  25.1156  -15.7227   20.4404  25.1153  0.00594348
-18.2561   -28.0391  -13.1628  -18.2558   -28.0399  -13.1623  0.00105748
14.9373   -0.431932  62.9842  14.9373   -0.431931  62.9841  9.51343e-05
-33.2732   -26.9704  -17.2067  -33.2729   -26.9702  -17.2068  0.000329316
-23.8368   10.7067  -33.5109  -23.8357   10.7018  -33.5092  0.00532119
12.3781   2.32056  -19.7456  12.3779   2.32155  -19.7469  0.00169665
-6.31921   9.49751  -1.84543  -6.31866   9.49666  -1.84528  0.00102439
6.58659   -12.8062  4.46243  6.58678   -12.8039  4.46186  0.00241069
-30.7649   -30.0283  -31.2248  -30.7661   -30.0302  -31.2251  0.00232855
-17.931   -8.17934  -48.4734  -17.9309   -8.17921  -48.474  0.000603015
-27.8773   0.834038  -12.5058  -27.8777   0.835112  -12.503  0.00302907
-12.279   -22.4877  -10.195  -12.2799   -22.487  -10.1961  0.00165135
-6.80168   21.2222  15.4905  -6.80034   21.2172  15.4941  0.00630596
-17.0619   -28.4761  -14.347  -17.0629   -28.4728  -14.3492  0.00411972
24.9362   22.8553  9.70739  24.9339   22.8496  9.70612  0.00637483
-22.6982   3.39216  -43.8521  -22.6983   3.38996  -43.849  0.00383846
28.3504   22.0126  -12.8611  28.3482   22.0091  -12.8609  0.00411761
16.8319   0.416625  62.96  16.8319   0.416636  62.9624  0.00239207
-6.48231   1.48899  43.3784  -6.47579   1.48998  43.3785  0.00659376
21.6122   -5.63911  20.5806  21.6117   -5.63774  20.5805  0.00145125
37.3923   1.70208  -14.7036  37.39   1.70171  -14.7023  0.00263755
37.8723   7.32839  -11.1444  37.8745   7.32911  -11.1454  0.00249001
22.233   2.11652  46.5173  22.2289   2.11826  46.5163  0.00448064
1.44875   0.981036  -23.8671  1.44942   0.981356  -23.8678  0.000986839
-9.61689   8.20707  29.9594  -9.61478   8.20862  29.9589  0.00267067
15.7627   -5.91109  31.2958  15.7626   -5.91032  31.2957  0.000778072
14.5567   -6.07251  30.9655  14.5567   -6.07178  30.9654  0.000742753
33.0635   14.1614  11.4617  33.0655   14.1628  11.4639  0.00326276
-29.2255   -14.5764  -6.60565  -29.2254   -14.5758  -6.60717  0.00162104
29.6702   -3.8147  14.1887  29.6698   -3.81407  14.1881  0.000953448
-3.14436   0.938404  -28.0443  -3.14415   0.938541  -28.0445  0.000329823
-9.78565   14.7756  13.938  -9.78201   14.7743  13.9415  0.00519374
-22.6242   11.8583  -21.5738  -22.6246   11.861  -21.5736  0.00268471
-5.39057   14.2138  8.24882  -5.39287   14.2161  8.24648  0.00400492
17.2989   4.58534  63.0758  17.2989   4.5855  63.0732  0.0025955
-26.0228   -32.398  -25.2042  -26.0247   -32.4072  -25.2047  0.00937057
14.0143   15.0442  63.1019  14.0145   15.0442  63.0967  0.00519846
-27.6007   -28.9395  -37.2892  -27.6001   -28.9374  -37.2883  0.00241321
-14.882   5.17256  -9.76921  -14.8825   5.17344  -9.76889  0.00104493
24.4142   -12.7004  -3.84198  24.4137   -12.6991  -3.84302  0.00176231
-16.0237   -20.984  -45.4845  -16.0235   -20.9844  -45.485  0.000647908
10.2603   26.3555  4.67839  10.2593   26.3605  4.67837  0.0051567
-19.1998   11.9398  -22.0528  -19.2007   11.9377  -22.0537  0.0024274
-31.0489   7.09193  -16.4948  -31.0506   7.0943  -16.4936  0.00315117
0.101666   16.8445  3.93929  0.104396   16.8413  3.94206  0.00503637
18.7067   5.11852  62.7081  18.7076   5.11921  62.7118  0.00387433
-0.995412   -20.0766  -32.0595  -0.998532   -20.075  -32.0589  0.00352457
14.4833   26.2272  9.69486  14.4837   26.2304  9.6953  0.00316866
18.5737   12.3016  62.9678  18.5743   12.302  62.9688  0.00121192
34.0199   16.8999  4.18546  34.0132   16.8939  4.18468  0.00903473
9.26596   19.2788  60.6583  9.26937   19.272  60.6532  0.00919122
-3.0671   -4.90366  45.3475  -3.07031   -4.90757  45.348  0.00508524
-10.1759   -18.8378  -7.85315  -10.1759   -18.8345  -7.85705  0.00515532
9.95554   -3.61625  63.3637  9.95563   -3.61623  63.3663  0.0026016
-14.5455   -9.05636  -48.0661  -14.5447   -9.05544  -48.07  0.0041534
-5.5624   8.77808  -9.73745  -5.56396   8.78484  -9.73784  0.00694206
-4.23409   17.2825  10.3035  -4.23977   17.2867  10.2982  0.00886335
25.3926   15.0974  -28.143  25.3933   15.0982  -28.145  0.00224088
1.14964   -10.9584  12.6766  1.14999   -10.9523  12.6759  0.00614471
18.4924   -5.41063  28.0089  18.4902   -5.40235  28.008  0.00860835
-11.8695   -17.925  -45.4746  -11.8703   -17.9243  -45.4733  0.00172181
-9.16669   21.9379  35.0251  -9.16498   21.9326  35.0213  0.00674019
-2.66691   -5.4932  41.8154  -2.66477   -5.48762  41.8156  0.00598453
-18.46   -27.1844  -12.0784  -18.4601   -27.184  -12.0787  0.000552088
38.8045   10.325  0.303242  38.8031   10.3242  0.30326  0.00165737
28.8713   -1.83804  18.216  28.8733   -1.83956  18.2174  0.00290042
4.52229   -15.7856  -20.9894  4.52274   -15.786  -20.9897  0.000695612
-40.7418   -20.0768  -20.8543  -40.7455   -20.0786  -20.8534  0.00422421
36.0553   13.4732  7.60394  36.0528   13.4709  7.60279  0.00349612
-24.6879   11.933  -26.0313  -24.6872   11.9286  -26.0317  0.00442008
7.88817   24.9291  14.4543  7.88675   24.9383  14.4567  0.00954752
-3.28873   -21.8387  -34.9204  -3.28632   -21.8401  -34.9224  0.00346001
-36.5639   -6.51661  -10.3736  -36.5641   -6.51632  -10.3732  0.000565354
28.0367   -9.4563  1.74556  28.039   -9.46169  1.74759  0.00620097
31.7006   18.0369  9.11785  31.7027   18.0384  9.1188  0.00274829
-18.55   -4.84484  -47.9892  -18.5495   -4.84414  -47.9907  0.00171572
7.05036   -16.137  -10.0954  7.04922   -16.131  -10.0962  0.00619516
-11.3829   8.77071  -31.3028  -11.3827   8.77112  -31.3028  0.000454343
21.0498   -0.512545  46.7256  21.0495   -0.512406  46.7255  0.000358477
-22.0996   -21.898  -45.8986  -22.0991   -21.8969  -45.8972  0.00185965
20.5902   -4.10455  -24.1945  20.5902   -4.10455  -24.1944  1.91988e-05
-6.1452   -23.5447  -15.23  -6.14439   -23.5459  -15.2293  0.00160318
28.3993   20.6965  10.0712  28.4028   20.7015  10.0733  0.00646342
31.5024   16.0198  11.638  31.503   16.0204  11.6388  0.00122592
-3.0534   -3.97108  -32.1965  -3.05449   -3.97127  -32.1963  0.00112237
-13.2163   -25.1951  -41.765  -13.2162   -25.1953  -41.7652  0.000236783
16.1058   10.3753  -25.3882  16.1082   10.3777  -25.3888  0.00342281
-16.4341   3.91371  -8.63425  -16.4299   3.90832  -8.63649  0.00721778
5.49745   13.9516  -7.39866  5.50047   13.9494  -7.39666  0.00423697
39.7431   7.31012  -4.6435  39.743   7.3101  -4.64348  7.02356e-05
24.081   22.0645  13.7774  24.0809   22.0643  13.7773  0.000218732
24.5681   22.3613  -22.7478  24.5665   22.3587  -22.7461  0.0034435
6.03965   20.6157  43.033  6.041   20.6066  43.0316  0.0092874
10.0308   -9.58267  -22.0113  10.0316   -9.5847  -22.0144  0.00380787
-7.95965   3.99413  -36.4711  -7.95938   3.99437  -36.4713  0.000395292
-11.4452   -13.2958  -1.83653  -11.4447   -13.2942  -1.83758  0.00199191
-37.7098   -7.62181  -10.5755  -37.7125   -7.62127  -10.5735  0.00344371
23.4045   15.5489  31.397  23.3984   15.5455  31.3957  0.00708835
3.45256   -12.6127  3.98385  3.45297   -12.6098  3.98329  0.00297589
22.4695   -14.282  -4.73419  22.4691   -14.2813  -4.7347  0.000910568
-15.3715   13.2207  29.536  -15.3634   13.2268  29.5349  0.0101874
-4.86056   12.8383  5.42773  -4.85761   12.8346  5.42944  0.00499083
-1.45394   9.89265  -9.01988  -1.45309   9.8899  -9.0193  0.0029357
-7.92797   6.62921  33.8944  -7.93542   6.62654  33.8955  0.00799804
11.4586   21.7103  42.8768  11.4591   21.7083  42.8768  0.00215109
-21.2189   -8.80083  -3.71809  -21.2209   -8.80072  -3.71448  0.00412336
13.0383   -6.14005  38.4801  13.0394   -6.14365  38.4798  0.00378125
2.90888   23.5543  25.5337  2.90817   23.5485  25.5331  0.00591294
-5.48624   18.0213  12.0321  -5.48197   18.0165  12.0375  0.00837758
31.2866   14.6228  13.061  31.2842   14.6217  13.0593  0.00312434
-31.1345   5.43925  -38.8894  -31.1361   5.44237  -38.8912  0.00395563
-29.182   -17.1006  -46.7901  -29.1818   -17.0985  -46.7857  0.00493219
-36.8242   2.76994  -35.5399  -36.8202   2.76602  -35.5382  0.00586862
7.87558   -2.57383  -22.4633  7.87351   -2.5743  -22.4567  0.00695724
31.157   16.9218  11.2684  31.157   16.9218  11.2685  0.000110859
-27.6453   -20.4106  -46.0344  -27.643   -20.4072  -46.028  0.00765164
31.7481   -7.4367  -0.368519  31.7476   -7.43627  -0.368641  0.000704626
