75 PA4-A-Debug-Output.txt
0.742639   -10.5738  -29.0513  0.741555   -10.5762  -29.0522  0.00041978
21.4282   -1.85532  38.3717  21.4278   -1.86105  38.3713  0.00090379
11.6974   27.1121  1.9527  11.6941   27.1147  1.95192  0.00717058
16.8898   -3.52844  55.8087  16.8903   -3.53546  55.8083  0.00218658
7.69151   -7.17511  62.8118  7.69036   -7.18097  62.8114  0.000446131
31.2054   -0.114033  -26.6881  31.2026   -0.117441  -26.6876  0.0018892
7.61298   -9.0795  16.589  7.61207   -9.085  16.5887  0.00152715
13.8529   23.3496  -19.4424  13.8558   23.3418  -19.4423  0.00573157
-25.8048   7.27585  -15.829  -25.8057   7.27372  -15.8291  2.3076e-05
-23.3074   0.384057  -10.5319  -23.3066   0.379903  -10.5342  0.00322894
-8.30482   -26.1285  -16.8271  -8.30612   -26.1318  -16.8278  0.000949294
35.3528   15.4002  5.15791  35.352   15.3956  5.15794  0.000150782
-43.2515   -11.2566  -21.2786  -43.2517   -11.258  -21.2795  0.00120996
3.36826   -11.6242  10.6618  3.36718   -11.6244  10.6597  0.00381563
29.2877   -1.86683  17.6545  29.2844   -1.86987  17.6523  0.0032208
14.6855   -7.95219  15.0572  14.6841   -7.95584  15.0564  0.00060202
-0.607471   -12.3326  3.72876  -0.608809   -12.3346  3.72769  0.00152906
22.3718   3.59082  48.2281  22.371   3.58538  48.2278  7.86415e-05
-11.9876   -4.69149  -46.8785  -11.9885   -4.69282  -46.8799  0.00107714
-21.3366   -24.4913  -9.10035  -21.3384   -24.4939  -9.10116  0.000293465
-41.9444   -14.3952  -18.4379  -41.949   -14.3975  -18.4377  0.00333025
14.5179   23.1189  25.4923  14.5172   23.1119  25.4923  0.00247947
-29.0716   -30.1586  -19.4569  -29.074   -30.1618  -19.4575  0.00143423
1.94455   2.99169  63.5618  1.94366   2.98638  63.5612  0.000285795
5.18566   -13.1948  -22.4376  5.18235   -13.1967  -22.436  0.00316912
7.80034   21.6486  35.5467  7.79974   21.6465  35.5474  0.00256064
0.995588   -4.43506  -26.5581  0.994026   -4.43778  -26.5582  0.000527087
-30.8843   -28.8844  -18.347  -30.8871   -28.8878  -18.3475  0.00192821
-35.081   4.34544  -16.279  -35.0827   4.34436  -16.279  0.0011389
38.0663   -0.980593  -9.00116  38.066   -0.985243  -9.00156  0.000982796
-30.4952   0.652639  -43.0791  -30.498   0.653476  -43.0821  0.00378663
-6.62242   8.85839  59.2506  -6.62287   8.85338  59.2505  0.000304288
-36.6866   -16.717  -10.8084  -36.685   -16.7176  -10.8117  0.00425584
-1.15211   -5.91238  44.1815  -1.15217   -5.91349  44.1804  0.00372829
-17.1249   -20.0434  -46.6175  -17.1274   -20.0436  -46.6167  0.00231516
18.0488   16.49  57.6972  18.0497   16.4857  57.6975  0.00181877
-10.6257   -0.643837  15.5112  -10.6248   -0.646661  15.5101  0.00219153
-13.8876   -4.68302  5.27194  -13.8902   -4.68685  5.2723  0.00176512
-31.8293   -25.5819  -14.0702  -31.8327   -25.5866  -14.0696  0.00346874
25.4806   -11.8726  -20.5908  25.4802   -11.8788  -20.5936  0.00354215
26.9286   23.2853  -7.34135  26.929   23.2826  -7.34109  0.00152604
23.5774   23.9625  7.35298  23.5792   23.964  7.35476  0.00633653
-0.868681   -5.7681  48.5888  -0.871269   -5.77589  48.5885  0.00333883
1.90712   23.837  23.0317  1.90722   23.8362  23.0322  0.00342291
-22.1527   -28.2918  -13.1102  -22.1547   -28.2947  -13.111  0.000686503
-3.33698   8.74862  -14.4621  -3.33761   8.74201  -14.4617  0.00381866
-36.4844   -0.633427  -13.6122  -36.4849   -0.635698  -13.6132  0.000948049
-32.8577   -1.3012  -43.3486  -32.8595   -1.30155  -43.3502  0.00156103
21.3598   2.36146  53.1184  21.3602   2.35537  53.1183  0.00146337
-8.11031   23.49  33.127  -8.1104   23.4839  33.1264  0.00219506
-26.2186   -11.9571  -6.3715  -26.22   -11.9596  -6.3726  0.000424537
-34.5179   7.21921  -29.2693  -34.52   7.21925  -29.2698  0.0019645
18.8543   25.7732  7.3002  18.8539   25.7687  7.30045  0.000427357
-39.1965   1.97952  -21.1092  -39.1965   1.97721  -21.1098  0.00127921
28.5353   5.58579  -29.2384  28.5336   5.58278  -29.2375  0.00148545
-5.01002   16.0187  9.81742  -5.00926   16.0136  9.81892  0.00254774
-42.0064   -1.35061  -29.1689  -42.006   -1.35282  -29.1691  0.00179277
-33.1843   -28.3045  -20.9171  -33.1866   -28.3068  -20.9181  0.000643435
11.9727   25.5393  -6.36286  11.9737   25.5332  -6.36168  0.00293577
8.00263   -7.10745  53.3589  8.00176   -7.11623  53.3583  0.00363384
14.8239   25.1001  13.3732  14.824   25.0988  13.3742  0.00299243
-23.5539   12.0858  -25.7429  -23.5549   12.0856  -25.7427  0.00175171
-34.5065   -26.192  -17.8504  -34.5086   -26.1941  -17.8513  0.000373976
-5.40179   -2.76564  38.8015  -5.40338   -2.77032  38.8012  0.000602667
26.2386   9.93876  29.2512  26.2357   9.93312  29.2505  0.00227848
7.51195   -6.89056  63.172  7.51041   -6.89673  63.1732  0.00203623
31.5631   7.85837  -26.8517  31.5627   7.85494  -26.8522  0.000540461
11.816   -6.21846  35.0989  11.8149   -6.22516  35.0985  0.0019713
-8.94683   11.8029  10.8536  -8.94778   11.7996  10.8534  0.000305072
14.2354   8.18128  63.1277  14.2348   8.17572  63.1263  0.00125883
0.899081   -7.4148  -27.773  0.897001   -7.41753  -27.7731  0.00092884
6.26553   23.0492  27.2068  6.2651   23.0475  27.2074  0.00273255
22.2579   2.66023  47.8835  22.2523   2.65554  47.8828  0.00475007
0.00655566   17.3395  4.66742  0.00671224   17.3351  4.66821  0.00129713
7.86564   -9.67307  14.5039  7.86433   -9.67719  14.5033  0.000116644
