200 PA4-K-Unknown-Output.txt
-13.5475   -14.075  -3.31819  -13.5542   -14.0906  -3.30153  0.0237675
31.4314   11.2992  14.7941  31.4667   11.3145  14.812  0.0423985
-17.8374   -1.22648  -47.0597  -17.8363   -1.24055  -47.0244  0.038041
-2.57267   -5.03259  62.5652  -2.54208   -4.9986  62.5435  0.0505974
11.5496   25.8191  11.2343  11.5433   25.8583  11.2486  0.0421837
-43.7451   -7.47625  -23.2635  -43.7347   -7.47846  -23.2668  0.0111043
23.1274   -10.3868  0.838568  23.1637   -10.484  0.879212  0.111464
-36.8622   -21.658  -14.7694  -36.8895   -21.672  -14.754  0.0343681
-8.69554   -6.70885  12.7962  -8.72538   -6.73379  12.8065  0.0402375
35.8569   1.68958  -17.9685  35.9026   1.69223  -17.9823  0.0478216
-6.87486   6.48142  42.4808  -6.98051   6.47937  42.4834  0.105698
9.66733   22.5052  -7.46685  9.66033   22.5113  -7.47042  0.00999037
18.766   -2.66569  49.0219  18.6893   -2.5785  49.0178  0.116166
20.8048   12.5871  58.1516  20.7056   12.5537  58.1346  0.106059
29.4202   20.381  -18.8067  29.5365   20.4931  -18.8355  0.164145
29.7834   13.9978  15.5406  29.8646   14.0491  15.5655  0.0992611
-39.7333   -13.1188  -13.8827  -39.7211   -13.1167  -13.8911  0.0148794
29.7463   20.8393  -17.0652  29.6938   20.7886  -17.0522  0.0741776
22.1494   4.39649  50.7536  22.2174   4.38639  50.7674  0.0701162
18.9225   -15.02  -16.6168  18.9232   -15.0162  -16.6128  0.00552384
5.12732   8.11004  -15.2265  5.105   8.0641  -15.1811  0.0682996
-1.14865   -21.6739  -27.8483  -1.15896   -21.6687  -27.8471  0.0116253
3.00048   -16.2267  -22.7627  3.00817   -16.2312  -22.7658  0.00942012
17.8063   -0.000361625  62.696  17.6958   0.103383  62.5568  0.20574
20.5834   0.392768  52.1809  20.6549   0.357205  52.1899  0.0803549
21.9003   25.1298  -11.187  21.9455   25.2595  -11.1842  0.137426
-7.2275   1.47116  31.8805  -7.2799   1.46741  31.8863  0.0528622
21.0545   1.95584  55.638  20.9152   2.0139  55.6234  0.151649
-1.89499   -5.30546  -30.3751  -1.79347   -5.26893  -30.4597  0.137123
-7.44396   -25.6276  -17.3502  -7.43237   -25.6431  -17.3402  0.0218105
-39.753   -1.78281  -35.7685  -39.8108   -1.76474  -35.7933  0.065463
-29.8038   -30.9719  -27.7855  -29.7808   -30.9138  -27.7829  0.0625512
-6.69397   3.70284  44.7821  -6.70866   3.70121  44.7824  0.014783
-7.33687   -7.25136  -44.383  -7.35323   -7.25609  -44.3642  0.0253474
27.0316   -13.2241  -14.2389  26.8808   -13.0137  -14.2593  0.259723
-1.94514   -19.5101  -12.2727  -1.93052   -19.5404  -12.2589  0.036412
27.8795   -2.21644  19.2593  27.8762   -2.21404  19.257  0.004688
-12.1932   5.39581  11.9663  -12.2641   5.40622  11.9755  0.0723183
15.1253   1.19805  -21.3437  15.1072   1.20096  -21.3913  0.0510207
-28.8073   -31.1006  -30.3303  -28.8026   -31.0896  -30.3283  0.0120204
-22.7921   10.3186  -34.8488  -22.8384   10.5142  -34.8897  0.205079
17.7621   -5.08687  33.2437  17.7623   -5.08748  33.2438  0.000677286
-13.9832   -23.3353  -9.62782  -13.983   -23.3581  -9.60654  0.0312008
0.563805   -8.885  24.2703  0.564154   -8.8627  24.2656  0.0227789
15.5287   -17.4875  -7.07311  15.5295   -17.5045  -7.06999  0.0173784
16.5131   -4.63719  45.5712  16.5983   -4.78217  45.5863  0.168836
-30.3054   -18.6142  -7.71313  -30.308   -18.6153  -7.70821  0.00564278
9.02416   20.7433  -8.41091  8.97966   20.7601  -8.43232  0.0521663
19.4372   -5.55062  25.275  19.4394   -5.55848  25.2768  0.00836694
-38.9838   0.0075267  -17.3871  -39.0261   0.0501  -17.3525  0.0692445
40.2271   5.28834  -1.28163  40.179   5.29353  -1.28745  0.0487752
15.5828   -8.65732  11.7791  15.5918   -8.70214  11.7934  0.047903
20.7975   16.7162  39.4413  20.8908   16.7992  39.4526  0.125402
-15.5096   -6.03274  2.27797  -15.5293   -6.03982  2.29352  0.0260791
33.9378   -5.04811  -18.1932  34.1277   -5.2027  -18.2598  0.253725
-35.2142   -8.602  -44.5495  -35.2393   -8.59215  -44.5788  0.0398051
14.8096   23.8486  -20.5806  14.7829   23.8923  -20.5818  0.051237
-4.39014   9.33973  -6.71732  -4.39738   9.35409  -6.72014  0.0163306
-6.72469   7.38317  54.271  -6.85079   7.41034  54.2715  0.128999
20.9168   13.9168  49.2489  21.0399   13.9966  49.2656  0.14767
17.4517   -12.2703  2.95296  17.4284   -12.2316  2.93238  0.0496683
14.2433   25.5547  -8.36634  14.2292   25.6105  -8.37912  0.0589301
30.5119   1.83544  -28.0405  30.5007   1.83584  -28.0341  0.0128886
-10.0864   7.04524  25.3996  -10.1968   6.99717  25.4253  0.123096
-4.66545   10.7893  -0.576679  -4.68924   10.8192  -0.585329  0.0391601
20.5658   16.8837  -30.2855  20.5491   16.864  -30.2561  0.0391519
-10.4719   6.79135  -3.16749  -10.4695   6.78714  -3.16723  0.00481753
0.137718   -15.3808  -31.4887  0.107685   -15.3795  -31.4875  0.0300827
-18.1439   -30.1756  -37.1084  -18.1801   -30.0157  -37.0221  0.185247
15.1713   -9.35445  -21.1629  15.1734   -9.38274  -21.1917  0.0404331
-7.1478   5.30054  59.0217  -7.08288   5.29963  59.0227  0.0649333
33.0012   -4.25227  10.922  33.0096   -4.25983  10.9314  0.0146671
-12.0098   -26.5115  -14.6248  -11.982   -26.5712  -14.5855  0.0767774
-3.07523   2.90594  -26.2924  -3.11353   2.87223  -26.2659  0.0574599
22.398   0.305696  40.313  22.3495   0.332702  40.3099  0.0556121
-1.00704   -8.38577  25.3042  -1.01618   -8.53152  25.345  0.151633
14.95   -4.67952  55.9967  15.0451   -4.84139  56.0113  0.188336
-5.81404   10.9976  53.2449  -5.86296   11.0146  53.2457  0.0517881
-5.40764   11.1121  55.2361  -5.52864   11.1684  55.2527  0.134499
26.9643   7.04028  28.0246  26.9771   7.04129  28.0286  0.0134308
-6.35007   4.67307  -29.1705  -6.31661   4.70362  -29.185  0.0475597
-35.9105   -25.2034  -34.3319  -35.8835   -25.177  -34.3179  0.0402835
-27.7558   -29.5089  -17.0805  -27.7723   -29.5294  -17.0683  0.0290563
37.9227   10.4695  -7.53289  37.8358   10.4244  -7.51464  0.0996162
20.95   -12.551  -1.04244  20.9226   -12.5048  -1.07252  0.0615979
-6.21343   10.4965  51.4872  -6.07043   10.447  51.4893  0.151343
-23.8709   9.12124  -37.0099  -23.8943   9.19297  -37.0649  0.0933697
20.8739   -3.49982  33.5714  20.9106   -3.55058  33.5802  0.0633021
22.5713   10.2585  -30.9368  22.57   10.2613  -30.9173  0.019733
-31.0723   -28.8843  -18.3458  -31.0347   -28.8178  -18.3765  0.0823415
-28.5919   -8.081  -47.6987  -28.6035   -8.07104  -47.7426  0.0464853
40.5009   4.4093  -3.98954  40.5431   4.40899  -3.98612  0.0422883
0.692323   3.57117  -22.4946  0.655206   3.54093  -22.4595  0.0593682
11.862   20.8201  54.7729  11.8611   20.7662  54.7658  0.054344
13.1678   23.1666  26.8617  13.1663   23.1548  26.8606  0.0119012
15.1105   -14.2603  -16.2656  15.096   -14.3249  -16.3154  0.0828226
-7.07617   2.74458  34.6218  -7.06728   2.74521  34.6207  0.00899283
18.5916   26.335  -7.53978  18.5823   26.2619  -7.53623  0.0738234
12.7723   -15.3559  -13.5138  12.7724   -15.354  -13.513  0.00214476
-11.0712   9.53066  -20.4806  -11.0787   9.50955  -20.484  0.0226599
-14.7586   -31.6308  -24.3549  -14.755   -31.6439  -24.354  0.0136771
-40.7488   -0.194923  -20.9787  -40.7736   -0.181591  -20.9776  0.0281798
1.57918   6.62635  -18.4777  1.58001   6.62803  -18.4792  0.00242975
-9.81473   -22.9783  -41.9969  -9.88032   -22.9026  -41.9233  0.124311
-1.80152   17.7155  48.407  -1.7108   17.6201  48.3353  0.149931
-17.5205   -28.4071  -14.1885  -17.5012   -28.4702  -14.1461  0.0784965
-39.5879   -9.97791  -39.9514  -39.5188   -9.9731  -39.9372  0.0706877
-12.2047   10.3871  19.0106  -12.2171   10.3849  19.0101  0.0126474
-7.8025   18.1307  39.6148  -7.79856   18.1269  39.6108  0.00672729
20.451   12.8226  58.9969  20.4652   12.8274  58.9994  0.015233
-10.8043   6.58875  3.82266  -10.8957   6.69172  3.80674  0.138633
-5.00913   7.88812  -18.6289  -5.02711   7.76656  -18.5851  0.130482
29.686   17.4179  12.5465  29.727   17.4488  12.5689  0.0560295
-39.8813   -7.99056  -38.2556  -39.9922   -7.98746  -38.285  0.114783
-31.5005   5.61306  -14.9414  -31.4376   5.53546  -15.0109  0.121723
-27.0351   -31.4837  -31.6534  -27.0706   -31.5681  -31.6693  0.0929921
-12.8369   -4.30246  7.65798  -12.7887   -4.27858  7.63666  0.0578135
-32.0005   8.12157  -31.9734  -31.9945   8.11199  -31.9689  0.0121599
-3.71782   -3.80452  60.2318  -3.74486   -3.82713  60.2294  0.0353193
19.0139   -7.02667  -23.5139  19.0001   -7.0247  -23.5411  0.0306
-28.7444   -31.501  -24.9563  -28.7301   -31.4665  -24.9554  0.037377
19.242   21.4706  26.2841  19.3189   21.6137  26.3131  0.164964
35.4343   -3.65998  -7.71159  35.4589   -3.68728  -7.70841  0.0369085
-43.0826   -11.1307  -20.6925  -43.1311   -11.1347  -20.6819  0.0498204
-15.2598   8.66772  -37.8678  -15.2605   8.66537  -37.8657  0.00318216
-5.99128   -26.9747  -28.656  -6.02672   -26.9264  -28.6481  0.0604357
-32.0917   4.1204  -39.344  -32.0535   4.08441  -39.3019  0.0672106
-32.2576   4.37504  -38.8471  -32.2652   4.38218  -38.8554  0.0133209
38.4754   4.20668  7.87674  38.576   4.21698  7.95061  0.125294
2.37334   3.09142  -21.5136  2.38082   3.10298  -21.5295  0.0209801
-39.3918   -16.4847  -14.5992  -39.4732   -16.5164  -14.543  0.103884
3.20069   3.02714  63.5394  3.20076   3.02717  63.5407  0.00130441
35.6221   0.977783  -18.8823  35.6674   0.980409  -18.896  0.0473951
21.805   3.40503  53.3439  21.6278   3.44098  53.3117  0.183689
36.0582   13.0079  -11.2519  36.0659   13.0121  -11.2526  0.00884164
-11.4111   -30.2765  -25.6141  -11.3602   -30.3805  -25.6017  0.116468
7.88239   -8.44265  -23.1638  7.85102   -8.50509  -23.0816  0.107892
9.04025   13.9944  -9.68771  9.04075   13.9941  -9.68689  0.0010051
24.6153   24.3734  3.43897  24.5512   24.2445  3.42755  0.144317
13.9403   -2.38913  63.1676  13.9393   -2.39438  63.0974  0.0704662
-0.0784939   5.28986  -21.1022  -0.0399245   5.34048  -21.1325  0.0704804
18.5417   -6.03312  24.273  18.5387   -6.01381  24.2713  0.0196021
-4.41737   -3.77701  41.684  -4.34328   -3.72107  41.6923  0.0931995
-2.04869   16.1292  54.477  -2.04394   16.1232  54.4757  0.00775893
38.3988   1.2438  7.49808  38.4739   1.22155  7.52648  0.0833783
-8.86348   22.5707  18.0691  -8.85208   22.5173  18.1068  0.0663833
-17.5945   -7.63194  -1.07837  -17.5127   -7.61626  -1.12789  0.0968669
35.4178   -3.22031  -3.84252  35.431   -3.23417  -3.84133  0.0192018
-8.28134   -23.2236  -12.9101  -8.27392   -23.2328  -12.901  0.0149843
-9.24115   7.43036  -8.39937  -9.23673   7.41981  -8.40015  0.0114693
39.18   2.14324  -10.6279  39.0912   2.14755  -10.601  0.0928746
-4.84724   16.8753  10.8135  -4.92929   16.9402  10.7333  0.131806
14.1776   -5.89886  41.4029  14.1916   -5.94345  41.4047  0.0467721
0.211473   18.9553  48.5721  0.284974   18.8099  48.5441  0.165263
29.4462   21.1818  -13.5626  29.5011   21.2651  -13.5602  0.0998819
24.1785   -2.08299  -27.1514  24.1757   -2.05988  -27.0855  0.0698788
33.8979   17.218  2.21803  33.9075   17.2271  2.21894  0.0132765
26.1396   8.36922  -30.3903  26.1393   8.36973  -30.3861  0.00428361
-4.29732   -24.6396  -30.5369  -4.22433   -24.7066  -30.5607  0.101859
6.40265   20.4136  44.8653  6.39693   20.4493  44.8681  0.0362534
21.4249   13.5474  48.0768  21.4713   13.5775  48.0831  0.0557055
-0.447779   17.6408  52.2902  -0.460097   17.6597  52.2933  0.0228027
35.0921   15.6204  -8.5261  34.9872   15.5351  -8.53655  0.135631
-31.2792   -10.323  -6.4485  -31.2297   -10.3245  -6.50871  0.0779521
-6.44186   8.17815  -18.1076  -6.44572   8.15208  -18.0982  0.0279791
31.8188   0.535397  15.4811  31.8726   0.518107  15.5248  0.071441
17.6073   18.9152  -30.3099  17.636   18.9592  -30.3735  0.0825268
-39.5996   -15.3262  -37.8147  -39.5241   -15.3189  -37.8007  0.0771345
-6.11197   10.578  53.1014  -6.02722   10.5487  53.0999  0.089708
-5.04145   -24.1676  -34.16  -5.0143   -24.1968  -34.1717  0.0415721
16.0921   8.64527  -19.861  15.9388   8.61503  -19.8946  0.159865
20.5389   2.25808  59.4209  20.5772   2.2504  59.425  0.0392307
-12.0197   10.1434  -25.4453  -12.0681   10.0733  -25.4297  0.086622
-14.0276   -0.757295  7.08326  -13.9583   -0.744821  7.05727  0.0750876
-22.2438   -2.34454  -6.99386  -22.1932   -2.39457  -7.04972  0.0904647
2.19769   -17.7873  -22.4208  2.21189   -17.796  -22.4266  0.0176069
11.2253   22.1992  33.331  11.2174   22.3069  33.3468  0.109126
-3.25306   -4.81714  43.3894  -3.34967   -4.92966  43.3919  0.148325
-6.64975   15.7667  42.6951  -6.6663   15.7702  42.7006  0.0177856
24.7822   -0.142372  29.7401  24.8247   -0.163886  29.7494  0.0485627
-22.8984   1.04002  -45.7307  -22.8999   1.01223  -45.6994  0.041873
-6.81905   -24.5346  -16.1125  -6.84874   -24.49  -16.1347  0.0579957
-24.3856   9.5593  -17.9855  -24.3884   9.545  -18.0049  0.0242567
11.1228   20.2249  59.4486  11.1497   20.4627  59.4778  0.241167
-6.24604   -27.2728  -27.301  -6.22948   -27.2953  -27.3047  0.0282352
-13.7229   20.3492  19.7422  -13.7631   20.3706  19.7192  0.0509674
-37.63   -25.2955  -25.4126  -37.5923   -25.2607  -25.4143  0.0513459
-22.9684   -12.7876  -48.2607  -22.9807   -12.7971  -48.2344  0.0305583
-11.3007   12.7647  34.8866  -11.2944   12.7702  34.8803  0.0104161
34.3033   14.3713  -15.5539  34.2909   14.3651  -15.5486  0.0147568
12.7969   24.9648  -9.25084  12.8545   24.8624  -9.19792  0.128832
-0.129723   20.0267  41.983  -0.135878   20.0451  41.9856  0.0195948
-4.39647   20.522  38.6587  -4.39643   20.5218  38.6587  0.000196529
-6.86769   7.96269  46.9683  -6.77509   7.95465  46.9642  0.093037
-1.95516   -10.7988  13.3962  -1.90333   -10.6576  13.3787  0.15141
40.2894   2.52264  -4.88649  40.2819   2.52811  -4.88748  0.00935063
22.7077   10.0697  49.0312  22.6067   10.0458  49.0113  0.105739
16.6097   22.3508  31.7486  16.5885   22.2231  31.7571  0.129721
7.15937   20.6131  44.7647  7.16458   20.5805  44.7621  0.0331044
32.2052   13.6171  12.4924  32.2474   13.6463  12.5386  0.068985
