200 PA4-G-Unknown-Output.txt
8.09599   20.4888  -6.2287  7.97188   20.7698  -6.44835  0.00181588
-8.45085   14.7719  12.9383  -8.27037   15.5905  13.1245  0.00599945
16.7563   23.3457  -26.9804  16.2554   23.1857  -27.4074  0.00130782
31.6071   -3.94736  -25.3346  30.7308   -4.30043  -25.6456  0.000197761
-38.115   -17.7506  -37.7938  -39.422   -17.2302  -36.5048  0.00297951
-14.4884   4.01204  -7.8623  -14.8795   4.61121  -7.38312  0.00283096
14.2367   -6.61213  39.4592  14.6303   -5.74451  39.5135  0.00331463
23.2582   -9.20831  4.9104  22.9147   -8.98559  4.83571  5.67863e-05
9.21634   -7.41537  34.2659  9.49355   -6.54146  34.4342  0.00406922
-41.9072   -3.6658  -27.5421  -42.7962   -2.94181  -26.3945  0.00508157
29.6014   17.6612  -22.319  29.1124   17.383  -22.9231  0.0092627
24.5543   15.7692  24.8736  24.9814   16.2623  24.3889  0.000775875
28.2288   -2.34716  19.1904  28.2763   -1.99204  18.9111  0.00514605
-35.2038   -11.6987  -45.0918  -36.5764   -11.3323  -43.9542  0.00599081
-37.4817   -11.3842  -42.2827  -38.7872   -10.942  -41.1013  0.000683167
33.3002   -7.46848  -17.1314  32.5421   -7.72909  -17.427  0.00771994
-8.13036   -12.9059  0.483401  -8.60873   -12.2777  1.09249  0.0050736
-24.1699   6.22937  -41.0555  -25.1939   6.48359  -40.4054  0.00117795
0.745953   22.0259  30.1328  1.3797   22.9561  30.0256  0.000108235
-33.4627   -28.4683  -26.6539  -34.7148   -27.8585  -25.2987  0.0093195
-12.4842   4.36293  1.5271  -12.6793   5.06789  1.95861  0.00659743
-32.7175   -27.6053  -19.2963  -33.8049   -26.8927  -17.9708  0.00290051
9.84896   1.95557  -19.6439  9.18016   2.01181  -19.61  0.0043234
-23.6244   -1.78934  -47.9231  -24.9061   -1.64236  -47.1613  0.000312488
-11.4239   9.06754  -19.5052  -11.9756   9.4535  -19.1568  0.00533083
-27.5766   7.87466  -36.4627  -28.484   8.25083  -35.7729  0.00228917
7.49863   8.82011  63.2675  8.60085   10.1422  63.2137  0.00164245
17.0502   16.2876  53.249  18.0623   17.318  52.8978  0.00462773
-15.5058   11.4709  -27.0303  -16.1745   11.7987  -26.637  0.00334791
34.9919   -5.88805  -12.2356  34.3451   -6.09496  -12.5884  0.00480134
19.3955   26.0505  -7.51851  19.3263   26.1433  -8.04593  0.00374994
-38.1345   -1.15276  -37.0864  -39.1794   -0.628849  -36.0465  0.00606137
31.7659   -9.37671  -13.629  31.0423   -9.55585  -13.8648  0.00254936
-6.79327   -14.4173  -1.85295  -7.3417   -13.8467  -1.24438  0.00892222
-33.7802   -8.05701  -45.456  -35.1042   -7.71771  -44.4006  0.00354476
32.8441   13.5435  12.4236  32.986   13.7277  11.812  0.000192607
-19.0741   -7.18925  -3.4972  -19.5456   -6.45235  -2.75451  0.00403538
11.65   -16.7681  -7.82715  10.9412   -16.5594  -7.55261  0.00256201
-9.78419   -13.4535  -47.5728  -11.2353   -13.5084  -46.9118  0.00215405
3.28338   -18.6258  -17.0833  2.36335   -18.4235  -16.6112  0.0016139
17.3654   22.1995  22.9759  17.8546   22.779  22.5383  0.00712239
-4.2917   -24.5891  -35.5487  -5.67027   -24.544  -34.8295  0.00290351
-14.6824   -31.6428  -33.6483  -16.1232   -31.4095  -32.6163  0.00354736
-8.05172   -21.3177  -10.4199  -8.87215   -20.8478  -9.6817  0.00310469
29.513   15.6903  14.786  29.7339   15.9583  14.2062  0.00196798
-30.3369   -11.4205  -7.29504  -30.9422   -10.5677  -6.26637  0.000258793
-2.56696   -23.0954  -34.9518  -3.91038   -23.0694  -34.2901  0.000623643
32.6813   15.7979  -19.272  32.2184   15.5136  -19.9045  0.00092842
24.9971   -5.66948  16.4391  24.9367   -5.3012  16.2723  0.00186503
-24.0852   -31.2358  -35.8079  -25.5593   -30.8951  -34.5949  0.000689662
-16.5131   -8.44066  -0.987266  -16.9515   -7.70411  -0.280659  0.000141859
23.0079   19.9149  19.9193  23.401   20.3604  19.4059  0.00452495
-10.7398   -20.7013  -9.7164  -11.5374   -20.1797  -8.93527  0.00168279
-7.36324   -3.98557  28.7195  -7.14351   -2.94828  29.1678  0.00261106
-7.4426   -0.0337049  33.1711  -7.06571   1.07068  33.5586  0.00653572
-12.0484   -20.158  -45.8017  -13.5622   -20.1522  -44.9951  0.00288496
-18.6383   7.1187  -16.4607  -19.1559   7.65316  -15.9436  0.00199611
-32.9739   5.2086  -18.2094  -33.5515   5.9362  -17.3764  0.000525864
10.2395   24.399  14.8788  10.5984   24.952  14.5507  0.00701265
22.8781   15.9454  29.6334  23.4026   16.5336  29.1776  0.00248803
-4.04259   0.216264  -33.8407  -5.01653   0.275678  -33.5029  0.000866508
14.3983   17.2498  59.5423  15.5432   18.4033  59.2259  0.00891632
-13.1655   10.3733  19.2611  -12.9235   11.3515  19.6076  0.0065418
20.1603   20.653  24.6344  20.6566   21.2076  24.1635  0.000748395
-2.65477   7.50832  -18.126  -3.20564   7.779  -17.9315  0.0013842
33.1038   17.928  -12.4868  32.8092   17.7376  -13.1622  0.00047512
16.1517   -17.1239  -10.8464  15.375   -17.0307  -10.6567  0.00554841
-7.47388   -22.457  -42.2738  -8.95436   -22.4649  -41.521  0.00200766
26.7214   -10.0666  1.25194  26.2904   -9.94604  1.12102  0.00446155
-20.4978   -32.8522  -32.4247  -21.9291   -32.5187  -31.2607  0.00290443
-31.7762   -7.08843  -46.5415  -33.1077   -6.79543  -45.5408  0.00374751
-38.1795   -14.1088  -40.042  -39.4823   -13.6224  -38.807  0.00170403
-7.42013   9.51947  44.2962  -6.68982   10.7866  44.5368  0.00554479
23.6089   -1.17062  33.28  23.9528   -0.533323  33.0673  0.00254988
-15.4018   9.55469  -20.4489  -15.9653   9.98258  -20.0303  0.00069782
-15.4882   11.9377  29.7347  -15.0104   13.1072  30.1048  0.00456782
2.89422   22.0408  8.31142  3.09168   22.6109  8.16958  0.0053239
-1.55765   1.39526  -27.054  -2.38241   1.51578  -26.7831  0.00431351
-5.10684   12.9129  53.4635  -4.1351   14.2782  53.6031  0.00237566
-20.2362   3.76559  -43.8111  -21.3539   3.92014  -43.2008  0.00121215
-8.98655   -2.47166  21.5859  -8.87908   -1.51452  22.0443  0.00591771
14.4213   6.86878  -17.0954  13.8795   6.89421  -17.2285  0.00404954
-35.078   -21.355  -13.7938  -35.9584   -20.5232  -12.5208  0.00275051
24.572   7.85648  -30.059  23.7772   7.53698  -30.4086  0.00167054
20.1103   21.687  20.2634  20.5367   22.1845  19.781  0.00706844
5.87733   18.4163  -3.64563  5.77967   18.768  -3.78852  0.00343516
4.8384   23.2381  20.6078  5.29731   23.9663  20.404  0.00147022
15.1735   4.09667  -19.5017  14.54   4.07609  -19.6082  0.00173833
25.4981   23.8139  1.72578  25.5801   23.9498  1.10826  0.00177932
31.6197   19.0178  -15.631  31.274   18.8006  -16.2918  0.00554971
14.0561   10.5329  63.382  15.1841   11.7572  63.1736  1.72864e-05
-7.59105   -20.8839  -43.6933  -9.07655   -20.9116  -42.9615  0.00182391
18.4768   21.0284  27.2729  19.0386   21.6593  26.8313  0.012755
-13.3507   -23.9402  -10.5159  -14.2114   -23.388  -9.63605  0.00167258
18.843   11.1841  62.4468  19.9589   12.3208  62.1311  0.00309252
-24.3243   7.17209  -17.1112  -24.8526   7.78922  -16.4758  0.00681456
-12.8463   -15.4982  -48.4467  -14.3448   -15.5192  -47.6922  0.000776178
39.0342   10.2152  1.83386  38.9209   10.1552  1.15248  0.0108418
11.7267   -14.845  -15.8749  10.8856   -14.7584  -15.6295  0.00386179
-11.8354   6.08123  18.6399  -11.6603   7.03556  19.0278  0.00502292
-34.4642   -23.5937  -15.6067  -35.4165   -22.7999  -14.3087  0.00145798
-34.0944   4.42032  -18.7355  -34.6977   5.16122  -17.8669  0.00620343
17.1091   -5.2975  43.5062  17.5996   -4.40674  43.4824  0.00432925
3.54269   -4.59536  63.146  4.44493   -3.21218  63.3756  0.000119559
1.45754   18.171  4.39859  1.51742   18.7091  4.34439  0.00151655
38.7301   0.208139  6.84792  38.5625   0.222683  6.32334  0.00258108
20.635   -13.7586  -2.086  20.085   -13.6004  -2.03657  0.00200373
33.143   12.8498  -22.3334  32.5738   12.5131  -22.9289  0.00216963
-0.0717151   -16.0845  -5.251  -0.715531   -15.6514  -4.75846  0.00777827
-2.22414   -3.81452  -33.4122  -3.25063   -3.77572  -33.0497  6.81223e-05
-37.4636   -16.1625  -13.6781  -38.2678   -15.296  -12.4322  0.00335952
-38.6047   1.09989  -22.2156  -39.3192   1.85193  -21.2083  0.00322694
29.0436   -7.20859  9.06603  28.812   -7.01486  8.84545  0.00285979
18.2101   -3.25592  50.8973  18.8835   -2.27877  50.8188  0.00320332
3.59759   -15.7428  -24.9585  2.56358   -15.6646  -24.5345  0.00123633
-7.92368   -16.4955  -5.4622  -8.57412   -15.9531  -4.80347  0.000264964
-12.936   4.925  -8.31157  -13.3223   5.49122  -7.87677  0.00533647
-16.3915   -4.35263  -48.2016  -17.7188   -4.31899  -47.542  0.00262564
-3.43291   15.5532  8.23742  -3.33602   16.225  8.31652  0.00285501
30.7194   2.69764  18.3753  30.8209   3.00452  17.9681  0.000183478
31.715   8.60008  -27.0531  30.9904   8.21718  -27.5558  0.000656058
3.02014   -8.70973  59.4945  3.78836   -7.36856  59.7978  0.00331275
25.1317   -3.35452  23.4588  25.2461   -2.88506  23.2519  0.00197869
22.0454   0.886411  43.9731  22.6417   1.70286  43.7585  0.00445283
-7.83055   -18.9101  -8.16452  -8.57118   -18.4073  -7.4718  0.00223367
-17.5629   -2.45669  -1.75926  -17.9276   -1.71708  -1.12223  0.000271699
36.3446   13.6664  7.1148  36.3808   13.7193  6.43341  0.000671006
-1.59474   15.5088  58.5767  -0.481327   16.8917  58.6052  0.00673932
17.4109   -11.7341  -19.015  16.5511   -11.7754  -18.9258  0.00261006
-4.08041   23.164  19.8226  -3.63566   24.011  19.7981  0.00308578
30.8166   -8.76946  -0.188283  30.3746   -8.73663  -0.418361  5.71897e-05
0.976059   10.6526  -7.73961  0.677858   11.0241  -7.66941  0.00448409
-8.8942   -11.696  2.12315  -9.3186   -11.0242  2.72205  0.00598578
-12.4477   3.97341  6.73567  -12.5401   4.75463  7.17064  0.0096818
-33.8767   -19.542  -11.6085  -34.6871   -18.6969  -10.3867  0.00168235
-0.630752   -10.3514  -37.6563  -1.83983   -10.3981  -37.2253  8.34988e-05
25.6936   -3.83404  -26.1444  24.8044   -4.10993  -26.3399  0.000772417
21.8812   8.35648  -28.9247  21.1177   8.09456  -29.2275  0.000463087
17.0283   -9.35377  10.1751  16.7909   -8.96158  10.2257  0.00305724
-7.83777   5.82909  56.4278  -6.92343   7.28456  56.7274  0.011075
12.9352   -8.03479  18.6794  12.8901   -7.45861  18.7888  0.00666517
-13.9496   6.78766  -40.5103  -14.9582   6.89568  -40.0723  0.000705453
13.3669   23.0349  -14.9261  13.1056   23.1057  -15.2855  0.000361846
-37.5314   -3.21937  -39.7136  -38.6673   -2.73935  -38.6575  0.00315604
-8.07375   8.20505  -21.7532  -8.68288   8.50623  -21.4595  0.0047071
2.5759   -5.13615  -26.5485  1.66708   -5.06756  -26.2645  0.00110013
-21.4598   -2.05595  -48.2134  -22.7518   -1.94602  -47.4905  0.000112892
9.39549   20.0491  48.2937  10.3649   21.1082  48.0396  0.0101516
-4.24204   0.487613  -36.1753  -5.2613   0.51411  -35.8365  0.00194247
-25.278   11.1108  -25.4585  -25.917   11.619  -24.8651  0.00625846
-13.2076   9.76281  -20.3806  -13.767   10.1548  -20.0106  0.00339198
-10.044   13.2416  37.9635  -9.3798   14.4529  38.2014  0.000201469
-25.1319   -8.75058  -7.45738  -25.7042   -7.97842  -6.5696  0.00380861
-2.15157   -25.0212  -24.5488  -3.31955   -24.8419  -23.8713  0.00787307
-7.56381   -10.9898  -46.6776  -8.96284   -11.0651  -46.095  0.00169956
19.3765   10.5354  61.5226  20.4655   11.6517  61.2089  0.000114407
-27.77   3.44724  -42.2749  -28.8572   3.73602  -41.5078  0.00520393
-38.7163   -22.9916  -28.9238  -39.9266   -22.331  -27.5471  0.00153935
5.34497   23.7462  17.049  5.74008   24.4045  16.8274  0.00792913
16.2285   17.5137  50.7384  17.2069   18.5182  50.3853  0.00281998
35.2332   11.6743  -17.4766  34.751   11.3813  -18.0998  0.0062736
-24.8546   10.7824  -23.2193  -25.4531   11.3154  -22.6296  0.00437546
-0.84013   22.9503  17.7764  -0.440135   23.7181  17.6905  0.00294088
-33.8331   -25.239  -17.0667  -34.8387   -24.4753  -15.7565  0.000277542
36.3926   13.4458  7.44095  36.4277   13.4988  6.75979  0.00557073
-33.9089   -0.531171  -42.1447  -35.0547   -0.140763  -41.2019  0.00456661
-3.57623   -20.7413  -12.2347  -4.42707   -20.3646  -11.5957  0.000354554
1.14869   8.13988  -15.4722  0.659148   8.39301  -15.3641  0.0022672
39.1717   2.69912  -11.2515  38.674   2.43902  -11.8175  0.000643469
-11.0103   23.7261  24.3882  -10.4647   24.754  24.4907  0.00581783
34.5588   -3.27914  10.9512  34.4216   -3.13947  10.5607  0.000845116
22.6031   10.9298  41.7923  23.2918   11.7022  41.4137  0.00863172
8.61234   17.7621  -8.47349  8.40404   18.0019  -8.66057  0.000107881
-33.2477   4.78227  -17.5746  -33.8164   5.51939  -16.7315  0.00450739
-6.84255   9.56771  59.1632  -5.81245   11.0483  59.3862  0.00582904
-22.2367   -18.3155  -7.23606  -22.9454   -17.5826  -6.26538  0.000959483
20.642   6.91118  -27.5131  19.8834   6.68848  -27.7708  0.00305073
-0.286809   16.8725  5.09873  -0.234442   17.4504  5.0962  0.0032256
35.3181   15.0794  -2.89983  35.1758   15.0006  -3.57916  0.0029537
-42.4008   -15.3356  -26.8496  -43.4531   -14.5892  -25.5159  0.000304937
-6.99203   0.305128  40.1869  -6.47715   1.50592  40.559  0.00154277
-22.806   -31.2997  -18.4345  -23.9313   -30.7262  -17.2497  0.00518883
-10.1674   23.3832  29.4841  -9.52324   24.4649  29.5725  0.00375127
-37.6608   -23.6224  -21.5647  -38.729   -22.8656  -20.2024  0.00329218
29.9203   -6.5064  10.4143  29.7252   -6.30263  10.1641  0.000880397
12.7347   -3.55686  63.0678  13.6479   -2.31434  63.0954  0.00340647
-3.28976   3.66013  63.1204  -2.26354   5.14439  63.361  7.68428e-05
25.6741   -8.91823  4.83649  25.3325   -8.73078  4.70854  0.00252321
26.4924   -9.16829  3.98329  26.1298   -9.01011  3.84461  0.0020374
-40.8165   -2.26386  -23.6239  -41.6106   -1.49693  -22.5204  0.000522607
5.30414   -17.2459  -18.1021  4.38318   -17.0891  -17.6906  0.00215684
-29.0448   -29.646  -35.5396  -30.4887   -29.2276  -34.2525  0.000284335
14.8686   24.3559  14.5693  15.2216   24.8556  14.1538  0.0149228
-8.98838   -12.0658  1.74052  -9.4299   -11.4051  2.35542  0.00561159
-10.1836   -25.2185  -41.745  -11.6939   -25.1758  -40.8955  0.00359336
14.9207   -2.61137  -22.1594  14.1331   -2.66529  -22.1591  0.000437387
35.9939   4.55884  11.5819  35.9847   4.68483  11.0437  0.000191907
0.82017   21.3154  9.88828  1.03974   21.9405  9.79746  0.00536487
16.3741   -6.04679  38.5382  16.7534   -5.21674  38.5418  0.00596738
6.58856   18.9937  57.1145  7.7156   20.2438  56.9287  0.00813908
