200 PA4-B-Debug-Output.txt
-11.5427   -25.1918  -16.0903  -11.5031   -26.2445  -14.4282  1.96782
2.93525   -6.33091  54.3037  2.84139   -7.14913  54.2077  0.829168
16.4685   27.9053  -4.5717  16.3108   26.9539  -4.39848  0.979868
-11.7543   -28.1743  -21.7269  -11.054   -29.5047  -21.3616  1.5472
25.314   21.7964  12.3102  25.3209   21.8069  12.3141  0.0131246
-22.9108   -17.5139  -7.39768  -22.9057   -17.6834  -6.28085  1.12962
23.9526   16.8036  -29.0324  23.5071   16.4915  -28.4765  0.777825
-2.40087   17.4067  54.5472  -1.65307   16.461  54.3426  1.22285
13.7578   -1.18573  -23.1786  13.2156   -1.44445  -22.1077  1.22792
-28.8917   -10.1171  -7.62035  -28.5371   -9.46737  -7.09201  0.90941
-7.84883   9.32053  44.5876  -6.89342   9.2221  44.4667  0.968051
-9.48516   8.18087  -27.5491  -9.63299   8.06238  -27.5513  0.189466
19.3582   -11.1585  -21.7577  19.7663   -10.756  -21.3632  0.695831
19.7193   -13.504  -18.2675  19.7211   -13.4581  -18.2188  0.0670037
16.3591   11.3954  -28.7889  16.5956   11.6444  -28.6332  0.37711
25.1048   6.33906  30.1415  26.3177   6.43332  30.4646  1.25868
4.84142   -5.99492  45.5236  4.94578   -7.04611  45.4802  1.05725
-30.6135   -23.0835  -11.531  -31.0026   -23.636  -11.0223  0.8458
35.6777   14.0333  6.14099  35.9462   14.2792  6.26852  0.385815
-14.4174   6.51424  -9.32217  -13.9445   5.63153  -9.64898  1.05338
36.4749   -0.115243  -1.80674  37.4266   -1.06977  -1.88391  1.3501
36.3952   3.92667  -15.3583  36.6985   3.95901  -15.4824  0.329232
19.7749   4.24123  -27.8186  20.4226   4.57559  -27.4922  0.798674
-28.1143   -11.133  -7.33155  -28.0961   -10.9465  -6.66228  0.695004
-5.28105   -24.9208  -27.7691  -4.40788   -25.732  -28.026  1.21918
-11.5332   8.05845  -10.8522  -11.2687   7.1548  -11.0838  0.969652
-40.7379   -11.5544  -36.6015  -40.0505   -11.49  -36.5952  0.690415
36.5849   -0.17796  -5.4082  37.649   -1.21079  -5.28987  1.48763
1.09283   -5.79761  44.8691  0.711444   -6.66611  44.9073  0.949323
15.1831   3.63945  -22.7113  15.7291   3.50029  -21.4853  1.34927
11.3848   -5.24924  44.9223  11.5157   -6.36893  44.8962  1.12763
-13.0451   -26.7657  -17.1374  -12.5936   -27.9608  -16.4315  1.45959
-4.53465   20.0558  10.2274  -3.46602   19.0077  11.0945  1.7298
11.0253   -9.88794  7.63382  11.3322   -11.2325  8.08992  1.4526
-39.545   -17.8872  -38.5781  -38.9138   -17.547  -38.2416  0.792114
-22.6371   -19.0658  -7.67081  -22.6536   -19.223  -6.50342  1.17804
27.7188   -0.49186  17.7918  28.9044   -1.38902  18.647  1.71518
13.2176   24.6034  20.732  13.1818   23.9598  20.6283  0.652882
38.7315   5.75854  2.02433  39.8805   5.63186  2.09174  1.15792
13.6991   -10.6728  4.46226  13.9595   -11.9021  5.36686  1.54833
-5.87155   -1.55989  60.7216  -5.52458   -1.55634  60.7561  0.348703
16.285   27.2384  6.28669  16.2338   26.6497  6.18067  0.600293
-17.165   -11.3886  -4.06804  -17.5002   -11.8354  -3.34292  0.915345
1.5541   25.0956  14.4098  1.96969   23.7674  14.6775  1.4172
36.7602   12.1083  -7.192  37.102   12.2282  -7.21855  0.363204
-6.10072   0.297064  61.7181  -5.64396   0.301739  61.7636  0.459042
-32.4016   -7.54169  -8.17845  -32.3997   -7.5439  -8.18359  0.00590362
-44.6112   -4.50847  -24.0956  -43.5843   -5.05061  -24.1768  1.16408
-6.72506   -25.8061  -25.0674  -5.90952   -27.0164  -24.9436  1.46468
31.2629   19.3542  -5.03983  31.4269   19.4911  -5.03168  0.213759
-1.93458   -2.54355  -29.228  -2.06859   -2.61518  -29.1405  0.175316
9.59227   -5.93164  24.5422  9.71739   -7.12837  24.654  1.20843
-37.6076   6.73589  -26.4326  -36.722   5.7354  -26.5229  1.33918
30.7696   14.7497  -23.7923  30.6106   14.6381  -23.6777  0.225536
-40.7907   -18.4637  -18.3975  -40.69   -18.4236  -18.4438  0.117812
32.0256   7.55678  -25.4621  32.3933   7.53427  -25.6722  0.424169
3.26354   -15.1424  -21.8407  3.76371   -15.4329  -22.0424  0.612631
-1.82163   22.8687  34.0803  -1.90428   22.4083  33.9199  0.494454
-32.5611   6.52405  -16.1109  -32.3665   6.17014  -16.3031  0.447267
-43.15   -16.3056  -29.7715  -42.2593   -16.1064  -29.2176  1.06767
-38.5868   -10.4617  -11.5513  -38.4998   -10.4501  -11.615  0.108396
-17.916   11.6946  -35.4692  -18.0817   10.6847  -35.1683  1.06664
20.304   1.70836  47.7613  21.5972   1.1363  47.9266  1.4237
18.1056   24.9186  13.5168  17.9759   24.4778  13.4238  0.468779
24.3424   24.6149  4.74716  24.1904   24.3093  4.72005  0.342353
-22.3065   -29.6418  -17.4901  -22.5869   -30.7413  -17.0311  1.22401
-10.7157   -0.573773  16.6912  -10.3234   -0.436105  16.5495  0.43928
11.9716   17.6133  -18.6698  12.3229   17.7584  -18.6668  0.380063
-35.951   -23.5269  -16.9742  -36.2617   -23.8429  -16.7668  0.489246
-15.4326   22.9035  22.3  -14.1667   22.0187  22.6674  1.58759
-4.94598   -9.27745  9.52466  -5.12839   -10.0052  9.72287  0.775971
27.2703   17.3882  -25.7821  26.9876   17.1595  -25.539  0.437351
32.562   18.1761  4.87924  32.659   18.2687  4.88846  0.13437
25.242   21.1869  13.3705  25.3608   21.369  13.4373  0.227487
9.37758   22.7774  38  9.54875   21.6188  38.0434  1.17203
25.8485   -3.16604  -27.4584  25.9774   -2.89271  -27.0825  0.48236
26.538   23.1482  -19.2267  26.3131   22.7628  -19.1094  0.461284
28.1157   21.6484  8.01704  28.1125   21.6438  8.01574  0.00571654
-41.81   -11.2217  -31.3115  -41.1026   -10.8833  -30.8804  0.894922
-4.2375   16.4026  50.6678  -3.37231   15.4155  50.6728  1.31266
5.29178   18.9985  61.7673  5.29028   18.9897  61.7602  0.011396
31.6881   13.6181  11.5911  32.2916   14.036  12.2515  0.987438
-25.837   12.299  -22.1622  -25.703   11.2345  -22.4396  1.10819
19.7824   4.80304  59.3984  21.0278   4.55582  59.5272  1.27618
34.956   -1.98158  7.17842  36.1264   -3.02785  7.61634  1.6298
34.3059   15.9276  -6.78258  34.413   16.017  -6.77726  0.139525
-7.39143   2.01004  40.9217  -6.56176   2.13998  40.8842  0.840627
-10.4552   -24.1856  -15.3275  -9.81863   -25.486  -14.5368  1.64973
-15.1645   10.1865  -19.1826  -15.1274   9.73653  -19.4131  0.506935
-6.84512   0.628938  46.8515  -6.29491   0.82326  46.8541  0.583516
17.0912   23.5697  23.437  17.0038   22.9452  23.3833  0.63288
28.9688   1.04365  -28.6837  29.0654   0.975428  -28.8229  0.182721
25.7719   11.7196  25.4377  26.6052   11.9734  25.6768  0.903328
-27.8663   -26.3132  -40.8703  -27.8507   -26.2661  -40.8345  0.0611908
36.1364   5.02462  -15.4615  36.7291   4.92127  -15.5823  0.613709
3.77111   -5.56577  -25.3266  3.49665   -5.68479  -24.9955  0.446213
-3.34676   0.93783  -28.6616  -3.51497   0.830618  -28.4989  0.257428
30.2473   16.4164  11.6306  30.6449   16.7647  11.9138  0.599692
-38.2273   -16.4254  -12.8879  -38.3052   -16.4638  -12.8364  0.101003
22.9421   25.2658  4.66732  22.799   24.9047  4.63119  0.390132
-8.34985   -24.2956  -37.5207  -7.92586   -24.7705  -37.929  0.756283
30.9277   12.5186  -25.6571  30.8001   12.429  -25.5651  0.181024
1.32442   -5.82377  44.7649  1.26944   -6.76276  44.7896  0.940915
9.37329   -15.391  -9.71059  9.32696   -16.0601  -9.75757  0.672421
36.9731   0.140281  -12.7309  37.8205   -0.35209  -13.0279  1.02406
-5.32122   12.9668  1.06077  -4.36277   11.733  1.48011  1.61759
37.5752   2.92681  -12.9882  38.0281   3.00075  -13.254  0.530284
-24.4046   4.5453  -14.3688  -24.4461   4.69164  -13.9372  0.457687
24.0586   24.3974  6.25039  23.9541   24.123  6.17991  0.302002
7.05089   23.767  28.1217  7.06767   22.9556  28.0123  0.818914
34.5783   1.01829  10.3137  35.6679   0.864279  11.3416  1.50586
-16.9753   20.9282  23.6203  -15.6915   20.1955  23.9101  1.50629
-39.1447   4.71526  -23.419  -38.2757   3.91436  -23.5289  1.18687
-8.77569   20.9232  13.7902  -8.11494   19.8799  14.9482  1.69292
30.437   3.16806  -27.4815  30.8086   3.12504  -27.6992  0.432832
-3.16446   -6.70493  -35.008  -2.54509   -6.47935  -34.8833  0.670872
-17.2855   12.1334  -33.0996  -17.4387   11.2155  -32.8517  0.963051
-42.998   -13.0974  -19.3785  -42.6028   -13.006  -19.5017  0.423928
-13.6198   -22.626  -44.0009  -13.6301   -22.6037  -43.9238  0.0809329
26.172   11.3289  24.4577  27.0097   11.5663  24.7192  0.909136
-35.8671   -21.1963  -13.8408  -36.1746   -21.5119  -13.5973  0.503468
30.4682   20.3575  -3.50744  30.5357   20.4455  -3.51223  0.111022
-17.1852   -0.307466  -47.9789  -17.151   -0.756076  -46.8523  1.21315
5.19612   7.32666  -17.5524  4.83393   6.58121  -16.8163  1.10846
-15.3696   12.1465  -27.1125  -15.6085   11.5899  -27.1494  0.606877
-24.8776   -7.7063  -6.57011  -24.9647   -7.6834  -6.29402  0.290416
18.3972   21.433  30.9686  18.4009   21.4368  30.9688  0.00532365
13.3849   -4.88052  40.332  13.7628   -6.08475  40.2154  1.26752
-39.0475   -1.28469  -40.3366  -37.8131   -1.85537  -39.3883  1.65788
-39.8374   -16.7235  -15.4113  -39.9391   -16.7613  -15.3642  0.118289
-8.82581   13.2446  38.9007  -8.6915   13.3047  38.8098  0.172925
20.4026   -0.00794822  41.5586  21.6465   -0.746032  41.6743  1.45094
10.4811   23.7499  28.227  10.4815   22.9697  28.0712  0.795545
31.799   13.9359  -22.949  31.6618   13.8383  -22.8729  0.184757
8.43509   12.7165  -12.339  9.05679   11.5465  -11.3044  1.68106
17.1244   18.0739  -31.7796  16.7587   17.9842  -30.8681  0.986217
-8.26605   23.3562  16.2999  -7.95865   22.0746  17.121  1.55289
10.5411   24.2757  24.3199  10.5179   23.4646  24.1587  0.82722
-35.6557   1.7993  -41.6762  -34.7727   0.834988  -40.5574  1.72083
-29.9905   -30.1249  -24.097  -30.2394   -30.6241  -24.0442  0.560338
-44.4213   -13.085  -25.108  -43.87   -12.9358  -25.1768  0.575217
-7.08911   2.35858  59.0328  -6.66662   2.41673  58.9366  0.437177
27.9324   21.2044  -21.4824  27.635   20.8723  -21.2792  0.489941
-12.3911   -27.877  -35.8274  -12.0664   -28.6343  -36.2139  0.910154
26.302   1.62864  23.2935  27.6653   1.11517  23.7872  1.53819
27.7486   18.6279  12.7807  28.1598   18.9678  13.0947  0.619005
-6.1815   -17.0054  -9.29795  -5.55091   -18.225  -8.71133  1.49304
14.5588   25.576  -16.7298  15.2723   24.3298  -16.6209  1.44013
-32.2418   -11.6977  -47.8384  -31.9528   -11.7499  -46.6658  1.20879
16.7852   15.7455  -31.9791  17.041   15.9297  -31.1036  0.930473
30.68   13.1593  12.9279  31.4791   13.5068  13.4788  1.03093
23.5479   13.8101  31.4213  24.1432   14.1401  31.5519  0.693085
-38.2853   3.83699  -35.2291  -37.1923   2.7106  -34.7871  1.63057
-22.812   4.03284  -45.0574  -22.8421   3.25584  -43.9467  1.35582
4.37864   -3.46404  -24.5263  4.12052   -3.55222  -24.1228  0.487113
11.1887   27.1177  -5.48958  11.7793   25.7758  -5.19384  1.49571
-7.48381   22.4121  14.6417  -7.13877   21.1667  15.5505  1.57991
-20.32   -26.7444  -13.4607  -20.414   -27.9293  -12.4413  1.56588
-4.37992   -22.8452  -31.4008  -3.56455   -23.5927  -31.6671  1.13778
-2.51749   18.5814  47.6374  -2.12097   17.7974  47.486  0.891545
22.3615   22.6224  15.0403  22.3322   22.5695  15.0206  0.0636149
-8.10078   6.64691  59.4278  -7.04061   6.5764  59.4376  1.06256
-16.3782   -9.70614  -2.16848  -16.74   -10.2675  -1.71695  0.80617
-2.77808   0.606541  -28.0718  -2.85534   0.557301  -27.9971  0.118231
-12.9175   -14.8926  -5.7912  -13.1871   -15.8238  -4.81512  1.37566
12.9601   -5.43916  25.1291  13.0624   -6.64307  25.2994  1.2202
17.3976   19.2419  44.9505  17.5806   19.3956  44.9799  0.240793
22.0946   23.0267  14.3587  22.063   22.9434  14.3403  0.0909767
11.3722   26.3955  -8.42987  12.3823   25.259  -7.86256  1.62291
8.54219   24.2258  25.127  8.54979   23.3421  25.026  0.889505
-23.8579   12.9593  -30.5496  -23.5758   11.7163  -30.3359  1.29234
13.8127   -16.2646  -10.4575  13.6967   -16.6595  -10.6076  0.438118
-22.6593   -2.70477  -48.5417  -22.8259   -2.62101  -47.468  1.08978
-19.1485   -29.6347  -17.9907  -18.5165   -30.9888  -17.429  1.59638
-4.11488   10.0663  -12.099  -4.06981   8.95274  -12.0137  1.11776
13.5318   12.6389  62.1579  13.497   12.655  63.1005  0.943287
-42.1313   -15.1771  -31.8784  -40.8762   -15.5552  -30.9742  1.59238
9.71225   21.8636  53.2776  9.69807   21.0141  53.1652  0.857047
20.0356   -9.6846  -22.6477  20.2287   -9.34542  -22.2936  0.526966
-4.95729   14.7756  58.8134  -3.90794   13.9752  58.7121  1.32367
5.02551   -13.8041  -21.1476  5.43355   -14.2551  -21.7129  0.830393
14.2065   -4.55725  41.4591  14.5997   -5.81119  41.5103  1.31514
31.2532   5.70838  -26.5816  31.6325   5.67939  -26.7982  0.437774
15.5875   -5.2228  24.3135  15.7543   -6.41716  24.4134  1.21009
-6.93334   11.6692  1.15768  -5.92518   10.4726  1.53968  1.61067
-15.7875   15.161  30.5175  -15.8098   15.1527  30.5323  0.0280161
5.42417   -13.9153  -20.0978  6.04413   -14.556  -20.5089  0.981761
16.311   9.28287  62.1381  16.2871   9.27115  63.194  1.05625
6.51821   18.6769  -8.20755  7.81043   18.4775  -7.49598  1.48859
38.0125   1.4957  -10.7582  38.9261   1.45129  -11.0348  0.95558
-10.0054   8.1135  -32.3493  -10.0393   8.04272  -32.3435  0.078671
30.4873   16.1207  11.4827  30.9396   16.5169  11.8048  0.682149
24.7531   14.3592  -30.0218  24.3346   13.7797  -29.4097  0.94108
15.9843   23.5275  -28.8665  16.029   22.6922  -28.2814  1.02082
-9.60104   -22.7175  -14.1243  -8.74779   -23.7839  -13.0758  1.72182
-0.734851   25.0472  20.5719  -0.771032   24.0447  20.6095  1.00386
3.19565   25.2982  10.2166  3.96792   24.1391  10.5085  1.42303
-38.9893   -5.80359  -42.4414  -37.8248   -6.0953  -41.4296  1.56997
-17.8671   -30.6951  -33.2851  -17.7048   -31.6033  -33.497  0.94664
-20.6916   0.610179  -6.92064  -20.2174   0.299395  -7.26509  0.663348
