200 PA4-E-Debug-Output.txt
28.7108   7.62448  -30.274  28.4651   7.69669  -29.768  0.567098
6.39076   7.04817  -15.4295  6.43935   7.20242  -15.5807  0.221388
-8.36944   4.08651  57.4329  -6.97158   4.2747  57.505  1.41231
-1.5207   18.2634  43.3123  -1.96542   19.1505  43.6575  1.05064
-9.83335   2.38299  25.4555  -8.89319   2.5901  25.1991  0.99625
-23.3579   -35.2111  -26.0395  -23.3948   -32.7992  -26.1094  2.41315
-5.39958   -24.6536  -38.1912  -6.43245   -23.67  -37.4034  1.62936
18.509   -17.7255  -5.17187  18.1962   -17.0383  -5.43366  0.799097
-19.4291   8.8469  -34.1896  -19.7689   10.5128  -35.5046  2.14934
-13.3497   9.38415  16.2722  -11.8278   9.69481  16.496  1.56935
26.6194   10.0705  20.833  28.2568   10.7508  21.6015  1.9325
30.2298   15.9184  -20.017  31.3717   16.6739  -20.3941  1.42024
-26.8844   -2.0859  -14.246  -27.3052   -0.67414  -11.8795  2.78755
7.29385   -7.4277  36.6878  7.22357   -6.80387  36.6825  0.627796
-10.5211   -15.3798  -2.76108  -10.5514   -14.7749  -3.14689  0.718045
33.5495   13.8453  -3.68747  34.96   15.2234  -3.6179  1.97321
13.9417   24.4409  -6.41205  13.677   25.8759  -6.95545  1.55703
13.6964   7.57748  -18.6808  14.579   7.26679  -18.1146  1.09371
-12.9989   1.36472  12.4122  -12.218   1.31515  12.1797  0.816275
11.335   9.26576  -14.5117  11.2847   8.69929  -14.0322  0.743868
22.817   -17.5295  -11.126  22.0965   -16.2656  -11.1674  1.45546
-16.3871   -15.1877  -4.92682  -16.3932   -15.1496  -5.07224  0.150466
-42.5099   -21.733  -25.2131  -40.9491   -20.7175  -25.3845  1.86998
28.53   11.3656  15.0823  30.4488   12.2004  16.057  2.30842
20.6115   23.7165  -1.99759  21.5234   25.988  -1.82964  2.4535
20.4593   -5.22738  27.5818  20.3027   -4.92442  27.5432  0.343231
16.4197   -8.70201  14.4633  16.2557   -7.8684  14.2898  0.867129
-10.8051   6.72239  -25.3352  -9.67211   8.2578  -25.907  1.99202
-7.9103   2.20128  -32.7043  -6.21538   2.87998  -32.7048  1.82575
-1.229   -18.1761  -36.1702  -1.69709   -18.0077  -35.9344  0.550505
25.2453   19.8362  8.83268  26.6669   22.0147  9.77276  2.76593
-35.1569   -29.1055  -19.7962  -33.9298   -27.5667  -20.2617  2.02248
-38.9415   0.965913  -24.271  -40.1072   1.76279  -24.2619  1.41203
-43.1852   -4.55313  -27.472  -43.4041   -4.46944  -27.4728  0.234311
-26.6309   -18.5971  -49.4862  -26.3327   -18.0732  -46.992  2.56606
12.2947   21.3902  -13.718  11.9617   21.5278  -13.8368  0.379429
17.9093   23.2574  -13.269  17.7556   25.5295  -13.4824  2.28717
-3.93736   -5.94377  43.2241  -3.18876   -5.07183  43.2053  1.14936
26.0692   4.58025  -32.193  26.8527   4.20022  -29.9158  2.43806
26.2426   20.8014  1.90895  27.5779   22.7007  1.97692  2.3227
-6.21011   -2.76346  51.6479  -5.46064   -1.41473  51.4654  1.55373
-17.2289   17.6404  23.0589  -16.2149   17.3557  23.2234  1.066
-22.7667   -16.0999  -49.5632  -22.7764   -15.965  -48.2699  1.30033
24.4766   -16.4281  -18.0336  23.5386   -14.436  -17.1267  2.38135
-7.18252   -11.4071  -45.4851  -7.67934   -11.3428  -44.9246  0.751747
-21.9442   7.56467  -37.9722  -21.9775   8.34277  -38.425  0.900887
-17.7353   -30.2308  -14.9758  -17.9194   -29.4534  -15.4322  0.920077
-38.3945   -12.402  -12.206  -38.5741   -12.4258  -12.0744  0.223911
37.0043   9.19731  0.480018  38.8003   10.3318  0.456583  2.12444
-22.6702   -12.169  -5.8027  -22.8558   -12.5019  -5.18199  0.728356
-29.6705   -33.7423  -30.8583  -28.5852   -31.1725  -30.3762  2.83098
33.5922   -2.8528  -23.4805  33.2564   -2.75829  -23.2426  0.422242
-18.2666   8.41395  -23.6607  -17.079   11.194  -22.4173  3.26885
34.1033   13.2757  -12.0188  35.5176   13.7225  -13.1808  1.88417
6.49093   -15.682  -22.3631  5.40507   -14.5798  -21.4744  1.78431
32.2687   12.8446  8.3564  34.0566   14.4026  9.53239  2.6471
10.998   24.9355  2.14544  10.2817   26.4151  1.86763  1.66727
-42.8129   -19.3074  -31.1223  -40.7446   -19.1631  -30.5711  2.14536
-5.01049   17.3446  9.077  -4.2277   16.7257  9.84223  1.25748
9.76653   -9.03987  18.0735  9.71217   -8.28845  17.8446  0.787387
39.5543   0.179311  -5.73397  38.9928   0.587155  -5.80772  0.697846
29.9906   -8.99269  5.72362  29.8256   -7.94347  5.59665  1.06969
8.5282   -7.28389  49.2064  8.51785   -6.86774  49.2356  0.4173
20.3847   -6.61895  -26.2336  20.6644   -5.98221  -24.3063  2.04891
-1.18024   14.8481  1.67712  -1.03808   14.6667  1.78683  0.255202
7.83462   -7.27767  58.8785  7.83247   -7.24606  58.8793  0.0317031
-41.6555   -13.4451  -33.0576  -39.9564   -13.7541  -32.5954  1.78775
7.17161   21.8374  23.9623  7.17958   23.4809  24.2852  1.67495
-29.6624   -32.6658  -20.6063  -28.7355   -30.7438  -21.0937  2.18877
16.4607   17.0969  50.7027  17.4981   18.1811  50.8415  1.50703
4.8906   -15.4362  -23.4597  3.75708   -14.7777  -23.0024  1.38837
-8.36519   -24.5606  -42.4822  -9.4945   -23.2566  -41.2151  2.14044
-1.61971   -9.03744  26.3613  -1.57171   -8.27208  26.1469  0.796261
32.6113   0.485601  12.0664  33.8594   0.152854  13.2712  1.7663
-7.2737   -0.751466  47.5677  -5.90041   -0.267604  47.5197  1.45683
-34.4832   -9.51212  -10.4954  -35.2872   -8.39902  -8.52305  2.4032
-40.4704   -24.3382  -23.3692  -38.9782   -23.3171  -23.5731  1.81965
-35.2781   4.33924  -23.894  -36.4225   5.71524  -23.7301  1.79714
35.0933   3.44446  -20.4587  35.1806   3.44295  -20.4824  0.0904708
-13.2322   7.83518  18.4446  -11.7976   8.05714  18.501  1.45272
15.7061   20.8537  27.7681  15.9342   22.5746  28.0593  1.76016
-5.71785   -3.54073  50.5818  -4.62568   -2.91229  50.5499  1.26048
-4.57741   -0.250101  61.3733  -5.58928   -0.260459  61.2725  1.01694
9.10986   21.7674  25.2495  9.09666   23.3012  25.4248  1.54389
-45.1446   -12.4473  -27.1189  -43.7079   -11.7793  -26.1829  1.84017
24.9427   10.9986  -30.7449  24.8685   11.0266  -30.6214  0.146798
17.5382   -13.9148  -21.3971  18.2058   -12.0722  -19.1771  2.96137
27.9107   -2.9843  16.9165  28.1316   -3.22632  17.0093  0.340552
25.2679   0.372343  25.3912  26.4732   -0.0825773  25.8319  1.36166
-21.3049   -11.6674  -5.22462  -21.512   -12.0388  -4.53191  0.812846
-9.1884   9.31095  5.70908  -9.00708   9.16216  5.77715  0.244224
-28.5466   -29.1035  -13.4475  -27.2883   -28.2558  -13.9323  1.59281
-9.44598   9.15782  6.7815  -9.4027   9.12246  6.79515  0.0575241
6.9123   22.3433  18.8931  6.77392   24.1658  19.1909  1.85185
30.3353   10.9106  12.0592  32.2297   11.6225  13.4117  2.43403
4.41942   -8.0905  32.9802  4.46447   -7.31171  32.956  0.780472
-22.9507   -3.18221  -10.498  -24.1484   -1.99797  -9.1757  2.14133
-17.601   -3.32359  -1.0677  -18.1399   -3.43976  -0.748602  0.637026
-40.2714   -0.189335  -31.705  -40.4944   -0.0263552  -31.7894  0.288901
23.1543   16.8576  20.6548  25.024   17.8935  21.1633  2.19718
-18.346   -33.5325  -36.867  -18.94   -30.9856  -35.5257  2.93913
12.2334   -10.0922  12.6121  12.0841   -9.41837  12.3134  0.752027
-5.14133   -18.0346  -6.0139  -5.25058   -17.1153  -6.51288  1.05175
-40.2544   -0.174096  -30.9132  -40.6597   0.12202  -31.0667  0.524898
5.56582   -17.6339  -20.4176  4.44211   -16.3975  -19.9289  1.74078
14.5012   20.4091  35.7145  14.8161   21.8796  35.7979  1.50612
29.0672   12.2108  13.7011  30.771   12.8437  14.8729  2.16255
-5.22646   8.32928  61.0536  -5.73276   8.7682  62.1538  1.28817
16.794   11.8727  60.8394  16.7409   11.8749  63.2083  2.36951
-0.335375   19.6031  38.8265  -0.474719   20.7865  39.3181  1.28896
-32.7762   -15.0278  -48.5383  -32.3678   -14.0183  -46.1613  2.61454
-18.4965   -1.70896  -4.49054  -19.0698   -1.32291  -4.11226  0.787915
-8.21543   -1.43531  31.3365  -6.99775   -1.28048  31.1213  1.2462
37.0521   -1.32426  -15.2437  36.7588   -1.19969  -15.2625  0.319262
4.73529   20.3677  34.0457  4.83026   21.6536  34.2979  1.31385
-31.7404   -29.854  -17.3296  -31.0328   -28.6023  -17.9076  1.54969
-13.5117   -0.255924  9.32326  -13.1791   -0.209388  9.18731  0.362332
7.82514   -16.2269  -20.3651  6.4003   -14.6804  -19.7547  2.18967
1.20773   7.90809  -12.5906  1.05601   9.4017  -12.9478  1.54322
19.344   17.8992  31.4066  20.645   19.25  31.4747  1.87671
-5.60146   -14.4621  0.681463  -5.594   -13.2257  0.26078  1.30604
-29.5831   -27.6331  -12.6913  -29.1508   -26.8805  -13.3237  1.07392
5.2813   -6.5537  61.5433  5.34478   -7.48911  61.5169  0.937937
-33.3579   4.99144  -21.5194  -34.5523   6.45536  -21.0406  1.94902
-9.09282   20.2635  34.4543  -9.51058   21.5516  35.3911  1.64659
17.7111   -16.0973  -2.68775  17.4832   -15.6216  -3.03917  0.633832
30.2825   -9.45882  3.83306  30.0747   -8.13706  3.6731  1.34753
23.1233   -1.09775  31.2896  23.6693   -1.63674  31.4402  0.781908
-8.18342   7.85841  43.4609  -6.98853   7.89188  43.4657  1.19536
24.3247   21.7292  -9.60109  25.2971   23.9147  -9.71859  2.39496
-38.3346   -26.467  -35.7827  -36.3228   -24.5023  -34.7429  2.99812
9.08983   22.9113  17.1202  8.95038   24.61  17.3404  1.7186
-5.68033   -25.6815  -18.0566  -6.05964   -25.1771  -18.322  0.684583
10.4384   10.9787  -13.5756  10.5927   10.3714  -12.5811  1.17535
-27.3922   -31.3529  -16.5044  -26.6472   -30.4253  -17.0553  1.31114
-32.3416   -29.3339  -17.1179  -31.7219   -28.1118  -17.6244  1.46086
23.9782   6.21915  32.8627  25.5934   6.37707  33.2511  1.66868
1.53322   -13.3667  8.9756  1.83814   -11.7442  8.81003  1.65918
-13.7025   2.7949  5.68725  -13.4742   2.71754  5.66425  0.242172
-25.1137   -33.4728  -36.6758  -24.6244   -30.6884  -35.4127  3.09638
11.0393   12.6988  60.7737  11.0956   12.7233  63.1328  2.35992
-43.6635   -18.4086  -24.8376  -42.2176   -17.8484  -24.9825  1.55743
-6.87698   -6.33904  27.1615  -5.70363   -5.36497  26.5199  1.65443
-8.45522   4.91478  57.4331  -7.08257   5.09958  57.5039  1.38683
-31.7352   -21.0415  -9.61258  -31.8582   -21.1491  -9.46624  0.21932
-5.86042   12.4763  5.26362  -5.63289   12.1897  5.39251  0.388011
-5.64302   -3.40265  52.0368  -4.62958   -2.56673  51.8095  1.33323
-15.1045   21.5243  23.186  -14.8236   21.328  23.2675  0.352233
-38.7896   -3.09944  -40.0003  -37.6411   -3.50869  -40.6072  1.36191
12.3267   23.3443  11.7596  12.1273   25.5883  12.3436  2.32738
-16.223   -34.5512  -26.759  -16.1747   -32.2377  -27.4119  2.40437
-9.32899   9.52163  6.3628  -9.11016   9.34205  6.44495  0.294754
-8.58694   6.22396  54.7781  -7.12827   6.11284  54.7845  1.46291
-2.74947   11.8945  60.6499  -3.53548   12.1991  62.2882  1.84246
-29.3087   -23.5906  -9.27578  -29.1737   -23.3616  -9.49183  0.34255
-22.0516   -3.9658  -48.8249  -21.7329   -4.38746  -47.8009  1.15235
-4.26797   -23.2111  -15.0052  -4.67879   -22.6378  -15.3537  0.786701
-43.007   -11.8982  -19.5194  -42.8009   -11.8809  -19.5868  0.2176
5.91124   -7.66154  48.3877  5.84474   -7.03226  48.3746  0.632916
-24.6076   -30.4208  -14.5778  -24.5565   -29.4745  -15.2355  1.15353
-23.7082   3.11618  -16.552  -24.0748   4.09414  -13.699  3.0382
-40.4714   -0.495096  -24.9987  -41.2991   -0.033468  -24.8331  0.962014
-10.3423   -29.5241  -17.8702  -10.8655   -28.5368  -18.1242  1.14588
-11.1177   -21.3907  -46.2229  -11.4365   -19.9451  -45.4781  1.65716
-0.886684   19.9866  8.51867  -0.695912   19.7813  8.66663  0.316925
31.4596   16.4389  0.863568  32.9324   17.9492  0.595937  2.12653
20.0659   -16.0242  -4.4771  20.0286   -15.875  -4.61263  0.204946
19.1268   -1.86025  44.734  19.6635   -2.4353  44.8819  0.80034
1.51705   8.54918  61.1331  1.51624   8.65309  63.3975  2.26678
-3.23676   -13.8095  -40.8797  -3.84617   -13.7173  -40.3889  0.787955
5.20781   19.3327  55.1343  5.17597   19.4349  55.14  0.107109
-35.3781   -4.68955  -12.9536  -36.1897   -4.03981  -11.3813  1.88491
21.4064   14.7888  -30.9761  21.1261   14.715  -30.5318  0.530493
19.8482   4.25038  57.4463  21.1218   3.99807  57.6188  1.30975
12.8702   21.4815  28.1254  12.8695   22.9033  28.4093  1.44991
-4.9443   -5.98504  36.7775  -3.96829   -4.97548  36.6734  1.40806
22.3777   8.32326  40.3196  24.0299   8.38466  40.5661  1.67166
-3.38241   -7.38001  33.514  -2.8481   -6.60677  33.3308  0.957581
-37.8025   -28.3903  -29.3421  -35.9935   -26.5537  -29.0345  2.59623
-8.52503   10.8284  39.9126  -7.65924   10.9648  39.7367  0.893956
-42.4727   -21.7595  -24.7076  -40.8872   -20.7278  -24.8818  1.89964
-13.0094   14.5626  33.564  -13.3093   14.3816  33.8642  0.461307
-26.2543   -9.61786  -49.8469  -26.504   -10.0069  -48.3743  1.54344
-1.82382   -13.3968  -36.4015  -1.38279   -13.396  -36.5968  0.482327
-29.0317   0.577083  -15.6708  -29.4217   1.59267  -13.0205  2.86488
-6.31534   13.0017  48.5201  -5.61226   12.7767  48.3052  0.768835
-6.91432   -0.421144  -34.1943  -5.05602   0.439673  -34.0761  2.0514
-29.3492   8.03379  -25.2654  -30.1852   10.0514  -25.2101  2.18463
-1.25416   -23.2517  -27.0515  -1.86575   -22.8028  -27.0319  0.758905
-5.11938   -11.1587  12.6364  -4.54401   -9.80329  12.3796  1.49472
-2.80621   -13.9927  -39.4333  -2.94446   -13.9989  -39.2887  0.200149
-11.8659   -22.4429  -46.4047  -11.4365   -19.9451  -45.4781  2.69849
-26.2896   9.06665  -27.2065  -27.0848   11.2319  -27.6924  2.35727
-4.8409   -22.63  -39.7963  -5.99147   -21.727  -38.8409  1.74696
3.47832   -19.8524  -16.5718  2.6349   -18.3347  -16.3008  1.75737
15.2034   6.89353  61.1204  15.0573   6.77527  63.1033  1.99181
-42.2727   -5.05296  -34.5383  -41.4915   -5.2799  -34.2243  0.872035
-35.6745   -10.3536  -10.3931  -36.6821   -10.738  -9.37962  1.47993
5.77475   18.6417  58.9236  5.50972   19.3912  58.9385  0.795046
5.92879   -6.14783  61.647  5.96569   -7.45144  61.5626  1.30686
