200 PA4-F-Debug-Output.txt
16.8624   8.25599  -23.8235  15.5863   11.1735  -24.3914  0.0437816
-3.75271   -27.5127  -20.1088  -4.4727   -24.9813  -20.7128  0.0584889
29.5271   18.3261  -18.3399  28.3955   21.1931  -19.2402  0.0155102
7.68581   2.21934  63.5242  10.8502   2.39341  63.0869  0.00354121
-35.605   -16.0039  -10.7172  -35.9382   -14.0651  -9.42692  0.0248228
-11.8993   -3.79852  -46.4364  -14.2038   -0.552046  -45.8643  0.0242198
12.0932   -7.78068  26.894  13.5029   -6.50581  26.0048  0.050178
-38.9237   -19.1476  -16.3551  -39.5399   -17.08  -14.9572  0.0186965
-30.3477   -29.8608  -16.897  -30.8973   -27.6934  -16.2482  0.0275187
3.22403   -7.45634  -25.5684  1.96605   -4.67055  -25.8838  0.0478313
-9.95301   5.00219  58.6169  -7.08747   5.13184  59.1592  0.0488337
2.79511   18.5033  3.62268  2.85468   20.3771  4.0559  0.0720599
-1.61346   -7.18908  -35.755  -3.35612   -4.13824  -35.8394  0.00335333
-25.8775   -25.587  -9.39416  -26.0856   -23.5785  -8.86666  0.00163771
13.7168   -2.87777  62.3291  16.9408   -2.65392  61.548  0.145113
2.18633   -9.37634  -27.1979  0.921165   -6.53445  -27.5782  0.0375512
-6.85931   23.9595  24.8537  -5.8602   24.9621  25.8778  0.164992
-6.74768   1.75238  -37.0176  -8.65923   4.7519  -36.5523  0.047258
-18.9378   -24.672  -8.67498  -19.1228   -22.6223  -8.45021  0.0238548
-29.7166   6.73647  -30.6334  -31.2833   9.31203  -28.8925  0.014206
-5.46792   -5.34529  57.2108  -2.53615   -5.12249  57.2164  0.0029969
25.006   -17.5177  -12.3419  24.4567   -14.7913  -14.1101  0.0965087
-9.71845   -17.7711  -46.9598  -11.8973   -14.4717  -46.9989  0.0608895
11.1591   -1.14553  63.7389  14.3605   -0.938056  62.9903  0.037933
14.3901   -18.6791  -1.62692  14.4578   -16.4903  -2.91438  0.0214436
14.4676   -4.77873  49.4179  16.9801   -4.10807  48.4556  0.00429266
16.6707   14.7408  56.6598  19.2445   15.1222  56.1639  0.146875
-18.5669   7.27375  -36.9588  -20.4765   10.2527  -35.8117  0.101975
-16.281   8.69153  -33.3336  -18.0308   11.4789  -32.1968  0.0264933
32.3673   -2.13044  -25.7555  30.8828   0.993215  -27.3147  0.181116
17.9333   1.28041  56.2049  20.8387   1.73769  55.2537  0.124741
-24.0433   -25.4327  -45.4068  -26.0722   -22.3419  -44.9234  0.0244761
26.9397   -1.906  22.3934  28.1439   -0.334673  20.991  0.120956
-7.86827   -24.8943  -11.665  -8.23979   -22.593  -12.0342  0.0394683
11.0345   -15.5051  -17.7905  10.2851   -12.9083  -18.8393  0.078921
-8.91516   1.99906  32.9707  -7.21434   2.91275  33.4086  0.0529471
-8.60298   10.2735  49.9005  -6.00376   10.6214  50.5463  0.18327
-5.6582   -20.8839  -42.8756  -7.63308   -17.6534  -43.1501  0.0147758
18.7702   11.9975  53.535  21.1867   12.5394  52.8368  0.148476
14.6622   20.8173  30.1002  15.9843   22.2442  29.9722  0.189499
1.18213   21.4997  30.41  2.50691   22.5886  30.947  0.00295229
15.068   18.0016  -29.1601  13.3968   21.0517  -29.3671  0.0520395
12.8538   23.9742  -4.77113  12.3995   26.1648  -4.66728  0.0829715
-43.0056   -12.0497  -25.9779  -44.1195   -9.73085  -24.1624  0.0350473
33.8861   -8.43215  -19.7989  32.9609   -5.50371  -21.739  0.0562983
19.2094   13.7773  -30.4346  17.5167   16.8554  -30.8678  0.0707205
2.39411   22.6576  18.8227  3.12245   24.0936  19.3532  0.00965715
21.9665   15.4668  -28.6755  20.3241   18.5297  -29.2328  0.0406637
6.25751   -13.8894  9.22164  6.85738   -12.1903  8.50004  0.103914
3.86906   8.98089  -9.57502  3.30541   11.2648  -9.47275  0.0402513
26.9499   -5.26785  18.0737  27.9292   -3.58685  16.5507  0.0945157
-9.31912   10.0708  40.6155  -7.36959   10.7417  41.3136  0.00973493
17.6169   -12.3591  7.3888  18.0451   -10.3313  6.08089  0.0705177
-13.7482   -24.3942  -45.2566  -15.7882   -21.1838  -45.2457  0.00715286
-5.30639   1.64439  -31.791  -6.89982   4.55023  -31.427  0.0291392
20.0714   19.9791  22.7759  21.0002   21.4987  22.3326  0.000491981
-9.41406   -23.3448  -9.32389  -9.66119   -21.131  -9.59615  0.0511554
22.2533   11.6124  36.2867  23.8914   12.7402  35.446  0.0503928
-9.12535   2.70095  45.9378  -6.66207   3.23648  46.3924  0.168469
24.6165   -1.03965  28.5758  26.0268   0.366874  27.2543  0.000890607
-2.66271   -2.35529  -29.9406  -4.12408   0.526126  -29.8491  0.036564
-36.5531   2.03023  -26.432  -37.9001   4.45465  -24.4958  0.0509843
4.25675   -3.2491  -23.0188  3.12187   -0.510021  -23.3147  0.018949
6.30924   20.6776  34.8745  7.85657   21.7251  35.1281  0.0400007
-14.7496   8.2421  -22.8211  -15.9653   10.7743  -21.7911  0.0191597
22.8841   -6.26485  21.8196  23.9525   -4.57176  20.4097  0.117147
-4.51716   -24.627  -13.6768  -5.02261   -22.1963  -14.2221  0.0855767
-19.8943   -22.4586  -47.5607  -22.0692   -19.2626  -47.2446  0.0741711
-28.6917   -33.335  -24.6793  -29.622   -30.9502  -24.216  0.0625738
-7.74269   11.8866  55.8899  -5.11488   12.1574  56.5311  0.0913758
-0.927252   -24.9789  -33.1179  -2.42484   -21.969  -33.7573  0.0642271
0.443012   -13.9686  6.11646  0.88315   -11.9947  5.61708  0.154193
0.384938   -12.6868  -34.6484  -1.1919   -9.63375  -35.0145  0.0606619
20.6297   -15.5535  -0.640936  20.7134   -13.3166  -2.14877  0.0113055
-5.80036   -22.1943  -9.94373  -6.07399   -19.9973  -10.2685  0.0702131
2.41186   -8.12791  36.2271  4.3044   -7.17182  35.7882  0.0159714
14.8445   -19.6999  -6.27692  14.6386   -17.5962  -7.64648  0.256141
-13.0832   -1.82205  10.7653  -12.4066   -0.276557  11.3066  0.112289
15.0905   -5.9543  -21.266  14.0482   -3.15595  -22.1611  0.0127612
16.4673   15.7428  52.2304  19.0094   16.411  51.8052  0.109271
-28.1409   -29.6525  -14.1111  -28.5246   -27.4877  -13.6182  0.0523443
-22.5533   -35.3474  -29.2742  -23.681   -32.7202  -29.178  0.0190239
19.7102   -13.4207  3.35239  19.9647   -11.2925  1.93699  0.016331
-27.3503   0.846734  -14.9453  -28.0882   3.01386  -13.4874  0.0484977
7.82821   12.5198  -8.39835  7.23883   14.8775  -8.48633  0.0963357
-32.8918   -18.8823  -9.64781  -33.1519   -16.9165  -8.61467  0.0582954
21.2982   11.429  40.6583  23.2457   12.4429  39.8677  0.0412784
28.3109   -14.9635  -15.5557  27.6356   -12.212  -17.414  0.0273395
-13.383   18.4359  34.7063  -11.7582   19.2222  35.8341  0.0541336
11.4193   24.1803  10.8048  11.7125   25.9924  10.9543  0.0315137
9.64661   21.4301  28.8756  10.884   22.7872  29.0135  0.13573
25.1155   -17.4797  -13.3543  24.4851   -14.6898  -15.0778  0.148611
4.83641   -6.99353  -24.2277  3.62762   -4.23043  -24.5862  0.0751334
-19.5001   0.189302  -10.8158  -20.0216   2.2875  -9.82904  0.0137047
-14.3137   7.27662  -36.3547  -16.2031   10.1976  -35.3591  0.0048603
-6.65177   -4.80303  37.7426  -4.72962   -4.02921  37.8657  0.0352779
22.0457   16.9526  26.5122  23.1256   18.3401  25.8496  0.0796221
-31.3396   -29.5601  -17.0976  -31.8894   -27.3722  -16.4095  0.00672424
-8.88035   10.1397  45.0821  -6.55682   10.6637  45.7427  0.142181
2.217   -15.1719  -28.5498  0.841274   -12.2894  -29.0515  0.0745801
-2.58718   10.4036  -0.61291  -2.71531   12.3798  -0.171223  0.00504288
-2.19161   -1.41705  -28.4089  -3.64634   1.38535  -28.2692  0.0495126
-10.3614   -22.3275  -8.79036  -10.5894   -20.1857  -8.9211  0.0272445
-27.1869   -1.093  -13.8745  -27.8417   1.01016  -12.5648  0.038656
-42.0676   -6.71307  -28.8899  -43.3518   -4.32794  -26.9441  0.0650547
11.7097   15.6926  -11.6206  10.9683   18.1601  -11.7086  0.0155665
27.2422   -15.7484  -15.4014  26.5351   -12.9371  -17.2165  0.0634381
26.0219   -0.256494  26.4366  27.2583   1.25032  25.0517  0.0651141
20.8523   -0.801758  39.9472  22.6867   0.308736  38.752  0.182093
0.0192582   -7.51454  43.7814  2.28752   -6.85703  43.4699  0.030223
38.0696   -0.863171  -12.9466  37.2871   1.91906  -14.8171  0.0952402
-7.0691   16.6919  12.1374  -6.60589   18.2373  12.9776  0.00699825
-15.9256   -31.6528  -38.911  -17.5812   -28.6345  -39.008  0.01729
-2.51026   -12.3407  12.9085  -1.74874   -10.7586  12.6296  0.00541444
15.9983   -6.10642  -21.2411  14.9569   -3.29875  -22.2002  0.00105206
-10.5816   -33.1353  -29.5766  -11.7591   -30.3479  -30.0114  0.00487175
2.62747   -7.62971  48.7585  5.15067   -7.10707  48.3044  0.0445068
19.0112   8.1808  56.9773  21.7862   8.67156  56.1703  0.0110534
16.7286   -8.74223  17.5344  17.6798   -7.14622  16.4034  0.0620689
19.1797   -10.1091  -21.9405  18.1593   -7.24735  -23.1327  0.0516035
-39.2889   -19.1922  -16.7585  -39.8316   -17.0817  -15.3894  0.0910486
6.97323   -7.3403  60.7743  10.0327   -6.8866  60.106  0.208241
-7.98509   -2.27395  62.537  -4.71491   -2.20273  62.6512  0.142291
-6.56948   -23.1338  -10.1763  -6.8679   -20.8879  -10.545  0.00710742
-8.9218   10.8212  59.2826  -5.90539   10.8763  59.9516  0.138734
7.35932   -15.131  -21.1323  6.44369   -12.4414  -21.996  0.0728489
17.1676   22.3761  15.46  17.7366   24.1716  15.2658  0.0947576
-10.5628   7.06168  31.0067  -9.00813   8.04626  31.6711  0.0649904
-36.3765   -18.5491  -11.8619  -36.6521   -16.5384  -10.6773  0.145456
-10.5039   5.12591  -36.6919  -12.3856   8.12126  -35.9595  0.0202557
27.9598   0.162778  22.4229  29.0422   1.78996  20.9802  0.00332371
17.8502   0.646561  56.0249  20.6212   1.1634  55.0451  0.0182484
30.5315   17.5047  8.81149  30.8086   19.6054  7.79832  0.0642738
6.32145   -14.6661  5.27954  6.70526   -12.8014  4.5117  0.0496683
18.7575   3.47532  55.9335  21.4806   4.00268  54.9919  0.0334305
0.903411   -7.58359  47.5779  3.36784   -6.9716  47.2141  0.0286871
18.8763   15.1291  43.39  20.858   16.0014  42.816  0.0391961
-21.0231   -20.1452  -6.80278  -21.1577   -18.1662  -6.34003  0.0187194
-31.7325   -18.8765  -9.16437  -31.9618   -16.9297  -8.18495  0.0503651
-8.00635   -1.64567  48.9421  -5.53154   -1.20631  49.2021  0.0118937
-7.24549   -19.8551  -6.43652  -7.37733   -17.6904  -6.71582  0.0615211
-8.74987   -3.43395  28.1938  -7.34452   -2.38307  28.4818  0.0539085
-12.9076   -2.4537  10.0745  -12.5219   -0.918772  10.6701  0.163832
31.5683   12.3678  13.4342  32.1146   14.3184  12.2346  0.0528881
-4.62856   -17.7293  -43.0168  -6.66138   -14.4745  -43.2221  0.0479448
19.6665   19.5999  24.9658  20.7404   21.0987  24.5349  0.0577634
-1.48883   -6.92873  -33.1878  -3.25425   -3.97766  -33.2451  0.15741
40.466   0.528018  -0.952188  40.2903   3.02995  -2.97946  0.0756049
-6.33838   22.4179  31.9829  -4.93997   23.3534  32.9102  0.02502
-25.6262   -23.6346  -46.5821  -27.7266   -20.5091  -45.9442  0.00115222
-3.44922   -9.77079  -42.1207  -5.44413   -6.53731  -42.2123  0.0514745
20.5018   4.12693  -25.781  19.0888   7.09068  -26.6782  0.0580998
22.4821   11.3543  35.9365  24.0576   12.4798  35.0671  0.100864
-42.6566   -10.7347  -28.2662  -43.9975   -8.33422  -26.4297  0.0689551
17.4812   11.2388  61.8975  20.4762   11.5661  61.2534  0.0101376
-2.71775   -22.3503  -38.4626  -4.42189   -19.2321  -38.9694  0.0378684
-27.7498   -24.5398  -9.21895  -27.9499   -22.5373  -8.58552  0.027141
-1.05578   -7.25755  46.6352  1.351   -6.76003  46.3799  0.0930936
-0.233646   -13.4403  -37.6817  -1.9873   -10.314  -38.0268  0.0273009
18.0707   24.6  4.77731  18.0222   26.502  4.59272  0.137145
16.5377   -4.56282  42.4093  18.7079   -3.68287  41.3613  0.0320421
-8.12103   -1.91779  57.9963  -5.29431   -1.82806  58.2374  0.143526
25.0638   10.3345  -29.0669  23.4604   13.4512  -29.946  0.0243423
19.4872   5.85837  54.2529  22.1413   6.43648  53.3556  0.00640832
13.6777   14.7195  -17.6544  12.5068   17.3097  -17.8482  0.142114
-13.5814   -27.13  -43.262  -15.4915   -23.9991  -43.3724  0.0420854
-33.3558   -28.023  -17.1663  -33.8802   -25.816  -16.3637  0.0722184
0.169898   -1.67398  63.488  3.37861   -1.57736  63.3358  0.0236197
-39.1283   -21.2033  -18.3357  -39.7796   -19.0595  -17.0104  0.0358081
33.6244   -7.54955  -0.300071  33.6612   -5.20148  -2.22051  0.040223
-25.5908   -18.704  -48.1339  -27.8271   -15.5411  -47.3746  0.0315358
-20.0291   -10.3494  -49.103  -22.3957   -7.11948  -48.2926  0.0515863
-11.906   19.4845  16.5156  -11.2248   20.8165  17.7032  0.0491053
27.8391   11.6809  -26.948  26.3173   14.7671  -27.9173  0.0344432
29.0725   9.09135  18.9187  30.0214   10.8759  17.7675  0.149366
-28.7782   -30.1812  -38.6735  -30.3794   -27.2616  -38.054  0.0811753
-2.19139   -7.17795  54.3117  0.677595   -6.67241  54.1168  0.172242
30.874   18.3083  -14.4885  29.8366   20.9783  -15.4437  0.123932
-33.143   -29.0044  -35.557  -34.6097   -26.2703  -34.7164  0.0274855
16.4581   -3.09985  -20.7627  15.4132   -0.311372  -21.6375  0.0176073
-12.9349   6.6234  -36.6692  -14.8752   9.49885  -35.7364  0.0892658
-11.2531   21.0194  17.6544  -10.5905   22.4097  18.7601  0.0920741
-3.35519   14.4394  7.38367  -3.1107   16.162  7.97919  0.0138905
21.6811   -8.32743  15.0991  22.48   -6.53054  13.7226  0.0161894
-14.1897   -25.8019  -9.91591  -14.4369   -23.6833  -9.95026  0.0450675
-8.66411   -5.46286  23.2802  -7.5991   -4.33386  23.5313  0.184068
19.5289   15.3854  39.005  21.2907   16.398  38.418  0.0339121
17.0654   -7.90847  -21.4024  16.0313   -5.0835  -22.4687  0.000206882
-13.7647   2.62151  -42.5839  -15.9253   5.7386  -41.7446  0.00511835
37.4375   2.39522  10.6136  37.912   4.47759  8.79977  0.0225708
-8.33138   -8.00534  17.8422  -7.34632   -6.62588  17.9758  0.00877899
-13.0066   4.6356  -14.4263  -13.7697   6.92793  -13.6136  0.00922875
-21.7824   1.88222  -43.5506  -23.9757   4.95291  -42.3424  0.0117146
26.8812   -14.3482  -5.27281  26.7064   -11.896  -7.05455  0.00113623
22.103   12.2128  35.0332  23.8578   13.4645  34.2643  0.159963
16.0986   24.9663  -1.47424  15.759   27.2034  -1.52201  0.0366581
-39.5374   -11.9587  -33.6401  -41.1266   -9.4021  -32.0035  0.0636998
37.3956   3.99454  -14.2896  36.643   6.82829  -16.0336  0.0618735
22.0336   -2.89676  -24.1083  20.8351   0.0700182  -25.2466  0.0332361
-26.8434   -32.9336  -18.8177  -27.4031   -30.574  -18.4842  0.09792
