200 PA4-C-Debug-Output.txt
-15.6348   18.7726  22.1258  -15.6386   18.7736  22.1252  0.00394338
-22.8329   -2.17796  -47.5034  -22.8328   -2.17798  -47.5036  0.0002596
31.0669   0.772701  -26.9778  31.0677   0.772673  -26.9782  0.000914352
35.5941   10.6123  -16.3018  35.5889   10.6101  -16.301  0.00574082
-8.14985   6.48278  32.2354  -8.14937   6.48291  32.2353  0.000509009
25.6285   -7.36403  8.87051  25.6285   -7.3638  8.87044  0.000238326
11.4285   15.478  63.111  11.4285   15.478  63.1128  0.00177174
-29.2523   -16.8454  -46.9054  -29.2524   -16.8468  -46.908  0.00294522
-14.5547   -9.73232  -48.23  -14.5548   -9.73245  -48.2295  0.000559539
9.9284   21.1086  49.1786  9.92805   21.1101  49.1784  0.00148193
-37.2016   -20.3182  -14.084  -37.1979   -20.3164  -14.0861  0.00466866
-3.92102   -12.9455  1.09874  -3.92105   -12.9501  1.1003  0.00483928
6.86972   -9.03177  17.4907  6.87026   -9.03359  17.4913  0.00197526
-2.47964   19.2563  42.728  -2.47893   19.2549  42.7275  0.00169722
-15.7152   11.5977  -26.6105  -15.7144   11.5995  -26.6104  0.0019131
-10.643   -7.72559  6.63896  -10.6436   -7.72621  6.6393  0.000926712
6.39488   18.8424  -4.99493  6.3952   18.8423  -4.99475  0.000371492
20.9931   8.58892  61.5913  20.9945   8.5891  61.5917  0.00145432
-28.2122   -29.5982  -17.7425  -28.2133   -29.6032  -17.7404  0.00549337
18.5223   18.1521  45.6187  18.5223   18.1521  45.6187  3.81376e-06
31.5921   -9.0978  -15.0963  31.5927   -9.09852  -15.0962  0.000956297
-33.4651   -21.2717  -41.8645  -33.4652   -21.2717  -41.8646  0.000169938
-2.81564   -6.93111  -38.8509  -2.81545   -6.93105  -38.851  0.000197582
-39.7675   -17.4963  -15.5828  -39.7672   -17.4962  -15.5829  0.000350587
16.5357   17.6642  59.3953  16.5359   17.6644  59.3954  0.000317688
23.0563   10.4432  45.6176  23.0595   10.4439  45.618  0.00333009
-39.8519   -2.19193  -16.4832  -39.8505   -2.19261  -16.4844  0.00194461
-7.25756   19.2015  39.1144  -7.25868   19.2026  39.1155  0.00190178
19.7126   -1.61171  49.6402  19.7112   -1.61024  49.6401  0.00201882
32.3167   -8.38786  -14.1752  32.3157   -8.38667  -14.1754  0.00156389
-41.4838   -19.3941  -27.8808  -41.4825   -19.3936  -27.8807  0.00146296
23.2765   5.68375  44.9751  23.277   5.68364  44.9752  0.000566317
-6.01167   -18.0653  -7.86192  -6.01129   -18.066  -7.86158  0.000862103
38.3111   7.66367  -9.86952  38.3106   7.66353  -9.86933  0.000545382
-38.0147   0.941688  -36.3298  -38.0139   0.941159  -36.3294  0.00100497
-36.4104   -0.928416  -40.5491  -36.4128   -0.926805  -40.5511  0.00343748
-0.830119   -8.66701  24.9154  -0.829916   -8.66378  24.9145  0.00336041
9.52753   22.7489  -6.85536  9.52819   22.7484  -6.85493  0.000940094
24.0481   -15.0048  -14.7875  24.051   -15.0095  -14.7877  0.00552701
-10.7243   -26.4838  -38.5176  -10.7224   -26.4867  -38.5196  0.00400579
33.6947   -5.81217  -9.71562  33.6934   -5.81075  -9.71615  0.00204061
24.9809   10.7562  33.3975  24.9797   10.7558  33.3973  0.00129886
-12.7768   -14.9374  -3.85716  -12.777   -14.9378  -3.85667  0.000693169
37.073   12.8171  -3.80001  37.071   12.8149  -3.79967  0.00294026
-15.9303   -11.7428  -48.4867  -15.9303   -11.7428  -48.487  0.000269537
11.9343   -16.8293  -4.8654  11.934   -16.8308  -4.86506  0.00152508
24.8462   1.61914  -29.2732  24.8458   1.61861  -29.2742  0.00119403
-7.72223   14.0104  40.5607  -7.7223   14.0105  40.5607  7.68517e-05
38.2732   4.0158  -12.5447  38.2724   4.01565  -12.5442  0.000991392
-3.45285   11.6283  62.4363  -3.45194   11.628  62.4344  0.00213001
-39.7026   -11.0487  -38.6699  -39.7039   -11.0488  -38.6702  0.00128921
13.7872   -17.4295  -7.70895  13.7872   -17.4295  -7.70895  1.98324e-05
14.7215   1.43028  62.9937  14.7215   1.43028  62.9937  7.29212e-05
-41.2931   -4.36712  -34.0618  -41.2919   -4.36745  -34.0613  0.00127856
-6.81845   1.82071  35.9879  -6.82351   1.82034  35.9885  0.00511123
22.0076   4.54908  52.357  22.0074   4.54912  52.357  0.00025404
13.6439   -6.70108  24.5478  13.6438   -6.70005  24.5476  0.0010434
-14.9921   -14.3529  -4.12132  -14.9913   -14.3511  -4.12325  0.00275637
-6.83219   4.33544  43.1838  -6.8297   4.33571  43.1837  0.00250274
-15.6297   -3.26985  -47.2696  -15.6298   -3.2699  -47.2692  0.000438245
-17.7506   -31.9328  -22.2905  -17.7504   -31.9351  -22.2901  0.00236699
-16.722   -4.59377  1.22789  -16.7213   -4.59361  1.22745  0.000872919
20.3598   14.5044  51.7313  20.3594   14.5041  51.7313  0.000493584
6.28917   17.7372  -5.217  6.29194   17.7367  -5.21528  0.00330259
-5.77429   -0.504047  57.2853  -5.77555   -0.504485  57.2853  0.00132987
18.0463   -7.69067  13.5666  18.0462   -7.6903  13.5665  0.000376223
-3.26801   -19.7217  -37.1527  -3.2703   -19.7201  -37.1512  0.0031296
17.8376   23.9611  16.1531  17.8378   23.9617  16.1532  0.000653157
-40.0715   -20.6672  -19.1895  -40.0689   -20.6659  -19.1908  0.00315098
-34.5527   3.08711  -14.788  -34.553   3.08753  -14.7876  0.000606909
6.74292   -12.4612  7.81547  6.74317   -12.4588  7.81545  0.00244534
-34.9742   -24.6193  -16.1192  -34.9737   -24.6188  -16.1196  0.000779035
-32.2727   -29.2146  -22.4786  -32.2727   -29.2147  -22.4785  9.87258e-05
-0.468617   -5.98539  63.0937  -0.468938   -5.98622  63.0942  0.00099882
-40.0894   -7.95996  -37.9186  -40.0883   -7.95999  -37.9183  0.00111701
-42.8532   -3.06692  -26.8314  -42.8515   -3.06763  -26.8314  0.00189452
26.0453   23.8479  -0.349603  26.0464   23.8501  -0.349405  0.00251518
11.3087   22.9351  -10.5092  11.3071   22.9364  -10.5099  0.00221026
2.05187   -17.0388  -8.32009  2.05152   -17.0368  -8.32114  0.00236203
23.0964   -4.22277  23.3764  23.0966   -4.2233  23.3766  0.000614437
-0.0989992   -6.19174  62.9896  -0.0985107   -6.19049  62.9889  0.00151749
27.073   8.11896  27.3495  27.0738   8.11905  27.3497  0.000816437
33.2609   14.5497  10.6304  33.2627   14.5511  10.6315  0.00251655
25.9896   9.75672  -30.1826  25.9897   9.75681  -30.1829  0.000349994
4.97934   -6.53569  62.8666  4.97963   -6.53619  62.8679  0.00140885
15.2816   -6.30739  -22.3174  15.2816   -6.30734  -22.3171  0.000291212
-37.4678   -23.8477  -18.9397  -37.4689   -23.8487  -18.9391  0.00150106
-42.7161   -15.984  -22.8073  -42.7135   -15.9828  -22.8077  0.00282613
-5.58659   -1.0465  57.7709  -5.58566   -1.04618  57.7709  0.000988077
-25.1124   7.42875  -16.0684  -25.1124   7.42903  -16.0681  0.000388194
29.8234   8.09404  19.5884  29.823   8.094  19.5882  0.000463864
-9.6464   7.32139  -9.3936  -9.64655   7.32175  -9.39357  0.000392561
21.3174   -10.7166  1.90845  21.3176   -10.7172  1.90882  0.000702179
-12.63   -17.9493  -45.9245  -12.632   -17.9476  -45.9212  0.00420154
2.72873   -11.9639  8.30763  2.72891   -11.9629  8.30753  0.00101009
-27.2659   -29.7737  -16.7868  -27.264   -29.7713  -16.7882  0.00334699
25.0493   14.5151  27.0513  25.0493   14.5151  27.0513  7.19346e-05
-2.38231   -5.28616  58.9548  -2.38406   -5.28784  58.9547  0.00242131
33.2081   12.687  12.0809  33.2084   12.6871  12.0813  0.00052051
12.584   -6.99647  22.9714  12.5843   -6.9994  22.9718  0.0029721
22.6701   -6.01897  -25.1507  22.6692   -6.0195  -25.1524  0.00191881
30.4887   20.3634  4.62829  30.491   20.3658  4.62874  0.00332765
27.9737   17.5422  14.9016  27.9711   17.5401  14.8997  0.00380818
21.7518   -10.198  2.44753  21.7528   -10.2015  2.44895  0.00395239
0.534043   23.7445  16.0565  0.534184   23.7437  16.0566  0.000846565
7.80837   22.8343  28.7544  7.80837   22.8366  28.7549  0.00229309
-7.02533   6.71328  60.5784  -7.02181   6.71259  60.5781  0.00359792
35.4212   7.83977  -19.3242  35.4242   7.84012  -19.3253  0.00311567
11.1406   -6.45773  31.8749  11.1408   -6.459  31.875  0.00126633
25.7137   18.7396  17.511  25.7123   18.7385  17.5105  0.00179137
35.2891   -3.41728  -0.775204  35.2906   -3.41877  -0.775497  0.00216418
30.9538   -9.8729  -15.6429  30.954   -9.87309  -15.6428  0.000319372
22.529   4.0861  47.5304  22.53   4.0859  47.5305  0.00105966
-17.5711   4.69025  -11.2826  -17.569   4.68422  -11.2853  0.00692127
-10.2858   -20.4608  -43.7373  -10.2861   -20.4604  -43.7364  0.00110431
21.3827   -13.2186  -20.8314  21.3827   -13.2186  -20.8315  0.000149792
-11.4677   -17.7465  -6.83896  -11.4677   -17.7455  -6.84002  0.00146989
35.2233   0.829247  11.8085  35.2232   0.829275  11.8083  0.000268009
-22.4749   -13.5808  -5.62355  -22.4747   -13.5806  -5.6242  0.000702764
-8.77108   -29.0936  -25.95  -8.77223   -29.0921  -25.9503  0.00192649
-27.2671   -18.1295  -7.18766  -27.2672   -18.1294  -7.18694  0.000732032
-14.4901   8.70971  -17.2546  -14.4901   8.70994  -17.2545  0.000259133
-26.0974   -12.688  -48.3249  -26.0977   -12.6885  -48.3267  0.00181598
36.3873   13.9455  0.861484  36.3849   13.9438  0.861659  0.00297891
-38.3564   -14.6551  -40.8384  -38.3563   -14.6551  -40.8383  0.000142295
-35.2977   -18.2859  -42.2721  -35.3   -18.2875  -42.2744  0.0036556
-17.3735   1.14918  -45.6156  -17.3737   1.15068  -45.6176  0.00249629
-14.9784   2.41189  1.37455  -14.9804   2.41312  1.37516  0.00243171
-17.5076   1.0596  -45.6751  -17.5076   1.05928  -45.6747  0.000530917
-13.1097   -25.111  -11.6086  -13.1103   -25.1101  -11.6099  0.00170138
-35.8201   -22.8433  -14.8777  -35.8211   -22.8443  -14.8769  0.00161584
36.3441   14.238  3.43584  36.3442   14.238  3.43584  9.20637e-05
-8.98784   -28.2128  -32.651  -8.98768   -28.213  -32.6511  0.000286696
-2.39848   19.7874  10.7536  -2.39888   19.7878  10.7533  0.000670549
12.1018   -8.53734  14.7252  12.1023   -8.53954  14.7258  0.00233532
-33.2822   -27.6649  -33.9828  -33.2817   -27.6641  -33.9825  0.000975922
-11.2848   15.4314  36.5491  -11.2845   15.4315  36.5488  0.0003863
-31.2329   -7.99504  -7.56992  -31.2336   -7.99422  -7.568  0.00220158
-6.90347   15.337  11.7383  -6.90373   15.3372  11.7381  0.000430897
15.2815   24.7767  -13.1204  15.2834   24.7737  -13.1193  0.00375753
38.4296   11.0278  -2.27083  38.4301   11.0281  -2.2708  0.000595528
11.3886   -5.70753  62.7233  11.3885   -5.70735  62.7231  0.000265729
-0.94659   -10.8556  -34.8002  -0.946599   -10.8556  -34.8002  1.00088e-05
5.67797   -10.0806  14.8326  5.67798   -10.0806  14.8326  4.38439e-05
-36.7087   -24.7553  -33.4041  -36.7112   -24.7574  -33.4052  0.00342311
3.31422   -6.93339  42.6229  3.31435   -6.9309  42.6229  0.00248988
38.6931   2.32925  -11.756  38.6933   2.32924  -11.7561  0.000211971
19.0162   25.4954  -20.284  19.0159   25.499  -20.284  0.00362598
-4.52333   13.7943  52.09  -4.5204   13.7925  52.0894  0.00348887
-2.0534   -5.72405  41.7621  -2.05179   -5.71986  41.7622  0.00449047
20.3202   -14.2682  -3.19306  20.3216   -14.2706  -3.19118  0.00333883
-4.30808   -24.4719  -19.9748  -4.30897   -24.471  -19.9752  0.0013299
-32.1618   -29.2796  -30.1882  -32.1627   -29.281  -30.1883  0.00164542
33.996   11.2766  -20.7674  33.9954   11.2764  -20.7671  0.000621482
32.5756   -6.80456  -3.85162  32.5759   -6.80474  -3.85161  0.000315139
-8.51436   -25.1344  -38.0997  -8.51452   -25.1342  -38.0996  0.000301868
10.4803   22.9515  -8.41558  10.4781   22.9533  -8.41652  0.00301653
-22.235   11.1137  -33.3802  -22.2361   11.1182  -33.3817  0.00484161
-14.4365   20.572  30.8308  -14.4351   20.571  30.8303  0.00175201
-42.7072   -13.6785  -27.5475  -42.7046   -13.6792  -27.5456  0.00332862
18.2402   -15.6054  -3.53722  18.241   -15.6068  -3.53619  0.00186358
38.2173   -0.738562  -9.29889  38.2164   -0.738087  -9.29895  0.00101126
22.104   18.5059  29.2457  22.1047   18.5063  29.2458  0.000781722
-5.68119   -0.805212  53.4457  -5.6835   -0.806014  53.4457  0.00243919
23.7207   20.4949  18.4762  23.7212   20.4954  18.4765  0.000815471
-15.7603   -11.7649  -48.5046  -15.7605   -11.765  -48.5063  0.00175111
18.8916   -9.0182  8.04685  18.892   -9.01983  8.04729  0.0017446
29.8518   20.9918  -5.69624  29.853   20.9932  -5.69616  0.00188319
-35.6214   -24.8576  -17.3576  -35.6224   -24.8586  -17.357  0.00160632
17.9332   -11.7004  -19.413  17.9347   -11.696  -19.4078  0.0069919
23.1958   12.8819  39.2287  23.1956   12.8818  39.2287  0.000219338
-3.3328   -14.478  -39.6821  -3.33359   -14.478  -39.6812  0.00115064
6.61117   -13.9694  -20.5697  6.61074   -13.9689  -20.5695  0.000686308
-22.4122   12.2226  -26.1855  -22.4122   12.2228  -26.1855  0.000265211
-3.16686   9.81345  -7.3619  -3.16643   9.81199  -7.36144  0.00159109
-3.70486   20.8966  38.0522  -3.70438   20.894  38.0511  0.00291491
38.6801   1.57741  7.26344  38.6789   1.57776  7.26299  0.00131196
17.9008   -13.0533  0.500707  17.8986   -13.0491  0.49871  0.00516339
21.9521   16.941  33.6098  21.9531   16.9417  33.6102  0.00121417
21.2342   11.4858  55.9745  21.2352   11.4862  55.9745  0.00103536
0.135493   -19.5602  -15.4499  0.135244   -19.5598  -15.45  0.000508066
25.7751   21.1612  13.2666  25.7752   21.1613  13.2667  0.000208117
-34.5684   -26.2214  -18.0001  -34.5702   -26.2236  -17.9989  0.00311389
3.36617   -9.09931  20.3382  3.36666   -9.10125  20.3386  0.00203019
-12.803   23.7016  25.8194  -12.8032   23.7019  25.8194  0.000353108
26.8885   12.6369  24.1399  26.8874   12.6366  24.1396  0.00123976
-6.21434   18.7993  13.043  -6.21456   18.7995  13.0426  0.00049301
-3.43376   -4.19703  56.7649  -3.43414   -4.19736  56.765  0.000509511
-0.373721   -19.3289  -14.0677  -0.374923   -19.3273  -14.0686  0.00219035
18.9349   -8.95356  8.23627  18.9358   -8.95718  8.23725  0.00386438
23.8639   22.7659  12.0334  23.8655   22.7702  12.0344  0.00475844
14.8328   -4.89739  56.7795  14.8325   -4.89679  56.7795  0.000698847
-3.66767   -3.84482  57.4578  -3.67054   -3.84731  57.4581  0.00380921
39.9468   6.30166  2.04178  39.9417   6.30054  2.04129  0.00520898
-12.1703   5.24721  7.44771  -12.1709   5.24767  7.44775  0.000794335
-2.33348   15.615  57.4494  -2.33487   15.6167  57.4494  0.00224032
29.9973   20.9637  -1.44344  30.0009   20.9683  -1.44369  0.00581639
10.8631   -7.9657  18.6292  10.8632   -7.96614  18.6293  0.000467457
-33.9271   -7.68589  -8.50304  -33.9276   -7.68437  -8.50004  0.00340822
-39.0776   -17.7156  -37.5903  -39.0785   -17.7158  -37.5904  0.000902635
