15 PA3-A-Debug-Output.txt 0
    2.13    -7.16    55.01         2.13    -7.16    55.01     0.000
   -6.69   -24.91   -17.06        -6.69   -24.91   -17.06     0.000
  -28.77   -31.04   -22.31       -28.77   -31.04   -22.31     0.000
  -29.66   -30.46   -21.75       -29.66   -30.46   -21.75     0.000
   12.06     0.37    63.09        12.06     0.37    63.09     0.000
   36.40     7.14   -17.20        36.40     7.14   -17.20     0.000
   -2.64     0.35   -27.83        -2.64     0.35   -27.83     0.000
   -3.11   -10.21    13.38        -3.11   -10.21    13.38     0.000
   31.31    10.51   -26.14        31.31    10.51   -26.14     0.000
   -7.65    -7.24    14.89        -7.65    -7.24    14.89     0.000
  -31.38   -23.86   -11.56       -31.38   -23.86   -11.56     0.000
   11.56   -15.40   -13.34        11.56   -15.40   -13.34     0.000
   37.89    11.36     6.44        37.89    11.36     6.44     0.000
  -15.76   -15.92   -47.70       -15.76   -15.92   -47.70     0.000
   23.17   -12.56   -20.73        23.17   -12.56   -20.73     0.000
