15 PA3-B-Debug-Answer.txt 0
   24.98    -6.56    14.11        24.74    -5.86    13.99     0.755
    4.89    -8.93    35.99         4.73    -7.18    35.88     1.757
    2.01    -5.33   -27.64         1.22    -5.81   -27.03     1.112
  -31.65   -22.63   -47.54       -30.32   -20.68   -44.76     3.651
  -21.12   -27.13   -12.59       -21.16   -27.63   -12.16     0.658
  -25.18   -33.17   -21.19       -24.98   -32.06   -21.56     1.188
   20.81    23.11   -18.98        21.18    24.86   -19.31     1.819
  -40.91   -15.47   -35.57       -39.85   -15.38   -35.48     1.071
  -17.24   -19.19    -8.72       -16.73   -20.11    -7.31     1.768
   33.52     9.25   -22.23        33.83     9.34   -22.38     0.354
   13.54    23.65   -11.55        13.29    24.05   -11.69     0.487
    7.60    23.83     4.60         6.93    24.66     4.35     1.092
   -9.54   -30.72   -27.81       -10.03   -29.78   -27.65     1.072
    9.50     7.02    60.10         9.49     6.82    62.89     2.803
   -7.44     9.20    43.44        -7.03     9.21    43.44     0.415
