15 PA3-F-Debug-Output.txt 0
   20.81    -5.09    27.41        20.64    -4.77    27.37     0.366
   34.30     5.67   -20.82        34.91     5.69   -21.17     0.701
   19.25    19.42    25.54        20.33    21.16    25.81     2.068
   -4.04   -18.78    -4.08        -4.24   -16.43    -5.37     2.687
   -8.54     0.59    27.97        -7.91     0.69    27.84     0.648
   -1.22    16.14     6.44        -1.63    16.57     6.23     0.634
   -0.32    -6.74    43.83        -0.15    -6.34    43.81     0.438
   16.83    -3.02    47.51        17.46    -3.73    47.55     0.945
   -3.68    -3.65    63.51        -3.43    -3.48    63.08     0.530
  -32.47   -10.21    -9.58       -32.87   -10.25    -7.49     2.129
   -3.71   -28.46   -22.95        -5.10   -26.30   -23.17     2.571
    1.06   -21.52   -14.99        -0.02   -19.66   -15.49     2.205
   -0.29    -8.33    52.48         0.52    -6.47    52.65     2.032
  -12.76   -27.89   -13.02       -13.11   -26.61   -13.59     1.444
   12.94    -6.57    53.67        12.73    -6.20    53.68     0.428
