200 PA4-C-Debug-Output.txt 0
  -15.64    18.77    22.13       -15.64    18.77    22.13     0.000
  -22.83    -2.18   -47.50       -22.83    -2.18   -47.50     0.000
   31.07     0.77   -26.98        31.07     0.77   -26.98     0.000
   35.59    10.61   -16.30        35.59    10.61   -16.30     0.000
   -8.15     6.48    32.24        -8.15     6.48    32.24     0.000
   25.63    -7.36     8.87        25.63    -7.36     8.87     0.000
   11.42    15.48    63.11        11.42    15.48    63.11     0.000
  -29.25   -16.85   -46.90       -29.25   -16.85   -46.90     0.000
  -14.56    -9.73   -48.23       -14.56    -9.73   -48.23     0.000
    9.93    21.11    49.18         9.93    21.11    49.18     0.000
  -37.20   -20.31   -14.08       -37.20   -20.31   -14.08     0.000
   -3.92   -12.95     1.10        -3.92   -12.95     1.10     0.000
    6.87    -9.03    17.49         6.87    -9.03    17.49     0.000
   -2.48    19.26    42.73        -2.48    19.26    42.73     0.000
  -15.72    11.60   -26.61       -15.72    11.60   -26.61     0.000
  -10.64    -7.73     6.64       -10.64    -7.73     6.64     0.000
    6.40    18.85    -4.99         6.40    18.85    -4.99     0.000
   20.99     8.59    61.59        20.99     8.59    61.59     0.000
  -28.21   -29.61   -17.74       -28.21   -29.61   -17.74     0.000
   18.53    18.15    45.62        18.53    18.15    45.62     0.000
   31.59    -9.10   -15.09        31.59    -9.10   -15.09     0.000
  -33.46   -21.27   -41.86       -33.47   -21.27   -41.86     0.000
   -2.81    -6.93   -38.85        -2.81    -6.93   -38.85     0.000
  -39.77   -17.49   -15.58       -39.77   -17.49   -15.58     0.000
   16.54    17.67    59.40        16.53    17.67    59.40     0.000
   23.06    10.44    45.62        23.06    10.44    45.62     0.000
  -39.85    -2.20   -16.49       -39.85    -2.20   -16.49     0.000
   -7.26    19.20    39.12        -7.26    19.20    39.12     0.000
   19.71    -1.61    49.64        19.71    -1.61    49.64     0.000
   32.31    -8.39   -14.17        32.31    -8.39   -14.17     0.000
  -41.48   -19.40   -27.88       -41.48   -19.40   -27.88     0.000
   23.28     5.68    44.98        23.28     5.68    44.98     0.000
   -6.01   -18.07    -7.86        -6.01   -18.07    -7.86     0.000
   38.31     7.66    -9.87        38.31     7.66    -9.87     0.000
  -38.01     0.94   -36.33       -38.01     0.94   -36.33     0.000
  -36.41    -0.93   -40.55       -36.41    -0.93   -40.55     0.000
   -0.83    -8.66    24.92        -0.83    -8.66    24.92     0.000
    9.53    22.74    -6.86         9.53    22.75    -6.86     0.000
   24.05   -15.01   -14.79        24.05   -15.01   -14.79     0.000
  -10.72   -26.49   -38.52       -10.72   -26.49   -38.52     0.000
   33.69    -5.81    -9.71        33.69    -5.81    -9.71     0.000
   24.98    10.75    33.40        24.98    10.75    33.40     0.000
  -12.78   -14.94    -3.86       -12.78   -14.94    -3.86     0.000
   37.07    12.81    -3.80        37.07    12.81    -3.80     0.000
  -15.93   -11.75   -48.49       -15.93   -11.75   -48.49     0.000
   11.93   -16.83    -4.86        11.93   -16.83    -4.86     0.000
   24.85     1.62   -29.27        24.85     1.62   -29.27     0.000
   -7.72    14.01    40.56        -7.72    14.01    40.56     0.000
   38.27     4.02   -12.54        38.27     4.02   -12.54     0.000
   -3.45    11.63    62.43        -3.45    11.63    62.43     0.000
  -39.70   -11.05   -38.67       -39.70   -11.05   -38.67     0.000
   13.79   -17.43    -7.71        13.79   -17.43    -7.71     0.000
   14.72     1.43    62.99        14.72     1.43    62.99     0.000
  -41.29    -4.37   -34.06       -41.29    -4.37   -34.06     0.000
   -6.82     1.82    35.99        -6.82     1.82    35.99     0.000
   22.01     4.55    52.36        22.01     4.55    52.36     0.000
   13.64    -6.70    24.55        13.64    -6.70    24.55     0.000
  -14.99   -14.35    -4.12       -14.99   -14.35    -4.12     0.000
   -6.83     4.34    43.18        -6.83     4.34    43.18     0.000
  -15.63    -3.27   -47.27       -15.63    -3.27   -47.27     0.000
  -17.75   -31.93   -22.29       -17.75   -31.94   -22.29     0.000
  -16.72    -4.59     1.23       -16.72    -4.59     1.23     0.000
   20.36    14.50    51.73        20.36    14.50    51.73     0.000
    6.29    17.74    -5.22         6.29    17.74    -5.22     0.000
   -5.77    -0.51    57.28        -5.77    -0.51    57.28     0.000
   18.05    -7.69    13.57        18.05    -7.69    13.57     0.000
   -3.27   -19.72   -37.15        -3.27   -19.72   -37.15     0.000
   17.83    23.96    16.15        17.83    23.96    16.15     0.000
  -40.07   -20.67   -19.19       -40.07   -20.67   -19.19     0.000
  -34.55     3.09   -14.79       -34.55     3.09   -14.79     0.000
    6.75   -12.46     7.81         6.75   -12.46     7.81     0.000
  -34.97   -24.62   -16.12       -34.97   -24.62   -16.12     0.000
  -32.27   -29.21   -22.48       -32.27   -29.22   -22.48     0.000
   -0.47    -5.98    63.09        -0.47    -5.98    63.10     0.000
  -40.09    -7.96   -37.92       -40.09    -7.96   -37.92     0.000
  -42.85    -3.07   -26.83       -42.85    -3.07   -26.83     0.000
   26.05    23.85    -0.35        26.05    23.85    -0.35     0.000
   11.31    22.93   -10.51        11.30    22.93   -10.51     0.000
    2.05   -17.04    -8.32         2.05   -17.04    -8.32     0.000
   23.10    -4.22    23.38        23.10    -4.22    23.38     0.000
   -0.10    -6.19    62.99        -0.10    -6.19    62.99     0.000
   27.07     8.12    27.35        27.07     8.12    27.35     0.000
   33.26    14.55    10.63        33.26    14.55    10.63     0.000
   25.99     9.76   -30.18        25.99     9.76   -30.18     0.000
    4.98    -6.54    62.87         4.98    -6.54    62.87     0.000
   15.28    -6.31   -22.32        15.28    -6.31   -22.32     0.000
  -37.47   -23.85   -18.94       -37.47   -23.85   -18.94     0.000
  -42.71   -15.98   -22.81       -42.71   -15.98   -22.81     0.000
   -5.59    -1.04    57.77        -5.59    -1.04    57.77     0.000
  -25.12     7.43   -16.07       -25.12     7.43   -16.07     0.000
   29.82     8.09    19.59        29.82     8.09    19.59     0.000
   -9.65     7.32    -9.39        -9.65     7.32    -9.39     0.000
   21.31   -10.72     1.91        21.31   -10.72     1.91     0.000
  -12.63   -17.95   -45.92       -12.63   -17.95   -45.92     0.000
    2.73   -11.96     8.31         2.73   -11.96     8.31     0.000
  -27.26   -29.77   -16.79       -27.26   -29.77   -16.79     0.000
   25.05    14.51    27.05        25.05    14.51    27.05     0.000
   -2.38    -5.29    58.95        -2.38    -5.29    58.95     0.000
   33.21    12.69    12.08        33.21    12.69    12.08     0.000
   12.58    -7.00    22.97        12.58    -7.00    22.97     0.000
   22.67    -6.02   -25.15        22.67    -6.02   -25.15     0.000
   30.49    20.37     4.63        30.49    20.37     4.63     0.000
   27.97    17.54    14.90        27.97    17.54    14.90     0.000
   21.75   -10.20     2.45        21.75   -10.20     2.45     0.000
    0.53    23.74    16.06         0.53    23.74    16.06     0.000
    7.81    22.84    28.75         7.81    22.84    28.75     0.000
   -7.02     6.72    60.58        -7.02     6.72    60.58     0.000
   35.42     7.84   -19.32        35.42     7.84   -19.32     0.000
   11.14    -6.46    31.88        11.14    -6.46    31.88     0.000
   25.71    18.74    17.51        25.71    18.74    17.51     0.000
   35.29    -3.42    -0.77        35.29    -3.42    -0.77     0.000
   30.96    -9.87   -15.64        30.96    -9.87   -15.64     0.000
   22.53     4.09    47.53        22.53     4.09    47.53     0.000
  -17.57     4.68   -11.28       -17.57     4.68   -11.28     0.000
  -10.28   -20.46   -43.74       -10.28   -20.46   -43.74     0.000
   21.39   -13.22   -20.83        21.39   -13.22   -20.83     0.000
  -11.47   -17.75    -6.84       -11.47   -17.75    -6.84     0.000
   35.22     0.83    11.81        35.22     0.83    11.81     0.000
  -22.47   -13.59    -5.63       -22.47   -13.59    -5.63     0.000
   -8.77   -29.09   -25.95        -8.77   -29.09   -25.95     0.000
  -27.27   -18.13    -7.19       -27.27   -18.13    -7.19     0.000
  -14.49     8.71   -17.25       -14.49     8.71   -17.25     0.000
  -26.10   -12.69   -48.33       -26.10   -12.69   -48.33     0.000
   36.38    13.95     0.86        36.38    13.95     0.86     0.000
  -38.36   -14.65   -40.84       -38.36   -14.65   -40.84     0.000
  -35.30   -18.29   -42.27       -35.30   -18.29   -42.27     0.000
  -17.37     1.15   -45.62       -17.37     1.15   -45.62     0.000
  -14.98     2.41     1.37       -14.98     2.41     1.37     0.000
  -17.51     1.06   -45.67       -17.51     1.06   -45.67     0.000
  -13.11   -25.11   -11.61       -13.11   -25.11   -11.61     0.000
  -35.82   -22.84   -14.88       -35.82   -22.84   -14.88     0.000
   36.34    14.24     3.44        36.34    14.24     3.44     0.000
   -8.99   -28.21   -32.65        -8.99   -28.21   -32.65     0.000
   -2.40    19.79    10.75        -2.40    19.79    10.75     0.000
   12.10    -8.54    14.73        12.10    -8.54    14.73     0.000
  -33.28   -27.66   -33.98       -33.28   -27.66   -33.98     0.000
  -11.28    15.44    36.55       -11.28    15.44    36.55     0.000
  -31.24    -7.99    -7.57       -31.24    -7.99    -7.57     0.000
   -6.90    15.34    11.74        -6.90    15.34    11.74     0.000
   15.28    24.77   -13.12        15.28    24.77   -13.12     0.000
   38.43    11.03    -2.27        38.43    11.03    -2.27     0.000
   11.39    -5.71    62.73        11.39    -5.71    62.73     0.000
   -0.95   -10.85   -34.80        -0.95   -10.85   -34.80     0.000
    5.68   -10.08    14.83         5.68   -10.08    14.83     0.000
  -36.71   -24.76   -33.41       -36.71   -24.76   -33.41     0.000
    3.32    -6.93    42.62         3.32    -6.93    42.62     0.000
   38.69     2.33   -11.76        38.69     2.33   -11.76     0.000
   19.02    25.50   -20.28        19.02    25.50   -20.28     0.000
   -4.52    13.79    52.09        -4.52    13.79    52.09     0.000
   -2.05    -5.72    41.76        -2.05    -5.72    41.76     0.000
   20.32   -14.27    -3.19        20.32   -14.27    -3.19     0.000
   -4.31   -24.47   -19.97        -4.31   -24.47   -19.97     0.000
  -32.16   -29.28   -30.19       -32.16   -29.28   -30.19     0.000
   34.00    11.27   -20.77        34.00    11.27   -20.77     0.000
   32.57    -6.81    -3.85        32.57    -6.81    -3.85     0.000
   -8.51   -25.13   -38.10        -8.51   -25.13   -38.10     0.000
   10.48    22.95    -8.41        10.48    22.95    -8.41     0.000
  -22.24    11.12   -33.38       -22.24    11.12   -33.38     0.000
  -14.44    20.57    30.83       -14.44    20.57    30.83     0.000
  -42.70   -13.68   -27.55       -42.70   -13.68   -27.55     0.000
   18.24   -15.61    -3.54        18.24   -15.61    -3.54     0.000
   38.22    -0.74    -9.30        38.22    -0.74    -9.30     0.000
   22.10    18.51    29.25        22.10    18.51    29.25     0.000
   -5.69    -0.80    53.45        -5.69    -0.80    53.45     0.000
   23.72    20.49    18.48        23.72    20.49    18.48     0.000
  -15.76   -11.77   -48.51       -15.76   -11.77   -48.51     0.000
   18.90    -9.02     8.05        18.90    -9.02     8.05     0.000
   29.85    21.00    -5.69        29.85    21.00    -5.69     0.000
  -35.62   -24.86   -17.36       -35.62   -24.86   -17.36     0.000
   17.94   -11.69   -19.41        17.94   -11.69   -19.41     0.000
   23.20    12.88    39.23        23.20    12.88    39.23     0.000
   -3.33   -14.48   -39.68        -3.33   -14.48   -39.68     0.000
    6.61   -13.97   -20.57         6.61   -13.97   -20.57     0.000
  -22.41    12.22   -26.19       -22.41    12.22   -26.19     0.000
   -3.17     9.81    -7.36        -3.17     9.81    -7.36     0.000
   -3.71    20.89    38.05        -3.71    20.89    38.05     0.000
   38.68     1.58     7.26        38.68     1.58     7.26     0.000
   17.90   -13.05     0.50        17.90   -13.05     0.50     0.000
   21.95    16.95    33.61        21.95    16.95    33.61     0.000
   21.24    11.49    55.97        21.24    11.49    55.97     0.000
    0.13   -19.56   -15.45         0.13   -19.56   -15.45     0.000
   25.77    21.16    13.27        25.77    21.16    13.27     0.000
  -34.57   -26.22   -18.00       -34.57   -26.22   -18.00     0.000
    3.37    -9.10    20.34         3.37    -9.10    20.34     0.000
  -12.80    23.70    25.82       -12.80    23.70    25.82     0.000
   26.89    12.63    24.14        26.89    12.63    24.14     0.000
   -6.21    18.80    13.04        -6.21    18.80    13.04     0.000
   -3.44    -4.19    56.77        -3.44    -4.19    56.77     0.000
   -0.38   -19.33   -14.07        -0.38   -19.33   -14.07     0.000
   18.94    -8.96     8.23        18.94    -8.96     8.23     0.000
   23.86    22.77    12.03        23.86    22.77    12.03     0.000
   14.83    -4.90    56.78        14.83    -4.90    56.78     0.000
   -3.67    -3.84    57.46        -3.67    -3.84    57.46     0.000
   39.94     6.30     2.04        39.94     6.30     2.04     0.000
  -12.17     5.24     7.45       -12.17     5.24     7.45     0.000
   -2.34    15.62    57.45        -2.34    15.62    57.45     0.000
   30.00    20.97    -1.44        30.00    20.97    -1.44     0.000
   10.86    -7.97    18.63        10.86    -7.97    18.63     0.000
  -33.93    -7.68    -8.50       -33.93    -7.68    -8.50     0.000
  -39.08   -17.71   -37.59       -39.08   -17.71   -37.59     0.000
