200 PA4-E-Debug-Output.txt 0
   29.37    10.74   -28.29        29.36    10.75   -28.29     0.016
    7.20     9.53   -13.27         7.19     9.58   -13.31     0.071
   -6.84     4.23    59.60        -6.80     4.24    59.60     0.045
   -0.26    18.90    45.86        -0.26    18.88    45.86     0.020
   -8.60     3.49    27.61        -8.47     3.51    27.57     0.130
  -22.31   -32.64   -24.88       -22.29   -32.69   -24.88     0.048
   -4.56   -21.57   -36.87        -4.48   -21.62   -36.92     0.110
   19.61   -15.44    -3.88        19.60   -15.37    -3.94     0.091
  -18.82    11.67   -31.73       -18.82    11.71   -31.73     0.032
  -12.26    10.73    18.67       -12.27    10.73    18.68     0.007
   27.74    11.62    22.88        27.60    11.59    22.84     0.158
   30.92    18.73   -17.81        30.96    18.78   -17.82     0.067
  -25.98     0.09   -12.05       -26.01     0.13   -12.00     0.074
    8.70    -6.52    38.38         8.72    -6.62    38.38     0.103
   -9.42   -13.42    -1.13        -9.42   -13.45    -1.11     0.037
   34.41    16.19    -1.57        34.27    16.08    -1.54     0.176
   14.69    26.70    -3.80        14.66    26.85    -3.82     0.154
   14.46    10.21   -16.57        14.48    10.21   -16.55     0.029
  -11.88     2.85    14.56       -11.90     2.84    14.57     0.015
   12.13    11.76   -12.33        12.14    11.76   -12.31     0.020
   23.86   -15.03    -9.86        23.73   -14.87    -9.89     0.207
  -15.30   -13.21    -3.24       -15.31   -13.24    -3.21     0.040
  -41.56   -19.35   -23.47       -41.48   -19.32   -23.47     0.085
   29.59    13.11    17.16        29.59    13.12    17.16     0.016
   21.40    25.90     0.53        21.37    25.84     0.53     0.068
   21.78    -3.92    29.22        21.62    -3.71    29.15     0.278
   17.64    -7.02    16.04        17.69    -7.20    16.07     0.188
  -10.09     9.36   -23.02       -10.12     9.32   -23.01     0.049
   -7.23     5.08   -30.55        -7.24     5.08   -30.54     0.018
   -0.42   -15.12   -34.70        -0.40   -15.12   -34.70     0.021
   26.17    21.73    11.20        26.16    21.73    11.20     0.013
  -34.10   -26.82   -18.34       -34.09   -26.83   -18.34     0.011
  -38.17     3.34   -21.87       -38.23     3.39   -21.84     0.090
  -42.40    -2.12   -25.20       -42.43    -2.12   -25.19     0.030
  -25.94   -15.35   -47.78       -25.94   -15.35   -47.79     0.005
   13.00    23.86   -11.18        12.91    24.01   -11.23     0.180
   18.61    25.76   -10.72        18.60    25.89   -10.74     0.125
   -2.46    -5.31    45.05        -2.47    -5.37    45.06     0.058
   26.73     7.73   -30.28        26.72     7.74   -30.26     0.024
   27.09    22.92     4.30        27.08    22.91     4.30     0.015
   -4.70    -2.41    53.59        -4.69    -2.41    53.60     0.010
  -16.14    18.76    25.74       -16.17    18.76    25.74     0.024
  -22.09   -12.83   -47.82       -22.09   -12.82   -47.82     0.009
   25.44   -13.70   -16.75        25.44   -13.68   -16.75     0.015
   -6.51    -8.12   -43.74        -6.52    -8.12   -43.74     0.005
  -21.35    10.49   -35.52       -21.36    10.50   -35.53     0.013
  -16.63   -27.95   -13.72       -16.63   -27.93   -13.74     0.026
  -37.41   -10.38   -10.22       -37.50   -10.40   -10.15     0.114
   37.94    11.45     2.41        38.02    11.51     2.42     0.099
  -21.62   -10.22    -3.96       -21.58   -10.21    -4.01     0.066
  -28.68   -31.08   -29.58       -28.74   -31.24   -29.59     0.178
   34.40     0.10   -21.87        34.53     0.12   -21.95     0.148
  -17.55    10.94   -21.23       -17.58    10.88   -21.25     0.064
   34.88    15.89    -9.92        34.85    15.88    -9.92     0.037
    7.41   -12.99   -20.89         7.41   -12.97   -20.89     0.012
   33.25    14.82    10.44        33.21    14.79    10.41     0.059
   11.83    26.91     4.80        11.84    26.85     4.79     0.065
  -41.95   -16.75   -29.30       -41.98   -16.78   -29.32     0.045
   -4.06    18.98    11.64        -4.02    18.94    11.69     0.077
   11.03    -7.54    19.70        11.04    -7.62    19.72     0.088
   40.51     2.65    -4.09        40.33     2.78    -4.13     0.225
   31.13    -6.94     7.17        31.14    -6.95     7.18     0.020
   10.06    -6.73    50.88        10.06    -6.69    50.88     0.050
   21.20    -3.69   -24.61        21.23    -3.68   -24.58     0.042
   -0.28    16.74     4.14        -0.27    16.71     4.16     0.035
    9.46    -7.02    60.55         9.47    -7.08    60.55     0.058
  -40.85   -10.83   -31.07       -40.95   -10.88   -31.13     0.133
    8.22    23.13    26.54         8.21    23.16    26.55     0.040
  -28.58   -30.31   -19.31       -28.55   -30.27   -19.34     0.055
   17.82    17.67    53.04        17.75    17.60    53.03     0.091
    5.80   -12.71   -21.96         5.86   -12.76   -22.10     0.154
   -7.56   -21.36   -41.13        -7.55   -21.36   -41.13     0.011
   -0.29    -7.88    28.09        -0.30    -7.98    28.10     0.095
   33.72     2.36    13.77        33.72     2.37    13.77     0.010
   -5.81    -0.27    49.59        -5.83    -0.29    49.59     0.030
  -33.50    -7.51    -8.46       -33.49    -7.54    -8.50     0.047
  -39.48   -22.00   -21.72       -39.57   -22.07   -21.71     0.117
  -34.53     6.73   -21.42       -34.47     6.65   -21.44     0.100
   35.88     6.33   -18.67        35.92     6.35   -18.69     0.056
  -12.11     9.13    20.79       -12.06     9.14    20.80     0.057
   16.81    22.10    30.24        16.80    22.09    30.24     0.010
   -4.20    -3.14    52.50        -4.08    -3.05    52.48     0.154
   -2.98    -0.18    63.38        -2.98    -0.19    63.42     0.046
   10.18    23.03    27.81        10.17    23.02    27.81     0.013
  -44.29   -10.04   -25.07       -44.26   -10.05   -25.06     0.034
   25.57    14.10   -28.63        25.56    14.10   -28.62     0.015
   18.45   -11.15   -19.97        18.44   -11.18   -20.01     0.045
   29.09    -1.30    18.56        29.07    -1.27    18.54     0.042
   26.52     1.78    27.15        26.66     1.73    27.20     0.154
  -20.25    -9.72    -3.38       -20.25    -9.72    -3.37     0.010
   -8.21    11.01     8.07        -8.14    10.94     8.10     0.105
  -27.43   -26.96   -12.06       -27.46   -27.02   -12.03     0.076
   -8.45    10.84     9.14        -8.53    10.91     9.12     0.109
    7.92    23.79    21.50         7.91    23.91    21.52     0.131
   31.37    12.76    14.10        31.34    12.76    14.09     0.031
    5.81    -7.08    34.68         5.81    -7.07    34.68     0.012
  -22.02    -1.09    -8.38       -22.13    -0.99    -8.25     0.197
  -16.58    -1.47     0.99       -16.69    -1.45     1.06     0.133
  -39.56     2.39   -29.32       -39.53     2.36   -29.31     0.056
   24.21    18.39    22.94        24.16    18.36    22.93     0.061
  -17.41   -30.59   -35.70       -17.41   -30.55   -35.68     0.049
   13.44    -8.41    14.18        13.45    -8.40    14.18     0.011
   -4.05   -15.92    -4.51        -4.04   -15.91    -4.52     0.009
  -39.53     2.39   -28.53       -39.54     2.38   -28.52     0.011
    6.52   -15.00   -18.99         6.46   -14.93   -18.97     0.090
   15.68    21.42    38.18        15.72    21.63    38.17     0.215
   30.10    14.00    15.79        29.91    13.89    15.74     0.228
   -3.70     8.40    63.32        -3.67     8.37    63.26     0.077
   18.27    12.13    63.01        18.28    12.13    63.12     0.108
    0.88    20.38    41.40         0.87    20.42    41.41     0.038
  -32.11   -11.86   -46.67       -32.10   -11.87   -46.63     0.035
  -17.52     0.24    -2.37       -17.54     0.24    -2.36     0.025
   -6.90    -0.48    33.35        -6.81    -0.47    33.34     0.089
   37.92     1.41   -13.62        37.95     1.43   -13.63     0.036
    5.90    21.34    36.60         5.90    21.45    36.61     0.108
  -30.65   -27.62   -15.94       -30.65   -27.63   -15.93     0.013
  -12.41     1.31    11.43       -12.44     1.31    11.44     0.027
    8.77   -13.58   -18.92         8.78   -13.57   -18.92     0.008
    2.03    10.25   -10.36         1.98    10.39   -10.40     0.155
   20.50    19.07    33.76        20.58    19.12    33.78     0.099
   -4.47   -12.56     2.29        -4.47   -12.54     2.29     0.014
  -28.47   -25.53   -11.25       -28.47   -25.54   -11.24     0.022
    6.94    -6.41    63.26         6.94    -6.41    63.25     0.013
  -32.59     7.32   -19.05       -32.58     7.29   -19.05     0.035
   -7.92    21.10    37.13        -7.87    20.94    37.03     0.195
   18.81   -13.90    -1.34        18.77   -13.79    -1.41     0.139
   31.40    -7.35     5.26        31.45    -7.41     5.27     0.077
   24.44     0.12    33.02        24.32     0.18    32.99     0.138
   -6.82     8.42    45.75        -6.81     8.41    45.76     0.013
   25.06    24.18    -7.16        25.03    24.12    -7.16     0.069
  -37.44   -23.73   -34.21       -37.33   -23.66   -34.17     0.139
   10.06    24.42    19.72        10.05    24.26    19.70     0.156
   -4.64   -23.20   -16.77        -4.58   -23.28   -16.73     0.108
   11.22    13.44   -11.33        11.22    13.45   -11.33     0.009
  -26.28   -29.10   -15.19       -26.26   -29.05   -15.22     0.065
  -31.25   -27.11   -15.70       -31.24   -27.11   -15.70     0.011
   25.25     7.39    34.81        25.13     7.38    34.79     0.123
    2.73   -11.65    10.55         2.74   -11.60    10.53     0.059
  -12.66     4.47     7.90       -12.68     4.48     7.90     0.029
  -24.17   -30.59   -35.44       -24.19   -30.73   -35.50     0.146
   12.53    12.91    63.02        12.53    12.91    63.10     0.073
  -42.74   -16.05   -22.98       -42.71   -16.05   -22.98     0.027
   -5.56    -5.25    29.02        -5.52    -5.22    29.02     0.046
   -6.94     5.07    59.63        -7.10     5.06    59.63     0.154
  -30.64   -19.04    -7.95       -30.63   -19.05    -7.97     0.023
   -4.90    14.23     7.69        -4.88    14.20     7.72     0.051
   -4.11    -3.06    53.96        -4.17    -3.12    53.95     0.089
  -14.05    22.64    25.97       -14.11    22.69    25.97     0.073
  -38.13    -0.25   -37.72       -38.09    -0.29   -37.68     0.066
   13.26    25.05    14.34        13.27    25.11    14.36     0.058
  -15.19   -31.90   -25.64       -15.19   -31.85   -25.65     0.049
   -8.33    11.21     8.73        -8.22    11.10     8.78     0.162
   -7.11     6.47    57.02        -7.09     6.46    57.02     0.022
   -1.25    12.00    63.00        -1.26    12.00    63.03     0.033
  -28.19   -21.58    -7.71       -28.18   -21.58    -7.73     0.026
  -21.47    -0.71   -46.72       -21.48    -0.71   -46.71     0.009
   -3.21   -20.81   -13.66        -3.21   -20.80   -13.67     0.017
  -42.09    -9.70   -17.47       -42.13    -9.71   -17.45     0.055
    7.45    -7.11    50.07         7.45    -6.95    50.09     0.157
  -23.49   -28.21   -13.26       -23.48   -28.20   -13.27     0.012
  -22.88     5.37   -14.23       -22.89     5.39   -14.20     0.032
  -39.69     1.89   -22.63       -39.74     1.91   -22.61     0.062
   -9.26   -27.10   -16.66        -9.35   -27.00   -16.74     0.151
  -10.37   -18.11   -44.74       -10.37   -18.11   -44.74     0.006
    0.03    21.68    11.13         0.07    21.60    11.16     0.100
   32.34    18.63     3.07        32.41    18.71     3.08     0.109
   21.16   -13.75    -3.15        21.17   -13.75    -3.14     0.010
   20.57    -1.09    46.48        20.61    -1.13    46.49     0.061
    3.04     8.67    63.34         3.04     8.66    63.40     0.051
   -2.50   -10.63   -39.25        -2.49   -10.63   -39.26     0.014
    6.58    19.66    57.64         6.53    19.80    57.65     0.142
  -34.46    -2.62   -10.76       -34.53    -2.63   -10.71     0.086
   22.00    17.86   -28.71        21.99    17.87   -28.71     0.015
   21.36     4.64    59.36        21.08     4.70    59.33     0.291
   13.97    22.69    30.64        13.95    22.59    30.65     0.104
   -3.54    -5.16    38.62        -3.50    -5.13    38.61     0.052
   23.70     9.25    42.34        23.67     9.25    42.34     0.028
   -2.00    -6.44    35.30        -1.99    -6.44    35.30     0.009
  -36.84   -25.84   -27.84       -36.87   -25.89   -27.84     0.058
   -7.22    11.51    42.30        -7.19    11.50    42.30     0.027
  -41.51   -19.40   -22.96       -41.42   -19.37   -22.96     0.094
  -11.79    15.39    36.11       -11.77    15.39    36.10     0.023
  -25.64    -6.36   -47.87       -25.64    -6.37   -47.84     0.031
   -1.05   -10.34   -34.77        -1.03   -10.33   -34.78     0.030
  -28.18     2.77   -13.38       -28.18     2.76   -13.38     0.008
   -4.95    13.45    50.95        -4.95    13.45    50.95     0.009
   -6.23     2.51   -32.12        -6.09     2.57   -32.12     0.146
  -28.65    10.51   -22.74       -28.65    10.49   -22.74     0.022
   -0.31   -20.47   -25.73        -0.29   -20.47   -25.74     0.021
   -3.90    -9.61    14.34        -3.93    -9.69    14.35     0.084
   -2.06   -10.85   -37.81        -1.99   -10.85   -37.83     0.071
  -11.12   -19.17   -44.95       -11.11   -19.17   -44.95     0.012
  -25.61    11.62   -24.67       -25.62    11.65   -24.67     0.031
   -4.03   -19.49   -38.42        -4.02   -19.49   -38.43     0.012
    4.48   -17.35   -15.20         4.46   -17.29   -15.20     0.063
   16.73     7.14    63.16        16.73     7.14    63.15     0.011
  -41.54    -2.40   -32.28       -41.47    -2.43   -32.25     0.082
  -34.68    -8.37    -8.37       -34.70    -8.35    -8.31     0.068
    7.18    18.85    61.40         7.19    18.91    61.46     0.081
    7.58    -6.00    63.37         7.58    -6.01    63.42     0.048
